1400885497769,3.36, 35.86, 366.52
1400885497769,3.40, 36.23, 366.62
1400885497769,3.53, 37.70, 367.01
1400885497769,3.45, 37.47, 366.78
1400885497777,3.36, 37.20, 366.52
1400885497872,3.82, 37.88, 366.96
1400885497872,4.04, 38.21, 367.17
1400885497872,3.04, 37.22, 366.21
1400885497872,3.05, 37.18, 366.17
1400885497872,3.36, 36.87, 365.86
1400885497932,3.36, 36.87, 366.30
1400885497934,3.36, 36.87, 367.17
1400885497934,4.21, 36.96, 366.71
1400885497934,4.88, 37.03, 366.35
1400885497993,5.16, 37.32, 365.53
1400885497994,5.21, 37.37, 365.37
1400885497994,4.71, 35.86, 367.17
1400885497999,4.50, 36.00, 367.17
1400885498059,3.70, 36.53, 367.17
1400885498059,3.70, 36.53, 366.89
1400885498059,3.70, 36.53, 366.52
1400885498059,2.98, 37.01, 366.99
1400885498127,2.69, 37.20, 367.17
1400885498127,2.69, 37.51, 365.97
1400885498127,2.79, 37.45, 365.94
1400885498136,4.37, 36.20, 367.17
1400885498202,4.01, 36.35, 366.92
1400885498202,3.20, 36.70, 366.35
1400885498202,3.39, 35.92, 366.35
1400885498202,3.53, 35.36, 366.35
1400885498269,2.74, 36.94, 366.35
1400885498269,2.52, 37.37, 366.35
1400885498269,4.54, 37.37, 365.37
1400885498269,4.03, 37.10, 365.71
1400885498332,2.35, 36.20, 366.84
1400885498332,2.27, 36.60, 366.76
1400885498332,2.19, 37.03, 366.68
1400885498332,2.54, 36.91, 366.33
1400885498399,2.69, 36.87, 366.19
1400885498400,2.85, 36.39, 366.66
1400885498400,2.76, 36.34, 366.54
1400885498401,2.02, 36.20, 365.53
1400885498460,2.42, 36.37, 365.93
1400885498460,3.20, 36.70, 366.68
1400885498460,3.69, 36.80, 365.61
1400885498461,4.04, 36.87, 364.87
1400885498537,3.89, 37.29, 366.67
1400885498537,3.87, 37.37, 367.01
1400885498537,4.37, 37.20, 366.19
1400885498537,3.94, 37.24, 366.00
1400885498594,2.52, 37.37, 365.37
1400885498594,2.92, 36.82, 365.44
1400885498594,3.36, 36.20, 365.53
1400885498596,3.72, 36.08, 365.42
1400885498662,3.87, 36.03, 365.37
1400885498662,4.35, 37.46, 365.84
1400885498662,4.25, 37.63, 365.95
1400885498673,3.03, 38.54, 366.84
1400885498729,3.14, 38.43, 366.51
1400885498729,3.36, 38.21, 365.86
1400885498729,3.36, 38.41, 365.67
1400885498732,3.36, 38.54, 365.53
1400885498745,3.50, 39.81, 367.05
1400885498797,3.53, 40.05, 367.34
1400885498797,2.52, 40.72, 365.37
1400885498804,2.56, 40.53, 365.41
1400885498865,2.69, 39.88, 365.53
1400885498865,2.29, 40.28, 365.15
1400885498865,1.85, 40.72, 364.71
1400885498865,1.61, 40.96, 365.18
1400885498879,1.51, 41.06, 365.37
1400885498931,1.83, 41.06, 364.12
1400885498931,1.75, 41.21, 364.00
1400885498938,0.84, 42.73, 363.40
1400885498998,1.07, 42.62, 362.72
1400885498999,1.51, 42.40, 361.43
1400885498999,1.01, 42.69, 361.72
1400885498999,0.67, 42.90, 361.92
1400885499013,0.25, 43.89, 360.95
1400885499068,0.17, 44.07, 360.77
1400885499068,-0.84, 43.07, 361.76
1400885499073,-0.73, 43.48, 361.50
1400885499134,-0.34, 44.91, 360.61
1400885499134,-0.73, 45.77, 358.84
1400885499134,-1.18, 46.75, 356.84
1400885499134,-1.18, 49.58, 358.22
1400885499201,-1.18, 50.78, 358.80
1400885499201,0.26, 56.04, 358.02
1400885499201,0.27, 56.71, 358.11
1400885499210,-0.34, 60.66, 359.30
1400885499269,0.76, 62.33, 360.48
1400885499269,2.86, 65.52, 362.74
1400885499269,3.66, 67.91, 363.91
1400885499270,4.20, 69.54, 364.71
1400885499282,7.04, 74.06, 368.31
1400885499335,7.57, 74.91, 368.98
1400885499335,12.61, 74.91, 370.29
1400885499342,13.41, 75.40, 371.00
1400885499403,16.14, 77.09, 373.41
1400885499403,18.57, 76.33, 372.81
1400885499403,21.53, 75.41, 372.09
1400885499404,24.71, 76.70, 373.36
1400885499416,26.07, 77.25, 373.90
1400885499471,27.83, 78.05, 372.81
1400885499471,27.90, 77.89, 372.49
1400885499476,27.75, 75.91, 369.96
1400885499538,27.63, 76.03, 369.17
1400885499538,27.41, 76.25, 367.66
1400885499538,29.70, 76.94, 366.98
1400885499539,31.28, 77.42, 366.52
1400885499550,35.53, 77.28, 365.04
1400885499605,36.49, 77.25, 364.71
1400885499605,39.69, 78.09, 360.94
1400885499610,40.33, 78.36, 360.23
1400885499674,42.55, 79.26, 357.82
1400885499674,43.38, 79.04, 356.56
1400885499674,44.40, 78.76, 355.03
1400885499674,44.75, 78.64, 353.31
1400885499687,44.90, 78.59, 352.57
1400885499741,44.10, 79.39, 351.48
1400885499741,44.12, 79.53, 351.33
1400885499747,44.73, 80.44, 350.44
1400885499810,45.08, 81.13, 349.99
1400885499814,45.74, 82.45, 349.13
1400885499814,46.54, 83.64, 349.51
1400885499814,47.09, 84.46, 349.78
1400885499819,46.53, 86.92, 348.44
1400885499888,46.41, 87.48, 348.14
1400885499889,46.92, 88.98, 348.30
1400885499889,46.88, 90.24, 348.64
1400885499952,46.75, 94.51, 349.78
1400885499952,47.28, 97.47, 348.97
1400885499952,47.93, 101.05, 347.98
1400885499952,46.98, 104.81, 348.21
1400885499953,46.58, 106.41, 348.30
1400885500017,48.02, 114.23, 348.15
1400885500017,48.20, 115.42, 347.97
1400885500017,49.27, 123.17, 346.34
1400885500085,50.25, 126.79, 345.83
1400885500085,52.13, 133.73, 344.86
1400885500085,51.45, 139.02, 344.58
1400885500085,50.95, 142.94, 344.37
1400885500088,50.82, 150.47, 343.43
1400885500150,50.79, 152.16, 343.22
1400885500151,52.64, 162.05, 341.09
1400885500151,53.01, 164.51, 340.86
1400885500219,54.48, 174.28, 339.94
1400885500219,54.86, 178.90, 338.68
1400885500219,55.33, 184.50, 337.15
1400885500219,53.56, 193.56, 335.88
1400885500225,52.80, 197.41, 335.34
1400885500286,53.12, 212.40, 333.78
1400885500286,53.16, 215.07, 333.35
1400885500286,53.31, 233.77, 329.93
1400885500355,53.70, 241.17, 328.13
1400885500355,54.48, 256.06, 324.52
1400885500355,58.54, 274.53, 318.30
1400885500355,61.55, 288.23, 313.69
1400885500356,69.78, 315.87, 302.97
1400885500418,71.64, 322.09, 300.56
1400885500418,76.68, 361.97, 287.44
1400885500418,77.56, 370.95, 284.46
1400885500430,81.05, 406.54, 272.67
1400885500490,79.53, 426.52, 266.30
1400885500490,77.69, 450.79, 258.56
1400885500490,65.89, 465.13, 260.87
1400885500490,60.87, 471.23, 261.84
1400885500552,40.87, 465.97, 280.42
1400885500552,38.37, 464.94, 282.69
1400885500552,23.88, 457.49, 295.64
1400885500565,21.53, 460.05, 296.40
1400885500634,16.82, 465.20, 297.94
1400885500634,15.85, 476.93, 294.36
1400885500634,15.14, 485.64, 291.70
1400885500634,15.14, 496.04, 283.13
1400885500642,15.14, 498.38, 281.20
1400885500724,16.98, 501.56, 266.60
1400885500725,17.93, 504.20, 265.28
1400885500725,21.69, 514.63, 260.04
1400885500725,23.82, 519.47, 253.37
1400885500729,26.40, 525.36, 245.27
1400885500790,32.66, 539.35, 232.73
1400885500790,35.31, 545.30, 227.39
1400885500790,39.96, 546.10, 211.62
1400885500857,40.33, 545.38, 210.29
1400885500857,41.71, 537.93, 205.08
1400885500857,41.93, 538.04, 202.90
1400885500857,42.38, 538.26, 198.52
1400885500863,40.83, 542.69, 194.94
1400885500927,39.69, 545.97, 192.28
1400885500927,32.00, 546.52, 191.21
1400885500927,30.27, 546.64, 190.97
1400885500991,22.87, 552.00, 191.62
1400885500991,21.68, 551.70, 192.45
1400885500992,16.98, 550.49, 195.73
1400885500992,13.64, 550.49, 195.28
1400885501000,9.59, 550.49, 194.74
1400885501059,8.64, 553.79, 192.90
1400885501059,8.24, 555.19, 192.12
1400885501059,3.44, 563.80, 189.31
1400885501073,2.70, 564.91, 188.95
1400885501143,-2.35, 571.78, 186.70
1400885501143,-4.64, 574.95, 184.47
1400885501143,-9.25, 581.33, 179.98
1400885501143,-12.74, 587.62, 177.49
1400885501147,-15.47, 592.56, 175.55
1400885501212,-21.20, 601.25, 170.76
1400885501212,-22.53, 603.28, 169.64
1400885501212,-33.63, 613.34, 165.37
1400885501222,-35.13, 615.30, 164.32
1400885501285,-41.03, 623.06, 160.13
1400885501286,-44.60, 627.37, 158.27
1400885501286,-48.94, 632.61, 156.02
1400885501286,-55.66, 640.72, 152.92
1400885501345,-58.52, 644.17, 151.59
1400885501346,-66.84, 658.20, 147.54
1400885501346,-68.17, 660.06, 147.18
1400885501358,-77.36, 671.65, 145.69
1400885501412,-79.48, 675.33, 145.25
1400885501412,-83.75, 682.71, 144.38
1400885501412,-90.44, 690.70, 143.36
1400885501417,-95.68, 696.96, 142.57
1400885501479,-104.95, 710.54, 140.98
1400885501479,-107.12, 713.71, 140.60
1400885501479,-119.06, 730.64, 138.14
1400885501490,-121.59, 734.47, 138.11
1400885501547,-132.01, 750.25, 137.98
1400885501547,-137.97, 756.48, 137.47
1400885501547,-145.63, 764.49, 136.83
1400885501550,-152.83, 772.57, 137.05
1400885501615,-156.39, 776.56, 137.16
1400885501615,-163.51, 787.03, 137.76
1400885501615,-164.90, 788.88, 137.85
1400885501624,-176.91, 803.37, 138.47
1400885501682,-181.19, 807.74, 138.78
1400885501682,-190.70, 817.45, 139.45
1400885501682,-198.33, 826.74, 140.65
1400885501684,-204.32, 834.04, 141.59
1400885501750,-214.54, 847.75, 144.91
1400885501750,-216.93, 850.96, 145.69
1400885501750,-227.86, 857.50, 150.45
1400885501759,-229.87, 859.89, 151.25
1400885501819,-238.12, 869.73, 154.55
1400885501819,-243.79, 876.11, 155.34
1400885501819,-251.07, 884.31, 156.35
1400885501819,-255.57, 890.81, 159.21
1400885501887,-257.80, 894.03, 160.62
1400885501887,-261.66, 896.65, 160.47
1400885501887,-262.06, 897.14, 160.49
1400885501894,-263.01, 901.24, 161.11
1400885501951,-265.25, 903.78, 161.16
1400885501951,-270.24, 909.45, 161.27
1400885501951,-274.10, 912.73, 161.92
1400885501954,-277.13, 915.31, 162.42
1400885502020,-282.18, 919.79, 162.82
1400885502020,-283.36, 920.84, 162.91
1400885502020,-284.87, 922.02, 164.06
1400885502027,-285.20, 922.15, 163.74
1400885502086,-286.55, 922.69, 162.42
1400885502086,-286.40, 923.56, 162.57
1400885502086,-286.22, 924.70, 162.75
1400885502087,-286.10, 923.91, 162.64
1400885502156,-286.05, 923.52, 162.59
1400885502156,-286.98, 923.83, 162.89
1400885502156,-287.23, 923.85, 162.73
1400885502161,-289.92, 923.69, 159.80
1400885502222,-290.02, 924.31, 160.51
1400885502222,-290.25, 925.70, 162.09
1400885502222,-289.59, 925.79, 161.08
1400885502222,-289.07, 925.87, 160.29
1400885502236,-289.48, 924.65, 159.89
1400885502290,-289.58, 924.36, 159.80
1400885502290,-290.92, 925.70, 159.47
1400885502296,-290.70, 925.81, 159.97
1400885502357,-289.58, 926.37, 162.42
1400885502357,-289.30, 925.67, 161.60
1400885502357,-288.91, 924.70, 160.45
1400885502358,-288.46, 925.14, 160.24
1400885502425,-288.23, 925.37, 160.13
1400885502425,-289.47, 923.83, 159.22
1400885502425,-289.52, 923.59, 159.12
1400885502431,-288.57, 922.02, 158.81
1400885502492,-288.84, 922.02, 159.26
1400885502492,-289.58, 922.02, 160.45
1400885502492,-289.67, 922.29, 160.19
1400885502493,-289.75, 922.52, 159.96
1400885502506,-289.87, 923.91, 161.07
1400885502560,-289.92, 924.36, 161.44
1400885502560,-289.92, 924.70, 159.47
1400885502566,-289.94, 924.77, 159.45
1400885502626,-290.08, 925.20, 159.30
1400885502626,-290.36, 925.20, 159.17
1400885502626,-290.76, 925.20, 158.98
1400885502626,-291.08, 925.94, 159.71
1400885502640,-291.26, 926.37, 160.13
1400885502696,-292.34, 927.14, 159.67
1400885502696,-292.43, 927.16, 159.60
1400885502700,-292.27, 925.37, 158.48
1400885502761,-292.03, 925.51, 159.10
1400885502761,-291.43, 925.87, 160.62
1400885502761,-292.29, 926.21, 159.44
1400885502761,-293.11, 926.54, 158.32
1400885502774,-293.52, 925.06, 158.45
1400885502834,-293.61, 924.70, 158.48
1400885502834,-294.29, 923.69, 157.18
1400885502834,-294.26, 923.86, 157.20
1400885502911,-294.12, 924.86, 157.34
1400885502912,-294.06, 923.76, 157.65
1400885502912,-293.95, 922.02, 158.16
1400885502912,-294.51, 922.79, 157.40
1400885502912,-294.79, 923.19, 157.01
1400885502924,-296.13, 922.15, 156.86
1400885502984,-296.32, 922.02, 156.83
1400885502984,-296.64, 922.35, 156.19
1400885502984,-296.78, 922.21, 155.79
1400885503049,-297.15, 921.85, 154.71
1400885503049,-298.52, 921.57, 154.80
1400885503049,-299.67, 921.34, 154.88
1400885503049,-301.17, 920.84, 155.12
1400885503058,-301.69, 920.67, 155.20
1400885503138,-301.69, 921.34, 153.56
1400885503138,-301.89, 920.86, 153.41
1400885503138,-303.20, 917.83, 152.41
1400885503138,-303.67, 917.89, 152.09
1400885503202,-304.38, 917.99, 151.59
1400885503202,-304.70, 917.67, 152.12
1400885503202,-304.88, 917.49, 152.41
1400885503202,-305.63, 916.74, 151.40
1400885503275,-305.75, 916.62, 151.22
1400885503275,-306.73, 915.65, 149.62
1400885503275,-307.17, 915.69, 149.30
1400885503275,-308.24, 915.81, 148.48
1400885503282,-306.99, 914.57, 148.72
1400885503347,-305.72, 913.30, 148.97
1400885503347,-304.38, 911.96, 150.02
1400885503348,-304.04, 911.63, 150.28
1400885503348,-304.38, 913.96, 150.28
1400885503403,-303.86, 914.09, 150.35
1400885503403,-300.85, 914.81, 150.77
1400885503403,-299.41, 913.25, 150.27
1400885503416,-297.15, 910.79, 149.46
1400885503469,-291.28, 904.94, 147.19
1400885503469,-288.23, 901.91, 146.02
1400885503469,-278.98, 894.13, 143.20
1400885503537,-277.10, 892.48, 142.61
1400885503537,-264.86, 879.95, 138.30
1400885503537,-260.83, 875.57, 136.85
1400885503537,-249.89, 863.70, 132.89
1400885503550,-243.30, 855.70, 130.11
1400885503608,-237.45, 848.62, 127.64
1400885503608,-230.17, 842.61, 123.24
1400885503608,-227.69, 840.57, 121.73
1400885503674,-227.69, 837.89, 113.53
1400885503675,-227.88, 837.94, 113.13
1400885503675,-229.04, 838.23, 110.58
1400885503675,-231.66, 839.90, 109.99
1400885503687,-235.60, 842.41, 109.10
1400885503740,-238.28, 842.95, 106.28
1400885503740,-239.80, 843.25, 104.67
1400885503740,-246.43, 851.09, 105.42
1400885503835,-247.43, 852.17, 105.48
1400885503835,-261.49, 865.54, 105.16
1400885503835,-266.91, 871.03, 104.69
1400885503836,-280.33, 884.65, 103.52
1400885503836,-293.93, 895.70, 103.12
1400885503836,-307.74, 906.93, 102.70
1400885503905,-324.23, 916.42, 111.99
1400885503905,-328.42, 918.83, 114.35
1400885503905,-340.48, 920.83, 124.16
1400885503962,-340.34, 920.46, 124.06
1400885503962,-339.19, 918.16, 123.21
1400885503962,-339.77, 917.84, 123.40
1400885503962,-340.70, 917.32, 123.70
1400885503967,-343.36, 916.66, 121.11
1400885504026,-344.74, 916.32, 119.77
1400885504027,-352.69, 913.29, 114.83
1400885504027,-354.41, 912.71, 113.73
1400885504098,-368.62, 909.95, 104.02
1400885504098,-373.10, 907.46, 100.17
1400885504099,-385.26, 900.73, 89.74
1400885504099,-393.64, 894.51, 83.65
1400885504105,-401.07, 889.00, 78.26
1400885504165,-403.58, 884.50, 75.57
1400885504165,-404.43, 882.97, 74.65
1400885504165,-409.96, 877.46, 72.53
1400885504229,-410.03, 877.12, 72.29
1400885504229,-410.32, 875.09, 70.88
1400885504229,-409.31, 873.42, 72.91
1400885504229,-407.80, 870.90, 75.96
1400885504237,-406.41, 869.73, 76.69
1400885504295,-405.61, 869.06, 77.11
1400885504295,-405.61, 865.68, 74.70
1400885504296,-405.59, 865.46, 74.53
1400885504311,-404.94, 868.39, 76.12
1400885504363,-405.47, 867.76, 76.17
1400885504363,-406.79, 866.21, 76.29
1400885504364,-406.21, 865.46, 76.37
1400885504371,-405.61, 864.70, 76.45
1400885504430,-405.61, 866.57, 77.76
1400885504430,-405.61, 867.05, 78.09
1400885504430,-406.78, 868.88, 74.01
1400885504445,-406.86, 869.20, 73.88
1400885504498,-407.29, 871.07, 73.17
1400885504498,-408.40, 871.65, 73.11
1400885504498,-410.15, 872.58, 73.01
1400885504505,-412.26, 877.10, 68.80
1400885504565,-413.35, 879.45, 66.61
1400885504565,-415.52, 882.47, 63.37
1400885504565,-415.79, 883.04, 62.86
1400885504635,-413.18, 885.31, 63.82
1400885504635,-412.56, 885.36, 64.26
1400885504635,-410.66, 885.48, 65.62
1400885504635,-410.23, 885.57, 65.71
1400885504642,-409.82, 885.65, 65.79
1400885504702,-409.19, 884.27, 66.65
1400885504702,-408.98, 883.81, 66.94
1400885504702,-405.44, 884.98, 70.05
1400885504714,-405.65, 884.96, 70.21
1400885504770,-406.96, 884.81, 71.20
1400885504770,-407.43, 886.35, 70.61
1400885504770,-408.13, 888.67, 69.73
1400885504774,-409.38, 888.46, 68.71
1400885504839,-410.15, 888.33, 68.09
1400885504839,-411.23, 887.56, 67.94
1400885504839,-411.33, 887.49, 67.92
1400885504848,-412.51, 888.33, 67.76
1400885504904,-412.64, 888.20, 67.89
1400885504904,-413.01, 887.83, 68.25
1400885504904,-413.18, 887.99, 67.44
1400885504908,-413.35, 888.16, 66.61
1400885504970,-412.96, 887.26, 66.48
1400885504970,-412.84, 886.99, 66.45
1400885504970,-414.18, 887.99, 67.10
1400885504982,-414.36, 887.92, 66.89
1400885505039,-415.37, 887.49, 65.62
1400885505039,-415.05, 887.30, 65.32
1400885505039,-414.52, 886.99, 64.80
1400885505042,-416.30, 886.55, 65.67
1400885505105,-417.21, 886.32, 66.12
1400885505105,-418.51, 886.75, 64.58
1400885505105,-418.73, 886.82, 64.31
1400885505119,-422.93, 884.31, 63.16
1400885505174,-425.08, 883.81, 62.12
1400885505174,-431.68, 882.30, 58.90
1400885505174,-433.57, 878.52, 57.22
1400885505179,-435.38, 874.93, 55.62
1400885505240,-434.50, 870.80, 55.25
1400885505240,-434.20, 869.40, 55.13
1400885505240,-434.03, 872.24, 54.96
1400885505251,-433.45, 873.49, 55.18
1400885505309,-429.66, 881.63, 56.60
1400885505309,-430.26, 881.56, 56.41
1400885505310,-431.17, 881.46, 56.11
1400885505311,-430.97, 880.84, 56.72
1400885505375,-430.84, 880.46, 57.09
1400885505375,-430.99, 880.91, 56.04
1400885505375,-431.00, 880.96, 55.94
1400885505385,-431.17, 880.46, 56.77
1400885505444,-431.22, 880.41, 56.55
1400885505444,-431.34, 880.29, 55.94
1400885505444,-431.76, 880.54, 56.35
1400885505445,-432.18, 880.79, 56.77
1400885505511,-429.33, 881.82, 57.53
1400885505511,-428.48, 882.13, 57.75
1400885505511,-428.81, 882.78, 59.02
1400885505519,-428.41, 882.30, 59.97
1400885505580,-425.96, 879.28, 65.46
1400885505580,-423.81, 878.21, 66.39
1400885505580,-419.91, 876.27, 68.09
1400885505580,-416.86, 875.18, 70.85
1400885505646,-415.20, 874.59, 72.35
1400885505646,-415.63, 875.88, 73.33
1400885505646,-415.70, 876.10, 73.50
1400885505656,-413.18, 874.93, 74.32
1400885505713,-412.89, 875.05, 74.85
1400885505713,-412.00, 875.43, 76.45
1400885505713,-412.43, 876.37, 75.53
1400885505716,-412.84, 877.27, 74.65
1400885505780,-412.09, 876.77, 74.89
1400885505780,-411.83, 876.60, 74.98
1400885505780,-412.67, 878.11, 74.48
1400885505789,-412.83, 877.82, 74.46
1400885505854,-413.85, 875.93, 74.32
1400885505854,-413.92, 876.88, 74.13
1400885505854,-414.02, 878.44, 73.83
1400885505854,-414.73, 878.34, 74.52
1400885505930,-415.20, 878.28, 74.98
1400885505930,-416.43, 877.66, 73.48
1400885505930,-416.54, 877.61, 73.34
1400885505930,-415.37, 879.45, 72.84
1400885505937,-415.28, 879.36, 72.93
1400885506004,-415.03, 879.12, 73.17
1400885506004,-415.11, 878.71, 72.78
1400885506004,-415.20, 878.28, 72.35
1400885506004,-414.81, 879.70, 72.23
1400885506015,-414.69, 880.12, 72.19
1400885506067,-416.15, 885.13, 71.08
1400885506067,-416.34, 885.56, 70.73
1400885506074,-417.38, 887.49, 68.25
1400885506136,-417.68, 888.15, 67.61
1400885506136,-418.22, 889.34, 66.45
1400885506136,-417.17, 889.76, 67.27
1400885506137,-416.54, 890.01, 67.76
1400885506147,-415.10, 890.58, 65.79
1400885506207,-414.86, 890.68, 65.46
1400885506207,-413.01, 886.49, 66.61
1400885506208,-413.18, 887.15, 66.45
1400885506270,-413.68, 889.17, 65.95
1400885506271,-414.09, 889.89, 64.61
1400885506271,-414.52, 890.68, 63.16
1400885506271,-414.52, 891.17, 62.92
1400885506280,-414.52, 891.35, 62.84
1400885506339,-414.86, 892.69, 64.15
1400885506339,-414.91, 892.60, 64.11
1400885506340,-415.20, 892.02, 63.82
1400885506405,-415.33, 891.26, 63.82
1400885506405,-415.53, 890.01, 63.82
1400885506405,-415.13, 889.80, 64.61
1400885506405,-414.86, 889.67, 65.13
1400885506414,-414.71, 891.30, 64.41
1400885506473,-414.69, 891.52, 64.31
1400885506473,-415.53, 890.68, 62.18
1400885506474,-415.88, 891.10, 62.60
1400885506540,-416.88, 892.35, 63.82
1400885506540,-415.51, 891.79, 64.69
1400885506540,-414.02, 891.18, 65.62
1400885506540,-406.89, 881.23, 72.33
1400885506552,-404.77, 878.28, 74.32
1400885506607,-397.96, 872.13, 78.44
1400885506607,-397.41, 870.89, 79.32
1400885506609,-395.02, 862.86, 85.15
1400885506675,-394.36, 862.68, 84.86
1400885506676,-393.17, 862.36, 84.33
1400885506676,-393.59, 861.94, 84.94
1400885506676,-393.84, 861.69, 85.31
1400885506684,-394.99, 858.25, 87.56
1400885506742,-395.19, 857.66, 87.94
1400885506742,-374.00, 848.95, 99.75
1400885506744,-374.00, 848.79, 100.22
1400885506810,-374.00, 848.28, 101.72
1400885506810,-377.96, 849.31, 99.20
1400885506810,-381.73, 850.29, 96.80
1400885506810,-386.23, 854.77, 93.60
1400885506818,-387.95, 856.49, 92.37
1400885506878,-392.16, 861.02, 87.61
1400885506878,-392.25, 861.14, 87.39
1400885506878,-393.00, 862.19, 85.48
1400885506946,-393.77, 861.05, 85.98
1400885506946,-395.02, 859.17, 86.79
1400885506946,-393.70, 859.48, 87.88
1400885506946,-392.83, 859.68, 88.59
1400885506952,-391.35, 857.60, 90.04
1400885507011,-391.15, 857.33, 90.23
1400885507012,-392.66, 856.49, 89.74
1400885507012,-393.31, 856.17, 89.98
1400885507079,-395.35, 855.15, 90.73
1400885507080,-398.34, 856.36, 88.13
1400885507080,-401.58, 857.66, 85.31
1400885507080,-406.37, 859.60, 82.91
1400885507089,-407.80, 860.18, 82.20
1400885507147,-406.18, 860.82, 81.56
1400885507147,-406.04, 860.44, 81.76
1400885507149,-405.44, 857.16, 83.51
1400885507161,-404.73, 857.52, 83.39
1400885507215,-403.43, 858.17, 83.18
1400885507215,-403.02, 855.33, 83.78
1400885507215,-402.75, 853.48, 84.16
1400885507221,-400.60, 853.90, 85.71
1400885507283,-400.23, 853.98, 85.97
1400885507283,-403.76, 858.17, 84.16
1400885507283,-404.42, 858.99, 83.28
1400885507296,-406.45, 861.52, 80.55
1400885507350,-407.83, 862.21, 80.55
1400885507350,-409.14, 862.86, 80.55
1400885507350,-410.85, 864.31, 78.18
1400885507355,-411.50, 864.87, 77.27
1400885507417,-415.53, 867.89, 74.65
1400885507417,-415.90, 868.33, 74.32
1400885507417,-419.06, 872.08, 71.53
1400885507430,-420.79, 873.16, 69.73
1400885507487,-423.61, 874.93, 66.77
1400885507487,-424.73, 876.04, 64.69
1400885507487,-425.45, 876.77, 63.33
1400885507489,-427.53, 879.43, 63.62
1400885507562,-427.81, 879.79, 63.66
1400885507562,-430.00, 879.62, 61.52
1400885507562,-430.85, 881.58, 60.11
1400885507564,-433.36, 887.33, 55.94
1400885507621,-433.86, 888.54, 55.18
1400885507621,-434.54, 890.17, 54.14
1400885507621,-435.44, 890.05, 52.50
1400885507626,-435.71, 890.01, 52.01
1400885507720,-435.55, 891.46, 54.06
1400885507720,-435.73, 891.52, 54.10
1400885507720,-437.23, 891.52, 53.81
1400885507720,-436.51, 891.99, 53.58
1400885507720,-435.21, 892.86, 53.16
1400885507728,-434.89, 894.64, 52.23
1400885507790,-434.70, 895.70, 51.68
1400885507791,-435.14, 895.56, 50.98
1400885507791,-435.21, 895.54, 50.86
1400885507859,-434.70, 896.04, 51.35
1400885507859,-433.94, 895.76, 51.63
1400885507860,-431.51, 894.87, 52.50
1400885507860,-431.60, 895.12, 52.92
1400885507865,-431.68, 895.37, 53.32
1400885507948,-429.28, 894.65, 53.32
1400885507948,-428.31, 894.36, 53.32
1400885507948,-428.99, 894.03, 54.30
1400885507948,-429.06, 894.10, 54.10
1400885507953,-429.66, 894.70, 52.34
1400885508024,-429.47, 895.02, 52.77
1400885508024,-429.15, 895.54, 53.49
1400885508024,-429.05, 895.64, 53.19
1400885508024,-428.99, 895.70, 52.99
1400885508026,-428.99, 896.00, 52.99
1400885508094,-428.99, 896.04, 52.99
1400885508094,-427.81, 895.87, 54.47
1400885508094,-427.34, 895.15, 54.59
1400885508103,-425.96, 893.02, 54.96
1400885508181,-423.78, 892.14, 55.20
1400885508182,-421.42, 891.18, 55.45
1400885508182,-417.92, 885.11, 57.60
1400885508182,-416.88, 883.30, 58.24
1400885508182,-413.80, 883.47, 61.25
1400885508247,-413.70, 883.49, 61.49
1400885508247,-413.85, 883.64, 62.51
1400885508247,-413.32, 882.39, 62.92
1400885508250,-412.34, 880.12, 63.66
1400885508324,-410.55, 879.80, 63.76
1400885508324,-409.48, 879.62, 63.82
1400885508324,-409.34, 878.33, 65.08
1400885508324,-409.31, 878.11, 65.30
1400885508386,-407.80, 875.26, 63.82
1400885508386,-407.51, 874.56, 63.54
1400885508386,-406.62, 872.41, 62.67
1400885508386,-406.79, 871.55, 63.01
1400885508447,-406.96, 870.74, 63.33
1400885508447,-406.23, 868.07, 61.43
1400885508447,-405.95, 867.05, 60.70
1400885508535,-403.76, 863.19, 59.56
1400885508535,-403.59, 863.02, 59.49
1400885508535,-402.08, 861.52, 58.90
1400885508535,-402.34, 859.36, 59.52
1400885508536,-402.75, 855.82, 60.54
1400885508536,-402.35, 854.20, 60.74
1400885508600,-402.08, 853.14, 60.87
1400885508600,-398.37, 850.33, 60.72
1400885508600,-397.88, 849.96, 60.70
1400885508608,-393.67, 847.78, 60.54
1400885508685,-392.52, 848.08, 61.16
1400885508685,-389.13, 848.95, 63.00
1400885508685,-386.95, 850.48, 64.18
1400885508685,-384.59, 852.13, 65.46
1400885508686,-381.90, 854.05, 65.59
1400885508772,-381.06, 854.65, 65.62
1400885508772,-383.00, 861.43, 66.89
1400885508772,-382.80, 862.42, 66.81
1400885508773,-380.56, 868.22, 65.79
1400885508773,-381.81, 870.07, 66.31
1400885508836,-384.09, 873.42, 67.27
1400885508836,-385.35, 874.25, 67.27
1400885508836,-386.11, 874.76, 67.27
1400885508836,-386.25, 878.63, 67.41
1400885508847,-386.27, 879.28, 67.43
1400885508903,-387.11, 879.79, 66.94
1400885508903,-387.55, 880.30, 66.82
1400885508907,-388.96, 881.96, 66.45
1400885508970,-389.74, 881.53, 66.70
1400885508971,-390.48, 881.13, 66.94
1400885508971,-391.68, 882.32, 66.70
1400885508971,-392.16, 882.80, 66.61
1400885509038,-392.33, 884.98, 65.79
1400885509038,-392.52, 884.75, 65.67
1400885509038,-394.18, 882.80, 64.64
1400885509041,-395.23, 883.60, 64.94
1400885509104,-397.04, 884.98, 65.46
1400885509104,-396.53, 885.08, 64.57
1400885509104,-396.19, 885.15, 63.98
1400885509104,-399.91, 886.78, 64.13
1400885509118,-400.40, 886.99, 64.15
1400885509172,-403.09, 887.66, 63.16
1400885509172,-403.99, 888.04, 62.46
1400885509178,-406.62, 889.17, 60.37
1400885509239,-407.24, 889.48, 60.37
1400885509239,-407.97, 889.84, 60.37
1400885509239,-408.99, 890.61, 59.37
1400885509239,-409.31, 890.84, 59.06
1400885509250,-409.15, 890.04, 59.85
1400885509308,-409.24, 890.03, 59.83
1400885509308,-409.98, 890.17, 59.39
1400885509310,-410.16, 889.52, 60.15
1400885509375,-410.49, 888.33, 61.52
1400885509375,-410.70, 887.91, 61.32
1400885509375,-410.82, 887.66, 61.20
1400885509375,-410.82, 887.66, 62.32
1400885509384,-410.82, 887.66, 62.51
1400885509442,-412.17, 888.00, 63.82
1400885509442,-412.01, 887.92, 63.66
1400885509444,-411.50, 887.66, 63.16
1400885509508,-411.84, 887.32, 63.50
1400885509508,-412.17, 886.99, 63.82
1400885509508,-411.81, 886.39, 63.70
1400885509508,-411.67, 886.15, 63.66
1400885509576,-412.00, 884.81, 65.62
1400885509576,-412.21, 884.71, 65.52
1400885509576,-414.02, 883.81, 64.64
1400885509578,-413.38, 884.06, 65.14
1400885509643,-412.34, 884.48, 65.95
1400885509643,-412.14, 884.07, 64.96
1400885509643,-412.00, 883.81, 64.31
1400885509643,-413.19, 883.22, 66.63
1400885509653,-413.35, 883.14, 66.94
1400885509712,-411.83, 882.97, 65.13
1400885509712,-411.66, 882.54, 65.30
1400885509715,-411.16, 881.29, 65.79
1400885509780,-411.08, 882.02, 65.87
1400885509780,-410.99, 882.80, 65.95
1400885509780,-412.53, 882.80, 65.45
1400885509780,-413.01, 882.80, 65.30
1400885509787,-411.55, 882.96, 66.09
1400885509847,-411.67, 882.80, 65.92
1400885509847,-413.01, 881.46, 64.31
1400885509847,-412.83, 881.99, 64.02
1400885509915,-412.51, 882.97, 63.49
1400885509915,-412.09, 883.81, 64.93
1400885509915,-411.83, 884.31, 65.79
1400885509915,-411.98, 885.03, 64.53
1400885509921,-412.00, 885.15, 64.31
1400885509982,-414.02, 886.15, 63.66
1400885509982,-413.74, 886.35, 63.77
1400885509982,-412.84, 886.99, 64.15
1400885509996,-413.96, 887.93, 64.23
1400885510050,-415.03, 888.84, 64.31
1400885510051,-413.35, 890.03, 64.31
1400885510051,-412.67, 890.51, 64.31
1400885510117,-413.01, 892.19, 63.33
1400885510117,-413.05, 892.40, 63.26
1400885510117,-413.35, 894.20, 62.67
1400885510117,-413.72, 894.93, 62.55
1400885510185,-414.36, 896.21, 62.34
1400885510185,-414.15, 897.02, 61.75
1400885510185,-414.02, 897.55, 61.36
1400885510185,-415.06, 897.99, 62.95
1400885510192,-415.20, 898.05, 63.16
1400885510252,-414.36, 898.22, 63.66
1400885510253,-414.12, 899.10, 63.35
1400885510253,-413.35, 901.91, 62.34
1400885510265,-412.88, 902.06, 63.41
1400885510319,-412.34, 902.24, 64.64
1400885510319,-413.78, 903.67, 63.47
1400885510319,-414.36, 904.25, 63.00
1400885510325,-413.71, 905.87, 63.63
1400885510386,-413.67, 905.87, 63.82
1400885510386,-413.51, 905.42, 65.13
1400885510386,-413.93, 905.84, 64.96
1400885510399,-414.69, 906.60, 64.64
1400885510454,-414.38, 905.86, 65.56
1400885510454,-414.19, 905.42, 66.12
1400885510454,-414.75, 906.53, 68.02
1400885510458,-414.86, 906.77, 68.41
1400885510522,-413.68, 906.93, 66.94
1400885510523,-413.94, 906.54, 67.18
1400885510523,-414.86, 905.09, 68.09
1400885510533,-414.61, 905.34, 67.03
1400885510589,-414.36, 905.59, 65.95
1400885510589,-414.00, 905.47, 65.37
1400885510589,-413.85, 905.42, 65.13
1400885510593,-413.85, 906.43, 66.11
1400885510656,-413.80, 906.24, 66.10
1400885510656,-413.35, 904.59, 65.95
1400885510656,-413.53, 904.77, 66.01
1400885510724,-413.85, 905.09, 66.12
1400885510724,-414.84, 905.48, 67.08
1400885510724,-415.53, 905.76, 67.76
1400885510724,-414.34, 906.05, 66.89
1400885510730,-414.19, 906.09, 66.77
1400885510790,-414.86, 905.09, 68.41
1400885510790,-414.94, 905.32, 68.19
1400885510791,-415.20, 906.09, 67.43
1400885510802,-414.65, 905.39, 67.35
1400885510859,-414.02, 904.59, 67.27
1400885510859,-413.40, 904.46, 66.42
1400885510859,-413.18, 904.42, 66.12
1400885510862,-413.67, 905.23, 67.54
1400885510926,-413.94, 905.11, 67.56
1400885510926,-416.04, 903.92, 67.27
1400885510926,-415.62, 904.33, 67.09
1400885510936,-414.86, 905.09, 66.77
1400885510994,-415.07, 905.09, 67.18
1400885510994,-415.20, 905.09, 67.43
1400885510994,-414.22, 906.62, 67.29
1400885510996,-414.02, 906.93, 67.27
1400885511061,-413.85, 904.08, 67.76
1400885511061,-414.18, 904.48, 67.51
1400885511061,-415.37, 905.93, 66.61
1400885511070,-414.78, 905.68, 66.69
1400885511130,-414.19, 905.42, 66.77
1400885511131,-414.43, 904.95, 65.14
1400885511131,-414.52, 904.75, 64.48
1400885511131,-413.52, 901.08, 64.48
1400885511196,-413.82, 901.16, 64.36
1400885511196,-416.37, 901.91, 63.33
1400885511196,-415.39, 901.27, 63.05
1400885511207,-413.51, 900.06, 62.51
1400885511265,-414.21, 899.96, 62.80
1400885511265,-414.69, 899.89, 63.00
1400885511266,-415.29, 897.82, 62.13
1400885511267,-415.37, 897.55, 62.02
1400885511340,-414.02, 896.21, 62.34
1400885511341,-413.71, 895.83, 62.19
1400885511341,-412.67, 894.53, 61.69
1400885511341,-412.75, 895.23, 62.53
1400885511402,-412.84, 896.04, 63.49
1400885511402,-412.96, 894.72, 62.91
1400885511402,-413.01, 894.20, 62.67
1400885511403,-413.01, 891.61, 61.72
1400885511465,-413.08, 891.48, 61.72
1400885511466,-413.68, 891.18, 62.02
1400885511466,-413.86, 890.32, 62.07
1400885511473,-414.19, 888.67, 62.18
1400885511531,-413.77, 888.87, 62.80
1400885511531,-413.51, 889.00, 63.16
1400885511531,-413.38, 887.76, 63.30
1400885511533,-413.35, 887.49, 63.33
1400885511601,-413.18, 885.65, 63.16
1400885511601,-413.18, 885.36, 62.88
1400885511601,-413.18, 884.31, 61.85
1400885511608,-412.94, 884.71, 63.35
1400885511668,-412.67, 885.15, 64.97
1400885511668,-413.40, 884.67, 64.97
1400885511668,-413.68, 884.48, 64.97
1400885511668,-413.01, 883.81, 65.62
1400885511735,-413.03, 883.79, 65.48
1400885511735,-413.18, 883.64, 64.15
1400885511735,-413.24, 883.58, 64.45
1400885511744,-413.35, 883.47, 64.97
1400885511802,-412.67, 883.95, 64.88
1400885511802,-412.17, 884.31, 64.80
1400885511802,-412.72, 882.38, 64.54
1400885511804,-412.84, 881.96, 64.48
1400885511870,-412.84, 883.64, 66.45
1400885511870,-412.88, 883.22, 66.56
1400885511870,-413.01, 881.80, 66.94
1400885511876,-413.09, 881.56, 65.95
1400885511937,-413.18, 881.29, 64.80
1400885511937,-413.30, 882.90, 65.17
1400885511937,-413.35, 883.47, 65.30
1400885511937,-413.35, 882.18, 66.88
1400885512006,-413.18, 882.11, 66.85
1400885512006,-411.83, 881.96, 66.12
1400885512006,-412.41, 882.08, 65.33
1400885512010,-413.51, 882.30, 63.82
1400885512074,-413.10, 883.55, 64.85
1400885512074,-412.84, 884.31, 65.46
1400885512074,-412.56, 883.20, 63.83
1400885512074,-412.51, 882.97, 63.49
1400885512141,-413.18, 882.97, 63.82
1400885512141,-413.18, 882.97, 63.82
1400885512141,-413.18, 882.97, 63.82
1400885512145,-413.51, 884.30, 63.49
1400885512208,-413.85, 885.65, 63.16
1400885512208,-413.01, 885.05, 63.28
1400885512208,-412.67, 884.81, 63.33
1400885512208,-413.51, 884.31, 62.51
1400885512276,-413.43, 884.43, 62.56
1400885512276,-412.67, 885.48, 63.00
1400885512276,-412.74, 885.91, 62.70
1400885512282,-412.84, 886.66, 62.18
1400885512343,-413.53, 886.95, 62.28
1400885512343,-414.02, 887.16, 62.34
1400885512343,-412.21, 888.68, 61.67
1400885512343,-411.83, 889.00, 61.52
1400885512410,-412.51, 888.33, 61.85
1400885512410,-412.85, 889.06, 61.74
1400885512410,-414.02, 891.52, 61.36
1400885512413,-413.71, 891.83, 61.97
1400885512478,-413.35, 892.19, 62.67
1400885512478,-412.85, 892.93, 61.46
1400885512478,-412.67, 893.19, 61.03
1400885512478,-413.00, 895.77, 60.40
1400885512545,-413.10, 895.85, 60.61
1400885512545,-413.85, 895.70, 62.51
1400885512545,-413.67, 896.00, 61.98
1400885512548,-413.35, 896.54, 61.03
1400885512613,-414.08, 897.49, 61.13
1400885512613,-414.52, 898.05, 61.20
1400885512613,-413.83, 897.91, 62.15
1400885512613,-413.68, 897.88, 62.34
1400885512680,-414.19, 901.07, 61.85
1400885512680,-414.44, 901.17, 61.61
1400885512680,-415.37, 901.57, 60.70
1400885512681,-415.37, 902.07, 62.01
1400885512747,-415.37, 902.58, 63.33
1400885512747,-415.61, 903.77, 63.56
1400885512747,-415.70, 904.25, 63.66
1400885512747,-415.03, 903.58, 64.96
1400885512814,-415.12, 903.53, 65.12
1400885512814,-415.87, 903.08, 66.45
1400885512814,-415.56, 903.51, 66.15
1400885512819,-415.03, 904.25, 65.62
1400885512884,-415.23, 905.04, 66.39
1400885512884,-415.37, 905.59, 66.94
1400885512884,-415.37, 905.89, 66.94
1400885512884,-415.37, 905.93, 66.94
1400885512951,-416.04, 907.60, 66.28
1400885512952,-416.19, 907.07, 66.73
1400885512952,-416.71, 905.26, 68.25
1400885512952,-416.17, 905.64, 67.87
1400885513017,-415.53, 906.09, 67.43
1400885513017,-416.28, 904.86, 67.19
1400885513017,-416.54, 904.42, 67.10
1400885513017,-416.06, 906.84, 69.16
1400885513085,-416.06, 906.70, 69.15
1400885513085,-416.21, 904.75, 68.41
1400885513085,-416.03, 905.17, 68.24
1400885513085,-415.70, 905.93, 67.92
1400885513153,-415.07, 905.51, 67.31
1400885513153,-414.69, 905.26, 66.94
1400885513153,-415.11, 904.56, 67.35
1400885513153,-415.20, 904.42, 67.43
1400885513220,-414.36, 905.59, 68.91
1400885513220,-414.50, 905.59, 68.77
1400885513221,-415.03, 905.59, 68.25
1400885513221,-414.95, 904.84, 67.03
1400885513287,-414.86, 904.08, 65.79
1400885513287,-416.54, 905.04, 66.96
1400885513287,-417.21, 905.42, 67.43
1400885513288,-415.54, 905.09, 66.12
1400885513354,-415.75, 905.12, 66.08
1400885513354,-417.55, 905.42, 65.79
1400885513354,-417.00, 905.12, 66.21
1400885513356,-416.04, 904.59, 66.94
1400885513368,-415.64, 904.00, 65.79
1400885513422,-415.37, 903.58, 64.97
1400885513422,-415.66, 904.47, 65.55
1400885513422,-415.70, 904.59, 65.62
1400885513489,-415.37, 902.91, 65.62
1400885513489,-415.56, 903.18, 65.29
1400885513489,-416.21, 904.08, 64.15
1400885513489,-415.51, 903.85, 64.38
1400885513502,-414.69, 903.58, 64.64
1400885513556,-415.56, 901.73, 64.04
1400885513556,-415.87, 901.07, 63.82
1400885513556,-415.38, 902.20, 62.72
1400885513625,-415.55, 901.99, 62.53
1400885513625,-417.05, 899.89, 61.36
1400885513625,-416.09, 899.89, 61.48
1400885513625,-414.36, 899.89, 61.69
1400885513636,-414.57, 899.27, 61.89
1400885513691,-414.69, 898.89, 62.02
1400885513692,-414.69, 898.06, 61.47
1400885513692,-414.69, 897.88, 61.36
1400885513759,-414.19, 896.04, 60.87
1400885513759,-414.51, 895.86, 60.76
1400885513760,-415.70, 895.20, 60.37
1400885513760,-415.04, 894.87, 60.86
1400885513829,-414.36, 894.53, 61.36
1400885513829,-414.60, 893.33, 60.66
1400885513829,-414.69, 892.86, 60.37
1400885513829,-414.36, 892.86, 60.05
1400885513894,-414.41, 892.73, 60.20
1400885513894,-414.86, 891.68, 61.52
1400885513894,-414.43, 891.38, 61.83
1400885513894,-413.68, 890.84, 62.34
1400885513905,-414.37, 889.57, 61.48
1400885513962,-414.86, 888.67, 60.87
1400885513962,-412.63, 889.70, 60.43
1400885513962,-412.34, 889.84, 60.37
1400885514030,-415.03, 888.16, 61.36
1400885514030,-414.91, 888.20, 61.55
1400885514030,-414.52, 888.33, 62.18
1400885514030,-413.90, 888.17, 62.48
1400885514039,-413.18, 888.00, 62.84
1400885514100,-414.05, 886.88, 63.20
1400885514100,-414.36, 886.49, 63.33
1400885514100,-414.03, 884.55, 63.01
1400885514166,-414.06, 884.62, 63.07
1400885514166,-414.36, 885.82, 63.66
1400885514166,-414.30, 885.04, 64.06
1400885514166,-414.19, 883.64, 64.80
1400885514174,-415.03, 883.85, 64.80
1400885514232,-415.53, 883.98, 64.80
1400885514232,-415.95, 883.56, 63.85
1400885514232,-416.04, 883.47, 63.66
1400885514299,-414.69, 883.47, 65.30
1400885514299,-414.44, 883.72, 65.05
1400885514299,-413.51, 884.65, 64.15
1400885514299,-414.06, 883.94, 64.68
1400885514311,-414.69, 883.14, 65.30
1400885514368,-415.17, 883.85, 65.06
1400885514368,-415.37, 884.14, 64.97
1400885514370,-414.69, 884.48, 65.62
1400885514434,-414.73, 884.37, 65.56
1400885514434,-415.03, 883.47, 64.97
1400885514434,-414.97, 883.29, 65.14
1400885514434,-414.86, 882.97, 65.46
1400885514442,-415.35, 884.25, 64.21
1400885514502,-415.70, 885.15, 63.33
1400885514502,-415.41, 884.56, 62.75
1400885514502,-415.37, 884.48, 62.67
1400885514570,-414.52, 885.65, 62.18
1400885514571,-414.35, 885.73, 62.43
1400885514571,-413.85, 885.99, 63.16
1400885514571,-413.62, 886.84, 62.78
1400885514576,-413.35, 887.83, 62.34
1400885514637,-414.12, 888.08, 61.84
1400885514637,-414.36, 888.16, 61.69
1400885514637,-414.03, 887.52, 62.01
1400885514729,-414.07, 887.58, 61.96
1400885514729,-414.52, 888.33, 61.52
1400885514729,-414.76, 888.93, 61.18
1400885514729,-415.20, 890.01, 60.54
1400885514729,-415.30, 890.74, 59.41
1400885514729,-415.37, 891.18, 58.73
1400885514789,-413.83, 892.43, 58.87
1400885514789,-413.51, 892.69, 58.90
1400885514789,-414.86, 892.02, 60.21
1400885514801,-414.79, 892.38, 60.28
1400885514856,-414.52, 893.69, 60.54
1400885514856,-413.86, 894.03, 59.56
1400885514856,-413.18, 894.36, 58.57
1400885514860,-413.54, 895.20, 60.33
1400885514924,-413.68, 895.54, 61.03
1400885514925,-415.37, 897.21, 57.42
1400885514925,-415.12, 897.39, 57.56
1400885514934,-413.01, 898.89, 58.73
1400885514994,-413.51, 899.13, 59.46
1400885514994,-414.36, 899.56, 60.70
1400885514994,-414.97, 900.78, 59.51
1400885514994,-415.37, 901.57, 58.73
1400885515061,-414.92, 902.90, 59.46
1400885515061,-414.86, 903.08, 59.56
1400885515061,-415.87, 903.08, 60.21
1400885515068,-415.74, 903.38, 60.59
1400885515126,-415.37, 904.25, 61.69
1400885515126,-415.29, 904.48, 62.37
1400885515126,-415.20, 904.75, 63.16
1400885515128,-414.17, 905.26, 63.67
1400885515195,-413.85, 905.42, 63.82
1400885515198,-416.12, 906.72, 62.87
1400885515198,-415.86, 906.71, 63.03
1400885515208,-413.01, 906.26, 64.64
1400885515264,-414.15, 906.08, 64.82
1400885515264,-416.21, 905.76, 65.13
1400885515264,-415.37, 905.97, 64.93
1400885515265,-414.86, 906.09, 64.80
1400885515328,-415.15, 905.81, 66.77
1400885515328,-415.20, 905.76, 67.10
1400885515328,-416.54, 906.09, 65.79
1400885515337,-416.34, 905.89, 65.67
1400885515395,-415.70, 905.26, 65.30
1400885515396,-416.02, 905.74, 65.61
1400885515396,-416.37, 906.26, 65.95
1400885515397,-416.26, 905.66, 66.07
1400885515474,-416.21, 905.42, 66.12
1400885515474,-417.05, 905.59, 66.61
1400885515474,-417.05, 905.73, 66.64
1400885515474,-417.05, 906.93, 66.94
1400885515531,-417.17, 906.07, 66.82
1400885515532,-417.38, 904.59, 66.61
1400885515532,-417.79, 905.40, 67.01
1400885515532,-418.06, 905.93, 67.27
1400885515599,-415.38, 905.63, 66.40
1400885515599,-415.03, 905.59, 66.28
1400885515599,-417.55, 905.42, 67.10
1400885515606,-417.12, 905.68, 67.02
1400885515667,-415.87, 906.43, 66.77
1400885515667,-415.06, 905.46, 66.30
1400885515667,-414.19, 904.42, 65.79
1400885515667,-415.60, 905.57, 66.42
1400885515733,-416.04, 905.93, 66.61
1400885515733,-416.53, 905.44, 65.82
1400885515733,-416.74, 905.48, 65.88
1400885515740,-418.39, 905.93, 66.61
1400885515801,-417.56, 905.33, 66.14
1400885515801,-416.04, 904.25, 65.30
1400885515801,-415.83, 906.14, 66.73
1400885515803,-415.70, 907.27, 67.59
1400885515870,-415.99, 904.98, 65.35
1400885515870,-416.04, 904.59, 64.97
1400885515870,-417.05, 903.92, 65.62
1400885515875,-416.81, 903.92, 65.39
1400885515937,-416.04, 903.92, 64.64
1400885515937,-417.16, 903.31, 64.22
1400885515937,-418.22, 902.74, 63.82
1400885515937,-416.42, 900.95, 64.41
1400885515949,-415.70, 900.23, 64.64
1400885516004,-416.37, 901.57, 64.31
1400885516004,-416.27, 901.54, 64.24
1400885516009,-415.37, 901.24, 63.66
1400885516071,-415.80, 900.31, 63.48
1400885516071,-416.54, 898.72, 63.16
1400885516071,-416.44, 898.82, 63.26
1400885516071,-416.37, 898.89, 63.33
1400885516083,-415.48, 899.78, 61.88
1400885516138,-415.37, 899.89, 61.69
1400885516138,-415.70, 898.22, 62.02
1400885516143,-416.04, 898.13, 61.77
1400885516206,-417.05, 897.88, 61.03
1400885516206,-416.24, 896.76, 61.35
1400885516206,-415.37, 895.54, 61.69
1400885516206,-415.37, 895.03, 61.19
1400885516274,-415.37, 894.87, 61.03
1400885516274,-415.53, 892.77, 59.93
1400885516274,-415.38, 892.65, 59.74
1400885516279,-414.19, 892.35, 58.57
1400885516341,-413.89, 891.34, 58.98
1400885516341,-413.35, 889.51, 59.72
1400885516341,-413.35, 889.91, 59.92
1400885516341,-413.35, 890.17, 60.05
1400885516352,-413.35, 887.02, 60.05
1400885516408,-413.35, 886.49, 60.05
1400885516408,-414.19, 885.99, 59.56
1400885516412,-413.63, 885.83, 60.18
1400885516480,-411.83, 885.31, 62.18
1400885516480,-412.44, 884.71, 61.42
1400885516480,-413.01, 884.14, 60.70
1400885516480,-412.89, 882.82, 61.29
1400885516486,-412.84, 882.30, 61.52
1400885516554,-413.85, 882.30, 62.51
1400885516554,-413.78, 882.30, 62.54
1400885516554,-413.18, 882.30, 62.84
1400885516612,-413.31, 881.66, 63.33
1400885516612,-413.51, 880.62, 64.15
1400885516613,-414.43, 881.33, 65.04
1400885516613,-415.03, 881.80, 65.62
1400885516621,-412.80, 880.17, 65.48
1400885516679,-412.51, 879.95, 65.46
1400885516679,-413.51, 879.95, 65.13
1400885516680,-413.51, 879.70, 64.97
1400885516745,-413.51, 878.95, 64.48
1400885516746,-413.76, 879.19, 64.71
1400885516746,-414.02, 879.45, 64.97
1400885516746,-413.11, 879.32, 64.84
1400885516757,-412.84, 879.28, 64.80
1400885516813,-414.47, 879.61, 64.49
1400885516813,-414.10, 879.82, 64.89
1400885516817,-412.00, 880.79, 66.94
1400885516881,-412.12, 880.67, 66.24
1400885516882,-412.34, 880.46, 64.97
1400885516882,-412.97, 879.83, 64.35
1400885516882,-413.35, 879.45, 63.98
1400885516889,-413.06, 880.02, 64.83
1400885516948,-413.01, 880.12, 64.97
1400885516949,-413.51, 881.63, 63.49
1400885516949,-413.56, 881.83, 63.61
1400885517015,-413.68, 882.47, 63.98
1400885517015,-413.25, 881.86, 63.06
1400885517015,-412.84, 881.29, 62.18
1400885517015,-413.57, 881.78, 61.71
1400885517023,-413.85, 881.96, 61.52
1400885517083,-412.51, 882.97, 61.20
1400885517083,-412.44, 882.90, 61.27
1400885517083,-411.83, 882.30, 61.85
1400885517151,-412.09, 883.06, 61.60
1400885517151,-412.51, 884.31, 61.20
1400885517151,-412.20, 884.21, 61.10
1400885517151,-412.00, 884.14, 61.03
1400885517158,-412.30, 885.62, 60.45
1400885517217,-412.34, 885.82, 60.37
1400885517217,-412.84, 886.32, 60.87
1400885517217,-413.14, 887.04, 60.33
1400885517284,-414.02, 889.17, 58.73
1400885517284,-413.62, 889.41, 58.18
1400885517284,-413.18, 889.67, 57.59
1400885517285,-412.27, 891.09, 57.46
1400885517294,-412.00, 891.52, 57.42
1400885517351,-412.33, 892.81, 57.11
1400885517351,-412.47, 893.06, 57.08
1400885517354,-413.51, 894.70, 56.93
1400885517420,-413.28, 895.17, 57.16
1400885517420,-412.84, 896.04, 57.59
1400885517420,-412.11, 896.35, 56.87
1400885517420,-411.67, 896.54, 56.44
1400885517426,-412.53, 896.83, 56.16
1400885517487,-412.67, 896.88, 56.11
1400885517487,-414.52, 897.72, 57.26
1400885517488,-413.82, 897.67, 57.30
1400885517500,-411.67, 897.55, 57.42
1400885517554,-412.87, 898.58, 56.58
1400885517554,-414.02, 899.56, 55.78
1400885517554,-413.05, 900.04, 56.26
1400885517560,-412.67, 900.23, 56.44
1400885517622,-414.19, 899.39, 58.24
1400885517622,-414.29, 899.53, 58.35
1400885517622,-415.20, 900.73, 59.23
1400885517635,-414.62, 901.30, 59.91
1400885517689,-413.68, 902.24, 61.03
1400885517689,-414.29, 901.63, 60.24
1400885517690,-414.69, 901.24, 59.72
1400885517694,-414.40, 903.01, 61.17
1400885517755,-414.36, 903.25, 61.36
1400885517756,-414.02, 901.91, 62.02
1400885517756,-414.15, 902.29, 61.89
1400885517825,-414.52, 903.41, 61.52
1400885517825,-414.20, 903.90, 61.68
1400885517825,-413.85, 904.42, 61.85
1400885517826,-415.28, 905.32, 61.73
1400885517832,-415.70, 905.59, 61.69
1400885517900,-414.41, 904.62, 63.59
1400885517900,-414.45, 904.72, 63.79
1400885517900,-415.20, 905.76, 64.80
1400885517904,-415.38, 906.06, 64.28
1400885517960,-415.70, 906.60, 63.33
1400885517960,-415.92, 905.51, 63.54
1400885517960,-416.04, 904.92, 63.66
1400885517964,-415.03, 905.06, 64.08
1400885518028,-414.86, 905.09, 64.15
1400885518028,-416.54, 903.75, 61.85
1400885518028,-416.34, 904.04, 62.22
1400885518037,-415.70, 904.92, 63.33
1400885518096,-415.19, 905.26, 62.99
1400885518096,-414.69, 905.59, 62.67
1400885518096,-414.69, 904.14, 62.44
1400885518097,-414.69, 903.58, 62.34
1400885518163,-414.52, 904.42, 63.82
1400885518163,-414.58, 904.40, 63.73
1400885518163,-415.03, 904.25, 63.00
1400885518172,-414.65, 904.50, 63.25
1400885518229,-414.02, 904.92, 63.66
1400885518229,-414.12, 903.81, 62.96
1400885518229,-414.19, 903.08, 62.51
1400885518231,-415.11, 904.30, 62.81
1400885518301,-415.20, 904.42, 62.84
1400885518301,-414.52, 904.08, 61.20
1400885518301,-414.52, 903.92, 61.52
1400885518309,-414.52, 903.41, 62.51
1400885518364,-414.94, 903.00, 62.59
1400885518364,-415.37, 902.58, 62.67
1400885518364,-415.62, 902.32, 62.93
1400885518369,-415.70, 902.24, 63.00
1400885518432,-416.35, 902.89, 62.05
1400885518432,-416.15, 902.96, 62.06
1400885518432,-414.69, 903.25, 62.34
1400885518441,-414.75, 902.59, 61.94
1400885518503,-414.86, 901.40, 61.20
1400885518503,-414.86, 900.75, 61.41
1400885518503,-414.86, 900.40, 61.52
1400885518503,-414.72, 900.83, 61.95
1400885518566,-414.69, 900.90, 62.02
1400885518566,-414.86, 900.73, 62.84
1400885518566,-414.90, 900.77, 62.31
1400885518574,-415.03, 900.90, 60.70
1400885518635,-415.20, 900.21, 61.04
1400885518635,-415.37, 899.56, 61.36
1400885518635,-415.62, 898.31, 61.11
1400885518635,-415.70, 897.88, 61.03
1400885518702,-415.03, 898.89, 60.70
1400885518702,-415.21, 898.53, 60.62
1400885518702,-416.37, 896.21, 60.05
1400885518709,-415.90, 896.27, 59.98
1400885518768,-415.20, 896.38, 59.88
1400885518768,-415.20, 896.17, 59.29
1400885518768,-415.20, 896.04, 58.90
1400885518769,-415.20, 894.81, 58.90
1400885518838,-415.20, 894.70, 58.90
1400885518838,-414.69, 893.53, 60.05
1400885518838,-414.48, 893.31, 59.75
1400885518846,-413.85, 892.69, 58.90
1400885518905,-413.77, 891.77, 58.17
1400885518905,-413.68, 890.84, 57.42
1400885518905,-413.81, 890.20, 58.56
1400885518906,-413.85, 890.01, 58.90
1400885518972,-414.18, 889.36, 60.48
1400885518972,-414.05, 889.00, 60.40
1400885518972,-413.18, 886.99, 59.56
1400885518978,-413.43, 887.62, 59.68
1400885519038,-413.85, 888.67, 59.88
1400885519038,-413.09, 887.04, 59.78
1400885519038,-412.67, 886.15, 59.72
1400885519038,-413.82, 886.44, 60.56
1400885519052,-414.02, 886.49, 60.70
1400885519105,-412.17, 885.99, 61.85
1400885519105,-412.25, 886.31, 61.29
1400885519112,-412.51, 887.33, 59.56
1400885519172,-412.59, 886.72, 59.81
1400885519173,-412.67, 886.15, 60.05
1400885519173,-413.43, 884.15, 60.05
1400885519173,-413.68, 883.47, 60.05
1400885519241,-414.52, 884.65, 62.18
1400885519241,-414.36, 884.48, 61.93
1400885519241,-413.35, 883.47, 60.37
1400885519246,-413.01, 883.54, 60.44
1400885519308,-412.51, 883.64, 60.54
1400885519308,-412.82, 883.54, 61.05
1400885519308,-413.01, 883.47, 61.36
1400885519308,-412.39, 882.24, 61.36
1400885519376,-412.34, 882.13, 61.36
1400885519376,-413.01, 884.14, 59.06
1400885519376,-413.01, 884.06, 59.87
1400885519383,-413.01, 883.81, 62.34
1400885519443,-412.51, 884.14, 62.18
1400885519443,-412.00, 884.48, 62.02
1400885519444,-412.39, 882.54, 61.64
1400885519444,-412.51, 881.96, 61.52
1400885519455,-412.01, 883.47, 61.03
1400885519514,-412.10, 883.57, 61.08
1400885519514,-412.67, 884.14, 61.36
1400885519515,-412.74, 884.71, 60.81
1400885519586,-412.84, 885.65, 59.88
1400885519586,-413.05, 885.03, 60.90
1400885519586,-413.18, 884.65, 61.52
1400885519586,-412.60, 885.80, 61.52
1400885519589,-412.51, 885.99, 61.52
1400885519646,-412.67, 883.81, 61.69
1400885519647,-413.05, 884.10, 61.49
1400885519649,-414.19, 884.98, 60.87
1400885519718,-413.57, 885.60, 60.61
1400885519718,-413.01, 886.15, 60.37
1400885519718,-413.64, 885.28, 60.74
1400885519718,-413.85, 884.98, 60.87
1400885519780,-415.20, 886.66, 61.52
1400885519780,-415.11, 886.93, 61.21
1400885519781,-414.52, 888.67, 59.23
1400885519786,-414.19, 889.00, 59.29
1400885519849,-413.68, 889.51, 59.39
1400885519849,-413.89, 890.75, 58.99
1400885519849,-414.02, 891.52, 58.73
1400885519849,-414.79, 892.59, 59.48
1400885519861,-414.86, 892.69, 59.56
1400885519916,-414.36, 891.85, 60.05
1400885519916,-414.84, 892.60, 60.00
1400885519920,-416.21, 894.70, 59.88
1400885519983,-415.79, 894.95, 60.29
1400885519983,-415.37, 895.20, 60.70
1400885519983,-416.57, 896.94, 60.31
1400885519983,-416.88, 897.38, 60.21
1400885519992,-417.72, 900.55, 61.03
1400885520059,-417.60, 900.45, 61.19
1400885520059,-416.88, 899.73, 62.18
1400885520059,-416.62, 900.25, 62.69
1400885520118,-416.21, 901.07, 63.49
1400885520118,-416.21, 903.27, 63.93
1400885520118,-416.21, 904.42, 64.15
1400885520118,-417.36, 902.11, 65.28
1400885520186,-417.54, 901.76, 65.39
1400885520186,-417.21, 902.41, 63.16
1400885520186,-416.90, 902.45, 63.39
1400885520186,-416.04, 902.58, 63.98
1400885520258,-415.95, 902.66, 64.07
1400885520258,-415.87, 902.74, 64.15
1400885520258,-416.62, 903.49, 64.64
1400885520258,-416.88, 903.75, 64.80
1400885520320,-417.21, 904.08, 64.80
1400885520320,-417.17, 904.18, 64.72
1400885520320,-416.88, 904.75, 64.15
1400885520320,-416.34, 904.75, 64.81
1400885520388,-415.53, 904.75, 65.79
1400885520388,-416.61, 904.11, 65.79
1400885520388,-417.21, 903.75, 65.79
1400885520388,-416.91, 905.28, 66.69
1400885520456,-416.87, 905.43, 66.75
1400885520456,-416.37, 905.59, 65.95
1400885520456,-416.42, 905.54, 65.91
1400885520457,-416.54, 905.42, 65.79
1400885520524,-417.23, 905.77, 65.62
1400885520524,-417.89, 906.09, 65.46
1400885520524,-416.75, 904.70, 65.83
1400885520524,-416.37, 904.25, 65.95
1400885520529,-416.71, 904.59, 66.61
1400885520590,-416.83, 904.71, 66.35
1400885520590,-417.55, 905.42, 64.80
1400885520590,-417.10, 905.62, 65.63
1400885520603,-416.37, 905.93, 66.94
1400885520657,-416.26, 905.15, 66.83
1400885520657,-416.21, 904.75, 66.77
1400885520657,-416.95, 905.80, 68.96
1400885520724,-417.02, 905.93, 69.19
1400885520724,-416.04, 905.93, 67.59
1400885520724,-416.45, 905.52, 67.29
1400885520725,-417.55, 904.42, 66.45
1400885520738,-417.18, 905.15, 65.73
1400885520793,-416.88, 905.76, 65.13
1400885520793,-416.63, 906.26, 65.63
1400885520793,-416.54, 906.43, 65.79
1400885520862,-415.70, 903.25, 65.62
1400885520862,-415.77, 903.50, 65.51
1400885520862,-416.21, 905.09, 64.80
1400885520862,-416.28, 904.88, 65.28
1400885520872,-416.37, 904.59, 65.95
1400885520928,-415.84, 904.48, 66.27
1400885520928,-415.53, 904.42, 66.45
1400885520928,-415.53, 904.73, 64.04
1400885520996,-415.57, 904.71, 63.84
1400885520996,-416.71, 903.25, 64.31
1400885520996,-416.23, 902.96, 64.13
1400885520997,-415.03, 902.24, 63.66
1400885521006,-416.32, 901.47, 63.74
1400885521065,-417.55, 900.73, 63.82
1400885521065,-416.47, 899.92, 63.29
1400885521065,-416.21, 899.73, 63.16
1400885521066,-416.21, 900.39, 62.51
1400885521132,-416.35, 900.05, 62.17
1400885521132,-417.21, 898.05, 60.21
1400885521132,-416.96, 897.92, 60.97
1400885521140,-416.54, 897.72, 62.18
1400885521198,-415.74, 898.06, 62.52
1400885521198,-415.37, 898.22, 62.67
1400885521198,-414.62, 898.07, 61.65
1400885521266,-414.53, 898.01, 61.55
1400885521266,-414.69, 896.54, 62.34
1400885521266,-414.55, 896.59, 62.12
1400885521267,-414.19, 896.71, 61.52
1400885521275,-415.47, 895.79, 62.24
1400885521332,-416.54, 895.03, 62.84
1400885521332,-415.02, 895.03, 61.35
1400885521332,-414.52, 895.03, 60.87
1400885521404,-414.69, 893.53, 61.69
1400885521404,-414.91, 893.20, 61.37
1400885521404,-416.04, 891.52, 59.72
1400885521404,-415.69, 891.72, 60.19
1400885521413,-415.20, 892.02, 60.87
1400885521471,-414.98, 891.16, 61.08
1400885521471,-414.86, 890.68, 61.20
1400885521472,-414.41, 889.04, 62.80
1400885521547,-414.41, 888.84, 62.99
1400885521547,-416.37, 888.84, 62.67
1400885521547,-416.28, 888.93, 63.15
1400885521547,-416.04, 889.17, 64.31
1400885521547,-415.68, 889.17, 63.97
1400885521607,-415.37, 889.17, 63.66
1400885521607,-415.23, 887.42, 63.53
1400885521608,-415.20, 886.99, 63.49
1400885521608,-415.37, 888.49, 64.31
1400885521674,-415.31, 888.17, 64.37
1400885521674,-415.03, 886.49, 64.64
1400885521674,-415.09, 886.81, 64.32
1400885521678,-415.20, 887.33, 63.82
1400885521738,-415.08, 887.67, 63.49
1400885521738,-415.03, 887.83, 63.33
1400885521738,-415.48, 887.68, 64.06
1400885521809,-415.53, 887.64, 64.12
1400885521809,-415.53, 886.99, 63.16
1400885521809,-415.58, 887.04, 63.58
1400885521809,-415.70, 887.16, 64.64
1400885521814,-415.24, 887.25, 64.55
1400885521882,-414.86, 887.33, 64.48
1400885521882,-415.37, 886.57, 63.49
1400885521882,-415.53, 886.32, 63.16
1400885521963,-415.20, 887.66, 63.82
1400885521963,-414.98, 887.39, 63.87
1400885521963,-413.85, 885.99, 64.15
1400885521963,-414.41, 886.40, 63.33
1400885521964,-415.20, 886.99, 62.18
1400885521964,-415.20, 888.48, 62.39
1400885522024,-415.20, 889.34, 62.51
1400885522024,-415.20, 888.06, 62.51
1400885522024,-415.18, 887.99, 62.48
1400885522036,-414.69, 887.83, 61.69
1400885522092,-414.89, 888.41, 61.88
1400885522092,-415.37, 889.84, 62.34
1400885522092,-415.19, 890.02, 60.78
1400885522095,-415.03, 890.17, 59.39
1400885522159,-413.95, 892.06, 61.24
1400885522159,-413.68, 892.52, 61.69
1400885522159,-414.69, 893.53, 61.69
1400885522170,-414.75, 893.82, 61.23
1400885522227,-415.03, 895.20, 59.06
1400885522227,-414.89, 896.02, 59.73
1400885522227,-414.69, 897.21, 60.70
1400885522229,-415.39, 897.44, 61.84
1400885522294,-415.70, 897.55, 62.34
1400885522294,-415.26, 898.89, 60.74
1400885522294,-415.22, 899.08, 60.51
1400885522307,-416.04, 899.89, 59.72
1400885522362,-416.09, 899.85, 59.95
1400885522362,-416.21, 899.73, 60.54
1400885522362,-415.56, 900.92, 61.35
1400885522367,-415.03, 901.91, 62.02
1400885522430,-415.82, 901.91, 61.51
1400885522430,-416.04, 901.91, 61.36
1400885522430,-416.21, 902.07, 63.16
1400885522439,-416.04, 902.29, 63.06
1400885522497,-415.20, 903.41, 62.51
1400885522497,-415.34, 903.99, 62.65
1400885522497,-415.53, 904.75, 62.84
1400885522499,-415.64, 903.34, 64.22
1400885522565,-415.70, 902.58, 64.97
1400885522565,-415.06, 903.85, 64.35
1400885522565,-415.06, 903.95, 64.31
1400885522572,-416.04, 905.26, 64.31
1400885522631,-415.95, 905.07, 64.50
1400885522632,-415.70, 904.59, 64.97
1400885522632,-415.70, 904.41, 64.97
1400885522632,-415.70, 904.25, 64.97
1400885522699,-414.89, 905.87, 63.91
1400885522699,-414.69, 906.26, 63.66
1400885522699,-416.04, 903.58, 64.64
1400885522707,-415.83, 904.08, 64.84
1400885522766,-414.86, 906.43, 65.79
1400885522766,-414.72, 905.48, 64.59
1400885522766,-414.52, 904.08, 62.84
1400885522767,-416.27, 904.66, 64.31
1400885522834,-417.05, 904.92, 64.97
1400885522835,-414.81, 904.48, 64.82
1400885522835,-414.54, 904.45, 64.80
1400885522844,-414.86, 905.42, 64.80
1400885522904,-415.38, 905.94, 65.12
1400885522904,-416.71, 907.27, 65.95
1400885522904,-416.89, 906.54, 65.60
1400885522904,-417.05, 905.93, 65.30
1400885522968,-416.52, 905.40, 65.81
1400885522968,-416.37, 905.26, 65.95
1400885522969,-414.19, 905.09, 64.15
1400885522976,-414.60, 905.23, 64.45
1400885523036,-416.71, 905.93, 65.95
1400885523037,-415.84, 905.78, 65.53
1400885523037,-414.69, 905.59, 64.97
1400885523037,-414.91, 905.37, 65.39
1400885523050,-415.03, 905.26, 65.62
1400885523104,-416.79, 906.05, 65.16
1400885523104,-416.86, 906.09, 65.16
1400885523110,-416.21, 906.09, 66.12
1400885523172,-416.06, 905.74, 65.78
1400885523172,-415.70, 904.92, 64.97
1400885523172,-416.32, 905.01, 65.58
1400885523172,-416.88, 905.09, 66.12
1400885523184,-415.39, 906.03, 65.19
1400885523238,-415.03, 906.26, 64.97
1400885523239,-415.53, 905.42, 65.79
1400885523244,-415.53, 905.42, 65.56
1400885523306,-415.53, 905.42, 64.48
1400885523306,-415.68, 904.72, 64.20
1400885523306,-415.87, 903.75, 63.82
1400885523306,-415.41, 904.20, 63.60
1400885523373,-415.20, 904.42, 63.49
1400885523374,-416.40, 903.82, 62.91
1400885523374,-416.48, 903.68, 62.90
1400885523381,-415.53, 902.74, 63.82
1400885523441,-415.63, 902.65, 63.55
1400885523441,-415.87, 902.41, 62.84
1400885523441,-416.25, 901.27, 62.28
1400885523441,-416.54, 900.40, 61.85
1400885523454,-415.63, 900.53, 60.96
1400885523508,-415.37, 900.56, 60.70
1400885523508,-415.70, 898.55, 59.06
1400885523513,-415.42, 898.27, 59.17
1400885523576,-414.02, 896.88, 59.72
1400885523576,-414.65, 896.53, 59.51
1400885523576,-415.53, 896.04, 59.23
1400885523576,-415.10, 895.39, 59.65
1400885523587,-414.86, 895.03, 59.88
1400885523643,-414.22, 893.44, 60.82
1400885523643,-414.19, 893.36, 60.81
1400885523647,-414.19, 893.36, 59.88
1400885523711,-414.04, 893.21, 59.83
1400885523711,-413.68, 892.86, 59.72
1400885523711,-413.51, 893.03, 59.03
1400885523711,-413.35, 893.19, 58.41
1400885523721,-414.40, 890.58, 58.66
1400885523780,-414.69, 889.84, 58.73
1400885523780,-414.52, 889.34, 58.57
1400885523784,-414.17, 889.34, 58.63
1400885523846,-412.51, 889.34, 58.90
1400885523846,-413.49, 889.20, 59.31
1400885523846,-414.86, 889.00, 59.88
1400885523846,-413.47, 889.47, 60.11
1400885523858,-412.84, 889.67, 60.21
1400885523916,-412.84, 889.97, 60.21
1400885523916,-412.84, 889.86, 60.21
1400885523916,-412.84, 887.66, 60.21
1400885523981,-412.79, 887.51, 60.36
1400885523981,-412.67, 887.16, 60.70
1400885523981,-412.87, 886.38, 60.32
1400885523981,-413.01, 885.82, 60.05
1400885523990,-412.49, 885.82, 59.54
1400885524048,-412.34, 885.82, 59.39
1400885524048,-412.17, 885.31, 60.54
1400885524050,-412.14, 885.46, 60.73
1400885524118,-412.00, 886.15, 61.69
1400885524118,-412.29, 885.28, 60.69
1400885524118,-412.67, 884.14, 59.39
1400885524118,-411.44, 883.80, 59.72
1400885524124,-410.82, 883.64, 59.88
1400885524184,-412.26, 883.80, 60.66
1400885524184,-412.26, 883.77, 60.66
1400885524184,-410.99, 883.14, 60.05
1400885524250,-411.53, 883.46, 60.05
1400885524250,-412.67, 884.14, 60.05
1400885524250,-412.49, 883.41, 60.40
1400885524250,-412.34, 882.80, 60.70
1400885524259,-411.78, 883.64, 61.25
1400885524318,-411.67, 883.81, 61.36
1400885524318,-413.35, 882.80, 60.70
1400885524318,-412.98, 882.92, 60.70
1400885524386,-411.33, 883.47, 60.70
1400885524387,-411.89, 883.47, 60.98
1400885524387,-412.67, 883.47, 61.36
1400885524387,-411.40, 883.12, 60.34
1400885524395,-410.82, 882.97, 59.88
1400885524453,-413.45, 884.36, 61.24
1400885524453,-413.53, 884.47, 61.31
1400885524455,-411.16, 884.31, 60.54
1400885524521,-411.77, 884.91, 60.24
1400885524521,-413.18, 886.32, 59.56
1400885524521,-412.79, 885.74, 59.75
1400885524521,-412.51, 885.31, 59.88
1400885524527,-411.85, 886.23, 60.78
1400885524588,-411.67, 886.49, 61.03
1400885524588,-411.50, 887.66, 58.57
1400885524589,-411.58, 887.69, 58.60
1400885524601,-412.00, 887.83, 58.73
1400885524656,-412.76, 888.13, 58.29
1400885524656,-413.68, 888.50, 57.75
1400885524656,-413.12, 888.61, 57.42
1400885524661,-412.84, 888.67, 57.26
1400885524723,-412.07, 890.98, 57.41
1400885524723,-412.04, 891.22, 57.48
1400885524723,-412.67, 891.85, 58.41
1400885524736,-412.94, 892.76, 58.46
1400885524790,-413.51, 894.70, 58.57
1400885524790,-413.70, 893.61, 57.32
1400885524790,-413.85, 892.69, 56.27
1400885524796,-412.40, 893.61, 58.72
1400885524860,-412.00, 893.86, 59.39
1400885524860,-413.35, 895.20, 58.41
1400885524860,-413.65, 895.44, 58.35
1400885524870,-415.03, 896.54, 58.08
1400885524941,-414.82, 896.61, 57.73
1400885524942,-414.52, 896.71, 57.26
1400885524942,-414.64, 897.52, 58.51
1400885524942,-414.69, 897.88, 59.06
1400885524945,-416.08, 898.96, 59.21
1400885525012,-416.14, 899.22, 59.31
1400885525012,-415.20, 901.74, 60.54
1400885525012,-415.15, 901.89, 60.98
1400885525019,-415.03, 902.24, 62.02
1400885525120,-414.74, 902.14, 61.35
1400885525120,-414.52, 902.07, 60.87
1400885525120,-414.40, 902.20, 62.02
1400885525121,-414.36, 902.24, 62.34
1400885525121,-415.20, 903.08, 60.54
1400885525124,-414.88, 902.99, 60.57
1400885525180,-413.35, 902.58, 60.70
1400885525180,-414.55, 902.73, 60.85
1400885525180,-416.04, 902.91, 61.03
1400885525183,-415.36, 903.36, 61.03
1400885525246,-415.03, 903.58, 61.03
1400885525246,-414.07, 903.58, 61.34
1400885525246,-414.07, 903.55, 61.37
1400885525258,-414.86, 903.08, 61.52
1400885525313,-414.92, 903.24, 61.58
1400885525313,-415.03, 903.58, 61.69
1400885525313,-415.12, 904.22, 61.96
1400885525317,-415.20, 904.75, 62.18
1400885525380,-415.48, 903.92, 62.18
1400885525380,-415.53, 903.75, 62.18
1400885525380,-414.86, 903.75, 61.52
1400885525393,-414.92, 903.50, 61.52
1400885525448,-415.20, 902.41, 61.52
1400885525448,-415.41, 902.76, 61.04
1400885525448,-415.70, 903.25, 60.37
1400885525452,-414.77, 902.32, 62.64
1400885525515,-414.36, 901.91, 63.66
1400885525516,-414.82, 902.37, 62.00
1400885525516,-414.83, 902.48, 61.90
1400885525529,-414.36, 903.58, 62.67
1400885525583,-414.62, 903.42, 62.83
1400885525583,-415.20, 903.08, 63.16
1400885525583,-415.69, 902.59, 63.07
1400885525589,-416.04, 902.24, 63.00
1400885525651,-416.43, 903.15, 62.62
1400885525651,-416.54, 903.41, 62.51
1400885525651,-414.36, 902.24, 62.34
1400885525661,-414.56, 902.10, 62.37
1400885525718,-415.53, 901.40, 62.51
1400885525718,-415.46, 901.78, 62.58
1400885525718,-415.37, 902.24, 62.67
1400885525721,-415.82, 902.02, 62.67
1400885525785,-416.04, 901.91, 62.67
1400885525785,-416.20, 901.11, 62.52
1400885525785,-416.19, 901.07, 62.55
1400885525795,-415.87, 901.07, 63.16
1400885525856,-415.49, 900.80, 62.48
1400885525856,-414.69, 900.23, 61.03
1400885525856,-415.61, 899.87, 60.32
1400885525856,-416.37, 899.56, 59.72
1400885525922,-415.81, 899.56, 59.72
1400885525922,-415.70, 899.56, 59.72
1400885525922,-414.02, 896.88, 60.70
1400885525929,-414.32, 896.94, 60.59
1400885525989,-415.70, 897.21, 60.05
1400885525989,-415.28, 896.37, 59.91
1400885525989,-414.69, 895.20, 59.72
1400885525989,-414.45, 895.44, 59.72
1400885526056,-414.36, 895.54, 59.72
1400885526056,-415.13, 893.84, 59.57
1400885526056,-415.23, 893.70, 59.63
1400885526066,-415.70, 893.86, 60.70
1400885526123,-415.08, 892.72, 60.30
1400885526123,-413.68, 890.17, 59.39
1400885526123,-413.68, 889.98, 59.58
1400885526126,-413.68, 889.84, 59.72
1400885526190,-413.02, 889.97, 60.62
1400885526190,-412.84, 890.01, 60.87
1400885526190,-413.68, 890.17, 60.37
1400885526198,-413.77, 889.69, 60.68
1400885526259,-414.19, 887.33, 62.18
1400885526259,-414.04, 887.78, 62.03
1400885526259,-413.85, 888.33, 61.85
1400885526259,-413.63, 887.88, 60.31
1400885526326,-413.51, 887.66, 59.56
1400885526326,-414.60, 888.12, 62.42
1400885526326,-414.61, 888.16, 62.63
1400885526332,-413.35, 888.16, 62.02
1400885526392,-413.08, 888.11, 61.86
1400885526392,-412.51, 888.00, 61.52
1400885526392,-413.35, 888.09, 61.43
1400885526392,-414.02, 888.16, 61.36
1400885526407,-413.32, 887.46, 62.32
1400885526461,-413.18, 887.33, 62.51
1400885526461,-413.85, 887.33, 61.20
1400885526466,-413.71, 887.12, 61.54
1400885526527,-413.18, 886.32, 62.84
1400885526527,-413.74, 886.04, 61.60
1400885526527,-414.52, 885.65, 59.88
1400885526527,-413.80, 885.41, 60.82
1400885526594,-413.51, 885.31, 61.20
1400885526594,-414.13, 885.62, 61.50
1400885526594,-414.15, 885.69, 61.54
1400885526603,-413.51, 886.32, 61.85
1400885526663,-413.41, 886.53, 61.65
1400885526663,-413.18, 886.99, 61.20
1400885526663,-413.86, 887.67, 61.48
1400885526663,-414.36, 888.16, 61.69
1400885526675,-414.22, 888.30, 60.76
1400885526729,-414.19, 888.33, 60.54
1400885526729,-412.84, 888.67, 60.54
1400885526735,-412.97, 889.06, 60.80
1400885526797,-413.51, 890.68, 61.85
1400885526797,-413.51, 890.38, 60.85
1400885526797,-413.51, 890.01, 59.56
1400885526797,-414.53, 890.57, 60.54
1400885526809,-415.03, 890.84, 61.03
1400885526867,-415.86, 893.32, 62.48
1400885526867,-415.75, 893.36, 62.39
1400885526869,-413.85, 893.36, 60.54
1400885526938,-414.41, 893.91, 60.32
1400885526938,-415.53, 895.03, 59.88
1400885526938,-414.78, 895.41, 60.62
1400885526938,-414.19, 895.70, 61.20
1400885526944,-416.30, 895.56, 60.23
1400885527001,-416.71, 895.54, 60.05
1400885527001,-414.36, 897.55, 61.03
1400885527003,-414.53, 897.72, 61.20
1400885527073,-415.20, 898.39, 61.85
1400885527073,-415.71, 898.61, 61.64
1400885527073,-416.37, 898.89, 61.36
1400885527073,-416.98, 897.80, 61.72
1400885527081,-417.21, 897.38, 61.85
1400885527135,-417.83, 898.92, 61.55
1400885527135,-417.77, 899.18, 61.58
1400885527138,-416.04, 900.90, 62.34
1400885527210,-415.99, 900.95, 62.50
1400885527210,-415.87, 901.07, 62.84
1400885527210,-416.55, 900.78, 63.12
1400885527210,-417.05, 900.56, 63.33
1400885527212,-415.96, 901.11, 62.53
1400885527270,-415.70, 901.24, 62.34
1400885527270,-415.53, 899.73, 64.15
1400885527272,-415.60, 900.00, 64.35
1400885527336,-415.87, 901.07, 65.13
1400885527337,-416.17, 901.07, 64.84
1400885527337,-416.54, 901.07, 64.48
1400885527337,-417.11, 901.86, 63.92
1400885527346,-417.38, 902.24, 63.66
1400885527404,-417.55, 899.77, 62.53
1400885527404,-417.48, 899.78, 62.60
1400885527406,-416.37, 900.56, 63.98
1400885527471,-416.49, 900.90, 63.98
1400885527472,-416.71, 901.57, 63.98
1400885527472,-416.52, 901.95, 62.70
1400885527472,-416.37, 902.24, 61.69
1400885527481,-416.08, 902.82, 63.68
1400885527540,-416.04, 902.91, 63.98
1400885527540,-416.54, 902.41, 62.84
1400885527541,-416.47, 902.47, 63.10
1400885527608,-416.21, 902.74, 64.15
1400885527608,-415.60, 902.89, 63.56
1400885527608,-414.86, 903.08, 62.84
1400885527608,-415.84, 903.32, 62.84
1400885527618,-416.21, 903.41, 62.84
1400885527674,-416.05, 903.57, 62.38
1400885527674,-415.89, 903.63, 62.33
1400885527678,-414.52, 904.08, 62.18
1400885527741,-414.97, 903.86, 62.18
1400885527741,-415.87, 903.41, 62.18
1400885527741,-414.83, 903.51, 62.64
1400885527741,-414.02, 903.58, 63.00
1400885527749,-415.66, 904.12, 62.47
1400885527810,-416.04, 904.25, 62.34
1400885527810,-415.37, 903.58, 61.69
1400885527810,-415.60, 903.88, 61.92
1400885527877,-416.54, 905.09, 62.84
1400885527877,-416.47, 904.56, 62.91
1400885527877,-416.37, 903.92, 63.00
1400885527877,-416.49, 904.97, 64.04
1400885527883,-416.54, 905.42, 64.48
1400885527944,-416.22, 903.51, 63.23
1400885527944,-416.13, 903.52, 63.15
1400885527945,-415.37, 904.59, 63.00
1400885527958,-415.48, 904.23, 63.93
1400885528012,-415.70, 903.58, 65.62
1400885528012,-415.51, 903.39, 64.31
1400885528012,-415.37, 903.25, 63.33
1400885528018,-415.37, 902.08, 64.19
1400885528080,-415.37, 901.91, 64.31
1400885528080,-414.69, 902.58, 63.98
1400885528080,-414.87, 902.54, 63.74
1400885528092,-415.53, 902.41, 62.84
1400885528147,-415.76, 902.33, 62.76
1400885528147,-416.04, 902.24, 62.67
1400885528147,-416.42, 902.11, 63.29
1400885528155,-416.54, 902.07, 63.49
1400885528213,-415.90, 901.75, 61.00
1400885528214,-415.90, 901.45, 60.87
1400885528215,-416.21, 898.72, 60.87
1400885528227,-416.09, 898.61, 60.53
1400885528283,-415.87, 898.39, 59.88
1400885528283,-415.46, 896.74, 59.28
1400885528283,-415.20, 895.70, 58.90
1400885528287,-414.37, 895.98, 57.83
1400885528349,-414.19, 896.04, 57.59
1400885528349,-412.67, 893.86, 58.41
1400885528349,-412.60, 894.62, 58.33
1400885528360,-412.34, 897.21, 58.08
1400885528417,-412.66, 895.59, 58.24
1400885528417,-413.01, 893.86, 58.41
1400885528417,-412.19, 894.21, 58.06
1400885528420,-411.83, 894.36, 57.91
1400885528485,-413.35, 893.53, 57.75
1400885528485,-413.24, 893.39, 57.58
1400885528485,-412.17, 892.02, 55.94
1400885528495,-411.75, 892.31, 56.58
1400885528551,-410.99, 892.86, 57.75
1400885528551,-411.09, 892.36, 57.46
1400885528551,-411.16, 892.02, 57.26
1400885528555,-409.40, 892.02, 57.55
1400885528619,-409.14, 892.02, 57.59
1400885528619,-410.15, 892.35, 56.27
1400885528619,-410.03, 892.15, 56.39
1400885528632,-409.65, 891.52, 56.77
1400885528687,-410.04, 890.81, 56.84
1400885528687,-410.49, 890.01, 56.93
1400885528687,-411.00, 891.02, 56.68
1400885528692,-411.16, 891.35, 56.60
1400885528754,-410.20, 890.07, 57.23
1400885528754,-410.35, 889.90, 57.28
1400885528754,-411.67, 889.17, 57.42
1400885528763,-411.67, 888.71, 57.53
1400885528821,-411.67, 887.83, 57.75
1400885528821,-411.57, 888.33, 56.88
1400885528821,-411.50, 888.67, 56.27
1400885528823,-410.51, 888.24, 57.52
1400885528890,-410.32, 888.16, 57.75
1400885528890,-410.49, 888.67, 57.91
1400885528890,-410.88, 888.35, 57.76
1400885528897,-412.17, 887.33, 57.26
1400885528957,-411.83, 887.49, 57.75
1400885528957,-411.50, 887.66, 58.24
1400885528957,-411.02, 888.61, 58.71
1400885528957,-410.82, 889.00, 58.90
1400885529024,-410.82, 889.00, 58.57
1400885529024,-410.95, 888.88, 58.49
1400885529025,-411.83, 888.00, 57.91
1400885529032,-411.57, 888.51, 58.04
1400885529092,-411.16, 889.34, 58.24
1400885529092,-412.36, 890.53, 58.63
1400885529092,-413.18, 891.35, 58.90
1400885529092,-413.48, 891.35, 59.79
1400885529158,-413.51, 891.35, 59.88
1400885529158,-412.17, 891.35, 58.24
1400885529158,-412.25, 891.51, 58.56
1400885529169,-412.51, 892.02, 59.56
1400885529226,-412.43, 892.10, 59.63
1400885529226,-412.34, 892.19, 59.72
1400885529226,-412.47, 892.57, 60.09
1400885529226,-412.51, 892.69, 60.21
1400885529293,-413.67, 894.83, 59.08
1400885529293,-413.82, 894.78, 58.94
1400885529293,-414.69, 894.20, 58.08
1400885529300,-414.20, 894.93, 58.56
1400885529361,-413.35, 896.21, 59.39
1400885529362,-414.11, 896.53, 59.50
1400885529362,-414.52, 896.71, 59.56
1400885529362,-413.96, 897.55, 59.83
1400885529375,-413.85, 897.72, 59.88
1400885529427,-414.02, 898.22, 60.70
1400885529427,-413.98, 898.18, 60.28
1400885529434,-413.85, 898.05, 58.90
1400885529496,-414.72, 897.70, 58.73
1400885529496,-415.53, 897.38, 58.57
1400885529496,-415.90, 898.49, 59.41
1400885529496,-416.04, 898.89, 59.72
1400885529563,-415.53, 899.39, 61.20
1400885529563,-415.47, 899.75, 61.22
1400885529563,-415.03, 902.24, 61.36
1400885529569,-415.35, 901.79, 61.68
1400885529631,-415.87, 901.07, 62.18
1400885529631,-416.07, 901.68, 61.58
1400885529631,-416.21, 902.07, 61.20
1400885529631,-415.60, 901.16, 62.68
1400885529700,-415.54, 901.09, 62.82
1400885529700,-416.04, 902.24, 61.69
1400885529700,-415.62, 902.32, 61.77
1400885529706,-414.36, 902.58, 62.02
1400885529766,-414.85, 902.58, 62.02
1400885529766,-415.37, 902.58, 62.02
1400885529766,-414.97, 904.02, 61.63
1400885529766,-414.86, 904.42, 61.52
1400885529778,-414.20, 903.10, 62.49
1400885529834,-414.32, 903.08, 62.68
1400885529834,-415.20, 903.08, 63.82
1400885529838,-415.32, 903.58, 63.20
1400885529902,-415.53, 904.42, 62.18
1400885529902,-414.78, 903.88, 62.07
1400885529902,-414.36, 903.58, 62.02
1400885529902,-414.65, 903.87, 62.30
1400885529969,-414.69, 903.91, 62.35
1400885529969,-414.52, 903.75, 62.84
1400885529969,-414.70, 903.49, 63.09
1400885529971,-415.20, 902.74, 63.82
1400885530036,-415.28, 902.83, 64.07
1400885530036,-415.37, 902.91, 64.31
1400885530036,-415.24, 903.28, 63.22
1400885530036,-415.20, 903.41, 62.84
1400885530106,-415.03, 903.92, 62.67
1400885530106,-415.07, 903.62, 62.59
1400885530107,-415.37, 901.57, 62.02
1400885530107,-415.50, 901.84, 62.67
1400885530172,-415.70, 902.24, 63.66
1400885530172,-416.75, 902.24, 63.04
1400885530172,-417.38, 902.24, 62.67
1400885530172,-416.60, 903.34, 63.13
1400885530238,-416.53, 903.40, 63.17
1400885530238,-416.04, 902.91, 63.33
1400885530238,-415.62, 902.86, 63.28
1400885530243,-414.52, 902.74, 63.16
1400885530307,-414.70, 902.57, 62.83
1400885530307,-414.86, 902.41, 62.51
1400885530307,-414.73, 901.48, 64.20
1400885530307,-414.69, 901.24, 64.64
1400885530315,-415.52, 901.07, 63.83
1400885530374,-415.56, 901.15, 63.74
1400885530374,-415.70, 901.57, 63.33
1400885530374,-415.84, 901.30, 63.07
1400885530445,-416.04, 900.90, 62.67
1400885530445,-415.59, 900.45, 62.67
1400885530445,-415.37, 900.23, 62.67
1400885530445,-415.81, 899.49, 62.53
1400885530509,-415.90, 899.37, 62.49
1400885530509,-417.72, 898.22, 61.36
1400885530509,-417.09, 897.59, 61.62
1400885530509,-415.37, 895.87, 62.34
1400885530580,-415.28, 895.07, 61.56
1400885530580,-415.20, 894.36, 60.87
1400885530580,-414.68, 894.36, 60.37
1400885530581,-414.52, 894.36, 60.21
1400885530645,-415.70, 895.54, 61.03
1400885530645,-415.44, 895.17, 60.93
1400885530645,-414.02, 893.19, 60.37
1400885530645,-414.22, 893.12, 60.05
1400885530715,-414.52, 893.02, 59.56
1400885530715,-414.20, 892.28, 59.87
1400885530715,-414.02, 891.85, 60.05
1400885530715,-411.02, 891.06, 60.20
1400885530778,-410.86, 891.00, 60.20
1400885530778,-413.18, 890.34, 59.56
1400885530778,-412.99, 890.53, 59.74
1400885530780,-412.51, 891.01, 60.21
1400885530792,-412.07, 890.06, 60.47
1400885530846,-411.67, 889.17, 60.70
1400885530846,-411.80, 889.03, 59.76
1400885530846,-411.83, 889.00, 59.56
1400885530913,-413.51, 888.67, 59.23
1400885530913,-413.38, 888.42, 59.36
1400885530914,-412.67, 887.16, 60.05
1400885530914,-412.61, 887.64, 60.11
1400885530926,-412.51, 888.33, 60.21
1400885530984,-412.29, 887.23, 60.43
1400885530984,-412.17, 886.66, 60.54
1400885530984,-413.35, 887.54, 60.25
1400885531049,-413.47, 887.65, 60.27
1400885531049,-412.67, 887.49, 61.36
1400885531049,-413.30, 887.58, 61.71
1400885531049,-415.03, 887.83, 62.67
1400885531061,-414.19, 887.92, 62.04
1400885531119,-413.51, 888.00, 61.52
1400885531119,-413.77, 886.97, 61.27
1400885531119,-413.85, 886.66, 61.20
1400885531186,-413.35, 887.16, 62.67
1400885531186,-413.58, 887.34, 62.60
1400885531186,-414.86, 888.33, 62.18
1400885531186,-414.37, 887.84, 61.97
1400885531251,-413.68, 887.16, 61.69
1400885531251,-413.68, 888.04, 61.69
1400885531251,-413.68, 888.50, 61.69
1400885531251,-412.74, 889.13, 60.77
1400885531318,-412.73, 889.11, 60.71
1400885531318,-413.85, 888.00, 60.87
1400885531318,-413.74, 888.66, 60.65
1400885531319,-413.51, 890.01, 60.21
1400885531329,-413.34, 888.94, 61.26
1400885531385,-413.18, 888.00, 62.18
1400885531385,-414.98, 890.07, 60.69
1400885531385,-415.37, 890.51, 60.37
1400885531453,-414.52, 892.02, 61.20
1400885531453,-414.38, 892.16, 61.22
1400885531453,-413.68, 892.86, 61.36
1400885531453,-414.16, 892.79, 60.62
1400885531463,-414.86, 892.69, 59.56
1400885531520,-413.56, 893.75, 60.36
1400885531520,-413.01, 894.20, 60.70
1400885531520,-413.62, 896.02, 60.11
1400885531591,-413.67, 896.29, 60.11
1400885531591,-413.35, 897.88, 61.36
1400885531591,-413.65, 897.68, 61.46
1400885531592,-414.36, 897.21, 61.69
1400885531597,-414.83, 897.50, 59.92
1400885531655,-415.20, 897.72, 58.57
1400885531655,-415.98, 900.05, 58.83
1400885531655,-416.21, 900.73, 58.90
1400885531723,-415.70, 902.24, 59.39
1400885531723,-415.61, 902.46, 59.54
1400885531723,-415.20, 903.41, 60.21
1400885531723,-415.20, 903.70, 61.07
1400885531734,-415.20, 904.08, 62.18
1400885531792,-415.31, 903.97, 63.80
1400885531792,-415.37, 903.92, 64.64
1400885531793,-414.71, 903.92, 63.05
1400885531891,-414.71, 903.92, 63.03
1400885531891,-415.03, 903.92, 63.66
1400885531891,-414.84, 904.11, 63.75
1400885531891,-414.36, 904.59, 63.98
1400885531892,-414.54, 904.95, 63.98
1400885531892,-414.69, 905.26, 63.98
1400885531896,-414.56, 905.67, 62.77
1400885531980,-414.52, 905.76, 62.51
1400885531980,-414.52, 905.12, 61.88
1400885531980,-414.39, 904.96, 62.24
1400885531980,-413.85, 904.42, 63.82
1400885531985,-413.64, 904.77, 62.91
1400885532044,-413.35, 905.26, 61.69
1400885532044,-413.59, 903.58, 60.75
1400885532044,-413.68, 902.91, 60.37
1400885532045,-413.38, 902.91, 59.18
1400885532111,-413.33, 902.91, 59.03
1400885532111,-413.01, 902.91, 58.41
1400885532111,-412.76, 902.36, 57.87
1400885532119,-412.17, 901.07, 56.60
1400885532179,-410.89, 901.75, 54.97
1400885532179,-409.98, 902.24, 53.81
1400885532179,-409.31, 899.96, 52.90
1400885532179,-409.14, 899.39, 52.66
1400885532246,-407.46, 896.71, 50.37
1400885532246,-407.18, 896.42, 50.15
1400885532246,-405.95, 895.20, 49.22
1400885532253,-405.34, 893.83, 49.22
1400885532314,-404.60, 892.19, 49.22
1400885532314,-403.93, 891.29, 48.12
1400885532314,-403.59, 890.84, 47.58
1400885532315,-403.76, 887.11, 47.74
1400885532382,-404.00, 886.94, 47.51
1400885532382,-406.79, 886.32, 44.79
1400885532382,-406.90, 885.63, 45.01
1400885532390,-407.13, 884.31, 45.45
1400885532449,-406.57, 883.02, 43.29
1400885532449,-406.12, 881.96, 41.51
1400885532449,-406.69, 881.68, 41.23
1400885532449,-406.79, 881.63, 41.18
1400885532516,-407.80, 882.63, 39.87
1400885532516,-408.23, 882.93, 39.90
1400885532516,-409.98, 884.14, 40.03
1400885532522,-410.35, 885.39, 39.53
1400885532584,-410.82, 886.99, 38.88
1400885532584,-410.47, 888.06, 37.83
1400885532585,-410.32, 888.50, 37.41
1400885532585,-413.64, 890.55, 39.41
1400885532651,-413.80, 890.90, 39.57
1400885532651,-413.18, 893.36, 39.87
1400885532651,-412.91, 894.27, 39.71
1400885532656,-412.34, 896.21, 39.38
1400885532719,-412.74, 895.20, 39.38
1400885532719,-413.01, 894.53, 39.38
1400885532719,-412.07, 896.00, 40.55
1400885532719,-411.83, 896.38, 40.85
1400885532786,-412.34, 895.87, 40.03
1400885532786,-412.28, 896.25, 40.09
1400885532786,-412.00, 897.88, 40.36
1400885532790,-411.71, 897.59, 40.22
1400885532855,-411.33, 897.21, 40.03
1400885532855,-412.14, 897.10, 40.14
1400885532855,-412.51, 897.05, 40.19
1400885532856,-410.55, 897.05, 39.88
1400885532921,-410.52, 897.21, 40.03
1400885532921,-410.82, 899.06, 41.84
1400885532921,-410.82, 898.94, 41.16
1400885532927,-410.82, 898.72, 39.87
1400885532988,-409.88, 900.04, 40.61
1400885532988,-409.14, 901.07, 41.18
1400885532989,-409.29, 899.77, 41.32
1400885532989,-409.31, 899.56, 41.34
1400885533055,-408.64, 897.88, 39.70
1400885533055,-408.73, 898.04, 39.67
1400885533055,-409.14, 898.72, 39.54
1400885533059,-408.70, 898.72, 39.25
1400885533128,-408.13, 898.72, 38.88
1400885533128,-408.01, 897.61, 37.31
1400885533128,-407.97, 897.21, 36.75
1400885533128,-407.18, 896.43, 37.21
1400885533191,-407.06, 896.53, 37.23
1400885533191,-406.29, 898.22, 37.08
1400885533191,-406.12, 898.94, 36.81
1400885533193,-405.78, 900.40, 36.26
1400885533283,-405.40, 900.02, 35.71
1400885533283,-405.11, 899.73, 35.27
1400885533283,-405.81, 899.87, 34.86
1400885533283,-405.95, 899.89, 34.78
1400885533286,-406.62, 898.55, 35.11
1400885533343,-406.73, 898.95, 34.65
1400885533343,-407.13, 900.40, 32.98
1400885533343,-408.52, 900.31, 33.38
1400885533345,-409.98, 900.23, 33.80
1400885533431,-409.87, 901.27, 33.69
1400885533431,-409.82, 901.74, 33.63
1400885533431,-410.15, 900.06, 33.63
1400885533431,-410.14, 900.13, 33.67
1400885533431,-409.98, 900.90, 34.12
1400885533495,-409.93, 900.60, 34.07
1400885533495,-409.82, 900.06, 33.96
1400885533495,-410.99, 900.45, 34.72
1400885533495,-411.83, 900.73, 35.27
1400885533506,-411.55, 900.44, 34.71
1400885533562,-411.50, 900.40, 34.62
1400885533562,-409.48, 899.73, 32.65
1400885533566,-409.94, 900.34, 32.72
1400885533629,-411.50, 902.41, 32.98
1400885533629,-411.50, 902.71, 32.53
1400885533629,-411.50, 903.08, 31.99
1400885533630,-411.00, 902.33, 32.97
1400885533714,-410.82, 902.07, 33.31
1400885533714,-411.93, 903.81, 32.53
1400885533714,-412.08, 903.81, 32.50
1400885533714,-412.84, 902.74, 32.65
1400885533715,-412.79, 902.91, 32.27
1400885533780,-412.67, 903.25, 31.50
1400885533780,-412.37, 902.94, 31.80
1400885533780,-412.17, 902.74, 31.99
1400885533780,-413.01, 903.58, 32.54
1400885533789,-413.18, 903.75, 32.65
1400885533849,-412.51, 902.07, 32.32
1400885533849,-412.77, 902.04, 32.50
1400885533849,-413.68, 901.91, 33.14
1400885533956,-413.36, 902.23, 33.46
1400885533957,-413.01, 902.58, 33.80
1400885533957,-413.62, 902.21, 34.63
1400885533957,-413.85, 902.07, 34.95
1400885533957,-417.05, 904.92, 37.08
1400885533957,-417.14, 904.72, 37.28
1400885534018,-417.89, 903.08, 38.88
1400885534018,-418.46, 902.89, 39.68
1400885534018,-419.40, 902.58, 41.02
1400885534018,-419.69, 903.65, 40.92
1400885534028,-419.91, 904.42, 40.85
1400885534117,-421.25, 903.67, 44.20
1400885534117,-421.42, 903.58, 44.62
1400885534117,-421.92, 904.75, 44.46
1400885534117,-422.24, 904.75, 44.46
1400885534121,-423.27, 904.75, 44.46
1400885534187,-422.56, 904.83, 45.16
1400885534187,-421.76, 904.92, 45.94
1400885534187,-422.61, 904.80, 47.71
1400885534187,-422.93, 904.75, 48.40
1400885534192,-424.08, 905.57, 47.60
1400885534253,-424.07, 905.40, 47.73
1400885534253,-423.77, 903.92, 48.89
1400885534253,-424.07, 904.56, 49.76
1400885534267,-424.61, 905.76, 51.35
1400885534332,-425.47, 904.49, 51.14
1400885534332,-425.96, 903.75, 51.02
1400885534332,-425.96, 903.47, 51.85
1400885534388,-425.96, 903.41, 52.01
1400885534388,-426.30, 903.75, 52.66
1400885534388,-426.22, 903.82, 53.03
1400885534388,-425.96, 904.08, 54.30
1400885534401,-424.86, 902.14, 54.88
1400885534456,-423.77, 900.23, 55.45
1400885534456,-424.02, 898.78, 55.69
1400885534456,-424.11, 898.22, 55.78
1400885534524,-419.57, 895.03, 60.21
1400885534524,-419.32, 894.68, 60.28
1400885534524,-417.21, 891.68, 60.87
1400885534524,-416.65, 890.36, 61.91
1400885534535,-415.70, 888.16, 63.66
1400885534591,-415.29, 888.78, 63.66
1400885534591,-415.03, 889.17, 63.66
1400885534591,-414.88, 888.12, 63.80
1400885534658,-414.84, 887.97, 63.84
1400885534658,-409.14, 881.96, 69.40
1400885534658,-408.26, 881.00, 70.26
1400885534659,-405.78, 878.28, 72.68
1400885534670,-402.45, 875.27, 74.85
1400885534724,-398.72, 871.91, 77.27
1400885534724,-393.66, 867.12, 82.46
1400885534724,-392.16, 865.71, 84.00
1400885534729,-368.46, 845.68, 103.29
1400885534794,-369.81, 844.49, 103.26
1400885534794,-384.59, 840.07, 98.93
1400885534794,-383.19, 841.22, 98.75
1400885534803,-380.72, 843.25, 98.44
1400885534860,-389.14, 850.36, 92.93
1400885534860,-394.01, 854.48, 89.74
1400885534860,-393.43, 856.22, 88.04
1400885534927,-393.35, 856.50, 87.75
1400885534927,-396.53, 859.34, 83.34
1400885534927,-398.63, 860.75, 82.05
1400885534927,-404.77, 864.87, 78.26
1400885534938,-405.47, 867.49, 77.06
1400885534995,-406.12, 869.90, 75.96
1400885534995,-404.27, 870.27, 76.08
1400885534995,-403.59, 870.40, 76.12
1400885535063,-400.57, 867.38, 78.09
1400885535063,-400.53, 867.16, 78.13
1400885535063,-400.23, 865.37, 78.42
1400885535063,-398.47, 862.97, 77.72
1400885535075,-395.69, 859.17, 76.62
1400885535129,-389.09, 855.06, 72.40
1400885535129,-384.93, 852.47, 69.73
1400885535130,-378.57, 846.13, 67.76
1400885535197,-377.99, 845.56, 67.58
1400885535197,-366.26, 836.89, 64.31
1400885535197,-360.04, 832.53, 62.37
1400885535197,-342.55, 820.30, 56.93
1400885535206,-330.51, 809.99, 50.98
1400885535265,-318.67, 799.85, 45.12
1400885535265,-295.22, 782.22, 45.76
1400885535265,-288.57, 777.23, 45.94
1400885535333,-240.14, 739.02, 42.00
1400885535333,-229.59, 730.29, 42.31
1400885535333,-178.76, 688.24, 43.80
1400885535333,-167.30, 679.13, 44.06
1400885535340,-148.83, 664.45, 44.46
1400885535399,-140.42, 656.74, 48.51
1400885535399,-136.21, 652.88, 50.53
1400885535399,-130.82, 648.38, 52.38
1400885535467,-129.98, 647.67, 52.68
1400885535467,-127.13, 642.49, 56.11
1400885535468,-125.04, 640.32, 57.07
1400885535468,-118.89, 633.95, 59.88
1400885535475,-112.64, 628.98, 60.50
1400885535534,-107.29, 624.73, 61.03
1400885535534,-94.23, 610.45, 65.86
1400885535534,-89.97, 605.80, 67.43
1400885535606,-71.64, 587.53, 79.41
1400885535606,-68.27, 583.73, 81.12
1400885535606,-48.43, 561.39, 91.22
1400885535606,-37.10, 549.14, 98.92
1400885535612,-20.68, 531.39, 110.09
1400885535669,-3.54, 516.04, 118.98
1400885535669,5.89, 507.59, 123.87
1400885535669,21.28, 492.56, 131.30
1400885535738,23.00, 490.83, 132.26
1400885535738,35.31, 477.26, 141.75
1400885535738,38.40, 472.60, 145.25
1400885535738,45.74, 461.51, 153.56
1400885535743,50.02, 456.02, 158.76
1400885535804,53.98, 450.95, 163.57
1400885535804,62.18, 443.87, 167.57
1400885535804,64.07, 442.24, 168.49
1400885535818,68.61, 433.36, 177.52
1400885535873,69.71, 432.26, 178.18
1400885535873,75.67, 426.32, 181.78
1400885535873,78.80, 423.21, 185.48
1400885535877,83.58, 418.44, 191.13
1400885535966,89.84, 410.81, 199.05
1400885535967,92.66, 407.38, 202.62
1400885535967,100.03, 393.13, 215.69
1400885535967,101.02, 391.17, 217.45
1400885535970,104.09, 383.59, 223.29
1400885536024,104.77, 382.72, 224.60
1400885536024,106.45, 380.57, 227.88
1400885536024,107.47, 378.99, 229.97
1400885536029,108.30, 377.72, 231.66
1400885536091,108.83, 375.61, 233.98
1400885536092,108.97, 375.04, 234.61
1400885536092,114.86, 367.50, 244.62
1400885536101,114.86, 366.78, 245.03
1400885536162,114.86, 363.48, 246.91
1400885536162,115.23, 366.95, 244.23
1400885536162,115.70, 371.35, 240.84
1400885536162,113.82, 372.78, 240.31
1400885536227,112.84, 373.53, 240.02
1400885536227,111.87, 372.25, 238.45
1400885536227,111.83, 371.93, 238.69
1400885536235,112.00, 364.99, 246.75
1400885536294,113.49, 360.33, 248.86
1400885536294,117.21, 348.73, 254.13
1400885536294,114.60, 338.93, 256.68
1400885536294,112.33, 330.46, 258.89
1400885536361,113.05, 329.18, 258.47
1400885536361,113.17, 328.96, 258.40
1400885536361,115.36, 328.79, 257.25
1400885536370,115.36, 328.30, 257.55
1400885536445,115.36, 326.11, 258.89
1400885536446,115.58, 325.32, 258.12
1400885536446,115.86, 324.26, 257.09
1400885536446,116.55, 323.81, 259.53
1400885536447,116.87, 323.59, 260.69
1400885536459,116.72, 322.81, 261.15
1400885536522,116.72, 322.62, 261.22
1400885536522,116.87, 320.91, 261.68
1400885536522,116.56, 320.70, 262.08
1400885536580,115.86, 320.24, 262.99
1400885536580,115.86, 320.24, 262.61
1400885536580,115.86, 320.24, 262.34
1400885536580,115.73, 319.84, 262.73
1400885536593,115.70, 319.74, 262.83
1400885536648,116.20, 319.24, 261.02
1400885536648,115.99, 319.21, 261.17
1400885536652,115.02, 319.07, 261.84
1400885536714,115.48, 318.91, 261.84
1400885536714,116.03, 318.73, 261.84
1400885536714,116.37, 317.03, 261.96
1400885536714,116.54, 316.22, 262.01
1400885536728,121.53, 313.49, 260.59
1400885536782,122.66, 312.83, 260.30
1400885536782,135.04, 305.49, 257.09
1400885536787,137.89, 302.44, 255.52
1400885536849,144.28, 295.61, 252.00
1400885536850,142.47, 293.03, 255.83
1400885536850,141.09, 291.08, 258.73
1400885536850,138.53, 287.96, 261.22
1400885536918,138.06, 287.40, 261.68
1400885536918,128.98, 279.69, 274.15
1400885536918,125.89, 277.76, 276.74
1400885536924,114.69, 270.81, 286.13
1400885536985,109.59, 267.37, 290.95
1400885536985,103.25, 263.10, 296.95
1400885536985,99.55, 259.41, 300.80
1400885536985,98.21, 258.07, 302.20
1400885536996,99.30, 257.91, 302.66
1400885537051,99.40, 257.96, 302.56
1400885537051,99.55, 258.74, 300.89
1400885537055,100.62, 259.27, 301.94
1400885537120,102.92, 260.42, 304.17
1400885537120,103.94, 263.88, 304.17
1400885537120,104.60, 266.11, 304.17
1400885537120,105.56, 268.72, 306.46
1400885537130,105.78, 269.30, 306.96
1400885537187,106.95, 268.80, 306.80
1400885537188,106.95, 269.22, 307.14
1400885537189,106.95, 270.81, 308.44
1400885537255,106.39, 271.20, 308.83
1400885537255,105.78, 271.64, 309.26
1400885537255,106.25, 272.60, 309.49
1400885537255,106.45, 272.98, 309.59
1400885537264,106.28, 273.81, 310.73
1400885537322,106.16, 273.77, 311.04
1400885537322,105.10, 273.32, 313.85
1400885537324,104.43, 273.26, 313.79
1400885537389,103.25, 273.15, 313.69
1400885537389,103.15, 272.66, 313.40
1400885537390,103.09, 272.31, 313.20
1400885537390,102.64, 270.99, 313.05
1400885537401,102.58, 270.81, 313.03
1400885537457,104.26, 267.79, 314.34
1400885537457,103.32, 267.53, 314.53
1400885537461,100.06, 266.62, 315.16
1400885537523,100.37, 266.92, 314.41
1400885537524,100.73, 267.29, 313.52
1400885537524,99.84, 264.36, 314.15
1400885537524,99.55, 263.43, 314.34
1400885537533,99.55, 262.47, 314.03
1400885537591,99.55, 262.49, 314.02
1400885537591,99.55, 263.10, 314.02
1400885537592,98.96, 264.27, 314.48
1400885537658,97.87, 266.45, 315.33
1400885537658,98.50, 267.07, 313.90
1400885537658,98.88, 267.45, 313.03
1400885537658,99.31, 266.46, 314.57
1400885537666,99.39, 266.28, 314.84
1400885537726,97.20, 266.78, 315.33
1400885537726,97.36, 266.63, 315.33
1400885537726,97.87, 266.11, 315.33
1400885537793,97.87, 266.11, 315.50
1400885537793,97.87, 266.11, 315.66
1400885537793,97.51, 265.03, 314.83
1400885537794,97.37, 264.61, 314.51
1400885537861,96.69, 262.93, 314.18
1400885537861,96.76, 262.96, 314.18
1400885537861,97.37, 263.27, 314.18
1400885537861,97.24, 263.39, 315.16
1400885537932,97.03, 263.60, 316.80
1400885537932,96.52, 263.70, 316.90
1400885537932,96.19, 263.77, 316.97
1400885537932,96.19, 263.46, 316.08
1400885537935,96.19, 263.43, 315.99
1400885537997,95.18, 262.43, 317.63
1400885537997,95.68, 262.59, 317.22
1400885537998,97.20, 263.10, 315.99
1400885538010,97.28, 263.51, 315.58
1400885538064,97.37, 263.94, 315.16
1400885538064,97.62, 264.96, 314.16
1400885538064,97.70, 265.28, 313.85
1400885538069,98.04, 263.95, 314.18
1400885538130,97.95, 264.21, 314.23
1400885538130,97.37, 265.95, 314.51
1400885538130,97.24, 265.20, 314.51
1400885538144,97.03, 263.94, 314.51
1400885538200,96.15, 263.50, 316.01
1400885538200,95.68, 263.27, 316.80
1400885538200,97.12, 264.98, 315.40
1400885538203,97.37, 265.28, 315.16
1400885538266,98.38, 266.62, 314.18
1400885538266,97.97, 267.02, 314.18
1400885538266,96.69, 268.29, 314.18
1400885538334,96.52, 268.47, 314.35
1400885538335,96.36, 268.63, 314.51
1400885538335,97.60, 269.87, 312.32
1400885538335,98.04, 270.30, 311.55
1400885538402,97.87, 270.14, 313.36
1400885538402,97.85, 270.02, 313.25
1400885538402,97.70, 269.30, 312.54
1400885538402,97.24, 269.76, 312.73
1400885538467,96.53, 270.47, 313.03
1400885538468,97.70, 272.49, 312.10
1400885538468,98.38, 273.66, 311.55
1400885538468,97.91, 274.11, 309.61
1400885538536,97.88, 274.19, 309.41
1400885538536,98.21, 275.50, 309.09
1400885538536,98.70, 275.28, 308.44
1400885538536,100.06, 274.66, 306.63
