1404179223237,-117.12, -163.02, -130.56
1404179223238,-116.58, -163.02, -130.20
1404179223238,-116.64, -163.08, -130.44
1404179223238,-116.46, -163.02, -130.38
1404179223238,-116.10, -163.02, -130.38
1404179223238,-115.92, -162.84, -130.50
1404179223238,-115.74, -162.78, -130.74
1404179223238,-115.74, -162.78, -130.80
1404179223239,-115.62, -162.66, -131.04
1404179223239,-115.92, -162.60, -131.22
1404179223353,-115.56, -162.18, -131.22
1404179223353,-115.20, -162.42, -131.16
1404179223353,-115.26, -162.24, -131.34
1404179223353,-115.08, -162.30, -131.28
1404179223353,-115.14, -162.24, -131.22
1404179223354,-115.08, -162.18, -131.04
1404179223354,-115.38, -162.36, -130.80
1404179223354,-115.50, -162.54, -130.80
1404179223354,-115.86, -162.66, -130.74
1404179223354,-116.16, -162.36, -130.74
1404179223354,-116.04, -162.78, -130.50
1404179223361,-115.80, -162.66, -130.32
1404179223472,-115.92, -162.60, -130.32
1404179223472,-115.74, -162.54, -130.44
1404179223472,-115.68, -162.36, -130.56
1404179223473,-115.56, -162.18, -130.56
1404179223473,-115.62, -162.18, -130.74
1404179223473,-115.38, -162.24, -130.86
1404179223473,-115.26, -162.06, -130.98
1404179223473,-115.50, -162.42, -131.04
1404179223473,-115.38, -162.66, -130.80
1404179223473,-115.26, -162.72, -130.86
1404179223473,-115.26, -162.66, -130.80
1404179223573,-114.84, -162.78, -130.74
1404179223573,-114.48, -163.02, -130.68
1404179223573,-114.36, -163.08, -130.50
1404179223574,-114.60, -163.08, -130.44
1404179223574,-114.72, -163.02, -130.50
1404179223574,-114.48, -163.02, -130.74
1404179223574,-114.48, -162.96, -130.74
1404179223574,-114.36, -162.96, -130.74
1404179223574,-114.72, -162.84, -130.74
1404179223574,-114.90, -162.66, -130.62
1404179223672,-114.84, -162.66, -130.50
1404179223672,-114.78, -162.54, -130.62
1404179223672,-114.42, -162.66, -130.38
1404179223672,-114.54, -162.60, -130.44
1404179223672,-114.78, -162.78, -130.32
1404179223672,-114.78, -162.90, -130.38
1404179223672,-114.54, -162.84, -130.32
1404179223672,-114.66, -162.84, -130.62
1404179223673,-114.84, -162.84, -130.80
1404179223675,-114.96, -162.78, -130.68
1404179223773,-114.96, -162.84, -130.98
1404179223773,-114.84, -162.90, -130.74
1404179223773,-114.84, -162.84, -130.80
1404179223773,-114.78, -162.66, -130.56
1404179223773,-114.84, -162.78, -130.56
1404179223773,-114.96, -162.72, -130.44
1404179223773,-114.90, -162.72, -130.32
1404179223773,-114.90, -162.78, -130.56
1404179223773,-115.20, -162.78, -130.38
1404179223776,-115.26, -162.42, -130.50
1404179223872,-115.14, -162.66, -130.38
1404179223873,-114.96, -162.96, -130.32
1404179223873,-115.02, -163.02, -130.26
1404179223873,-114.90, -163.32, -130.14
1404179223873,-114.96, -163.20, -130.26
1404179223873,-115.02, -163.14, -130.14
1404179223873,-115.02, -163.14, -130.20
1404179223873,-115.32, -163.32, -130.14
1404179223873,-115.44, -163.14, -130.20
1404179223999,-115.56, -162.84, -130.38
1404179223999,-115.62, -163.20, -130.38
1404179224000,-115.38, -163.08, -130.20
1404179224000,-115.32, -163.20, -130.08
1404179224000,-115.38, -163.20, -130.08
1404179224000,-115.26, -163.08, -130.08
1404179224000,-115.44, -163.20, -130.26
1404179224000,-115.56, -163.38, -130.50
1404179224000,-115.86, -163.56, -130.80
1404179224000,-116.04, -163.32, -130.98
1404179224000,-116.58, -163.38, -131.40
1404179224001,-117.06, -163.32, -131.64
1404179224097,-117.24, -163.26, -132.00
1404179224097,-116.76, -163.26, -131.94
1404179224097,-116.64, -163.32, -131.76
1404179224097,-116.70, -163.20, -131.58
1404179224097,-116.76, -163.14, -131.58
1404179224097,-116.64, -163.08, -131.52
1404179224097,-116.52, -163.02, -131.40
1404179224097,-116.28, -163.08, -131.46
1404179224098,-116.52, -163.32, -131.40
1404179224100,-116.70, -163.32, -131.52
1404179224231,-116.64, -163.32, -131.46
1404179224231,-116.46, -163.32, -131.34
1404179224231,-116.22, -163.50, -131.16
1404179224232,-116.28, -163.38, -131.04
1404179224232,-116.34, -163.62, -131.04
1404179224232,-116.40, -163.68, -130.98
1404179224232,-116.70, -163.68, -131.22
1404179224232,-116.94, -163.38, -131.34
1404179224233,-117.24, -163.20, -131.82
1404179224233,-117.54, -163.20, -131.88
1404179224233,-117.96, -163.08, -132.12
1404179224233,-118.08, -163.14, -132.36
1404179224233,-117.96, -163.02, -132.36
1404179224352,-117.78, -163.02, -132.30
1404179224352,-117.48, -162.84, -132.18
1404179224352,-117.12, -163.02, -132.06
1404179224352,-116.88, -163.14, -131.88
1404179224352,-116.70, -163.26, -132.00
1404179224352,-116.28, -163.38, -131.88
1404179224353,-115.92, -163.56, -131.76
1404179224353,-115.62, -163.80, -131.76
1404179224353,-115.50, -164.04, -131.82
1404179224353,-115.26, -164.46, -131.70
1404179224353,-114.84, -164.70, -131.70
1404179224353,-114.42, -164.94, -131.70
1404179224453,-113.82, -165.30, -131.52
1404179224453,-113.22, -165.36, -131.46
1404179224453,-112.62, -165.78, -131.22
1404179224453,-112.20, -165.96, -131.28
1404179224453,-111.96, -166.26, -131.04
1404179224453,-111.78, -166.32, -131.10
1404179224453,-111.84, -166.68, -131.10
1404179224453,-111.84, -166.86, -130.86
1404179224454,-111.84, -167.10, -130.98
1404179224454,-112.20, -167.40, -131.10
1404179224547,-112.08, -167.16, -131.22
1404179224547,-111.90, -167.16, -130.92
1404179224547,-111.66, -167.34, -130.98
1404179224547,-111.36, -167.28, -130.86
1404179224547,-111.42, -166.98, -130.92
1404179224547,-111.48, -166.80, -130.98
1404179224548,-111.54, -166.56, -130.98
1404179224548,-111.36, -166.38, -131.10
1404179224548,-111.66, -166.02, -131.28
1404179224555,-111.84, -165.84, -131.40
1404179224646,-111.90, -165.18, -131.46
1404179224646,-112.08, -164.88, -131.52
1404179224646,-112.14, -164.64, -131.46
1404179224646,-111.96, -164.40, -131.58
1404179224647,-111.90, -164.22, -131.52
1404179224647,-111.96, -164.04, -131.34
1404179224647,-112.14, -163.98, -131.34
1404179224647,-111.96, -163.50, -131.46
1404179224647,-111.96, -163.38, -131.58
1404179224657,-111.66, -163.44, -131.46
1404179224744,-110.88, -163.38, -131.64
1404179224748,-110.10, -163.50, -131.46
1404179224748,-109.74, -163.20, -131.64
1404179224748,-109.14, -163.14, -131.52
1404179224748,-108.60, -163.14, -131.64
1404179224748,-108.54, -163.62, -131.58
1404179224749,-108.42, -164.04, -131.64
1404179224749,-108.84, -163.92, -131.88
1404179224749,-109.62, -163.98, -131.88
1404179224767,-110.04, -163.56, -131.94
1404179224891,-110.28, -163.86, -131.46
1404179224891,-110.70, -163.80, -131.52
1404179224891,-110.88, -163.56, -131.34
1404179224891,-111.12, -163.08, -131.46
1404179224891,-111.12, -162.42, -131.52
1404179224891,-111.00, -162.18, -131.70
1404179224892,-110.64, -161.76, -131.58
1404179224892,-110.64, -161.40, -131.88
1404179224892,-110.28, -160.56, -132.12
1404179224892,-109.74, -159.84, -132.12
1404179224892,-109.32, -159.42, -132.18
1404179224892,-108.78, -159.06, -132.00
1404179224896,-107.40, -158.04, -131.58
1404179224906,-106.92, -157.62, -131.76
1404179224995,-106.20, -157.32, -131.46
1404179224996,-106.02, -157.32, -131.40
1404179224996,-106.08, -157.26, -131.46
1404179224996,-106.08, -157.08, -131.28
1404179224996,-106.08, -157.02, -131.10
1404179224996,-106.14, -156.96, -130.86
1404179224996,-106.56, -157.20, -130.92
1404179224996,-106.74, -157.08, -130.92
1404179224997,-107.22, -157.02, -130.92
1404179225010,-107.04, -156.84, -130.80
1404179225139,-106.80, -156.96, -130.62
1404179225139,-106.62, -157.14, -130.74
1404179225139,-106.74, -156.90, -131.04
1404179225140,-106.98, -156.78, -131.34
1404179225140,-107.04, -156.66, -131.46
1404179225140,-107.34, -156.78, -131.46
1404179225140,-107.76, -157.02, -131.58
1404179225140,-108.18, -157.38, -132.18
1404179225140,-108.96, -157.80, -132.36
1404179225140,-109.44, -158.04, -132.72
1404179225140,-109.68, -158.58, -132.78
1404179225140,-109.86, -159.06, -132.84
1404179225145,-109.92, -159.78, -132.66
1404179225155,-109.56, -159.90, -132.60
1404179225245,-109.62, -160.02, -132.24
1404179225245,-109.50, -159.90, -132.24
1404179225245,-109.56, -159.90, -132.00
1404179225246,-109.44, -159.96, -131.82
1404179225246,-109.50, -160.20, -131.70
1404179225246,-109.26, -160.32, -131.70
1404179225246,-109.62, -160.38, -131.70
1404179225246,-109.92, -160.74, -131.64
1404179225247,-109.62, -160.86, -131.46
1404179225256,-109.38, -161.22, -131.40
1404179225372,-108.84, -161.52, -131.22
1404179225372,-108.84, -161.82, -131.22
1404179225372,-108.72, -161.94, -131.16
1404179225372,-108.42, -162.18, -130.98
1404179225372,-108.42, -162.66, -130.92
1404179225372,-108.18, -162.96, -131.10
1404179225373,-108.60, -163.44, -131.28
1404179225373,-109.02, -163.98, -131.22
1404179225373,-109.56, -164.04, -131.40
1404179225376,-109.92, -164.34, -131.46
1404179225376,-110.22, -164.82, -131.64
1404179225386,-110.28, -165.00, -131.58
1404179225511,-110.22, -164.94, -131.64
1404179225511,-110.70, -165.00, -131.82
1404179225511,-110.94, -164.94, -132.00
1404179225511,-110.82, -164.76, -132.00
1404179225511,-110.88, -165.00, -131.94
1404179225511,-110.70, -164.94, -132.12
1404179225512,-110.46, -164.76, -131.94
1404179225512,-110.94, -164.88, -132.06
1404179225512,-110.94, -165.24, -132.24
1404179225512,-110.82, -165.24, -132.12
1404179225512,-110.64, -165.48, -131.94
1404179225512,-110.40, -165.66, -132.00
1404179225517,-110.40, -165.60, -131.88
1404179225644,-110.16, -165.84, -131.46
1404179225644,-110.22, -165.90, -131.46
1404179225644,-110.10, -166.02, -131.28
1404179225644,-110.10, -165.84, -131.22
1404179225644,-110.16, -165.66, -131.22
1404179225645,-110.16, -165.48, -131.22
1404179225645,-110.40, -165.06, -131.28
1404179225645,-110.52, -165.00, -131.28
1404179225645,-110.46, -164.70, -131.52
1404179225645,-110.52, -164.46, -131.46
1404179225645,-110.64, -164.34, -131.64
1404179225645,-110.76, -164.10, -131.52
1404179225649,-110.82, -164.28, -131.28
1404179225767,-111.00, -164.40, -131.22
1404179225767,-110.94, -164.28, -131.22
1404179225767,-110.94, -164.58, -131.28
1404179225767,-111.18, -164.34, -131.34
1404179225768,-111.42, -164.46, -131.46
1404179225768,-111.36, -164.40, -131.28
1404179225768,-111.48, -164.34, -131.34
1404179225768,-111.72, -164.16, -131.58
1404179225768,-111.54, -164.04, -131.58
1404179225768,-111.90, -164.10, -131.64
1404179225768,-112.02, -163.92, -131.58
1404179225770,-112.14, -163.98, -131.58
1404179225870,-111.84, -164.04, -131.40
1404179225870,-111.84, -163.98, -131.52
1404179225870,-112.02, -163.98, -131.46
1404179225870,-112.08, -164.28, -131.40
1404179225870,-112.26, -164.16, -131.34
1404179225870,-112.38, -164.28, -131.40
1404179225871,-112.44, -164.04, -131.46
1404179225871,-112.50, -164.10, -131.40
1404179225871,-112.86, -163.92, -131.58
1404179225871,-113.16, -163.98, -131.82
1404179225881,-112.92, -163.86, -131.82
1404179225975,-112.80, -163.80, -131.88
1404179225975,-112.98, -163.68, -132.06
1404179225975,-112.98, -163.44, -132.06
1404179225975,-112.98, -163.44, -132.18
1404179225975,-113.10, -163.38, -132.18
1404179225975,-112.98, -163.26, -132.36
1404179225975,-113.04, -163.02, -132.18
1404179225976,-113.28, -162.90, -132.42
1404179225976,-113.46, -162.72, -132.48
1404179225982,-113.10, -162.54, -132.30
1404179226112,-112.86, -162.72, -132.12
1404179226113,-112.98, -162.66, -131.88
1404179226113,-113.10, -162.36, -132.24
1404179226113,-113.34, -162.18, -132.24
1404179226113,-113.58, -162.18, -132.36
1404179226113,-113.70, -161.88, -132.42
1404179226113,-113.82, -161.70, -132.48
1404179226113,-113.88, -161.76, -132.60
1404179226114,-114.24, -161.34, -132.96
1404179226114,-114.12, -161.22, -133.26
1404179226114,-113.94, -161.10, -133.02
1404179226114,-113.76, -160.92, -133.08
1404179226114,-113.46, -160.62, -133.32
1404179226223,-112.92, -160.80, -133.32
1404179226223,-112.44, -160.80, -133.08
1404179226224,-112.44, -160.80, -133.14
1404179226224,-111.96, -160.92, -133.14
1404179226224,-111.60, -160.92, -133.08
1404179226224,-111.18, -160.92, -132.96
1404179226224,-111.00, -160.98, -132.84
1404179226224,-110.58, -161.16, -132.66
1404179226225,-110.70, -161.16, -132.48
1404179226225,-110.82, -161.10, -132.66
1404179226226,-110.46, -160.98, -132.78
1404179226235,-110.34, -161.04, -132.42
1404179226338,-110.28, -160.98, -132.30
1404179226338,-110.40, -160.98, -132.48
1404179226338,-110.34, -161.16, -132.42
1404179226338,-110.28, -160.98, -132.36
1404179226338,-110.28, -160.50, -132.48
1404179226338,-109.98, -160.26, -132.54
1404179226339,-110.04, -160.08, -132.54
1404179226339,-110.28, -159.72, -132.72
1404179226339,-110.34, -159.42, -132.84
1404179226339,-110.34, -159.12, -132.78
1404179226343,-110.22, -158.82, -132.72
1404179226452,-110.16, -158.76, -132.54
1404179226452,-110.40, -158.94, -132.36
1404179226452,-110.70, -158.82, -132.06
1404179226453,-110.82, -158.64, -131.88
1404179226453,-111.12, -158.58, -131.88
1404179226453,-111.36, -158.40, -131.82
1404179226453,-111.72, -158.28, -131.70
1404179226453,-112.14, -158.22, -131.82
1404179226453,-112.98, -158.10, -132.06
1404179226453,-113.52, -157.74, -132.18
1404179226454,-114.00, -157.56, -132.36
1404179226464,-114.42, -157.44, -132.48
1404179226568,-115.02, -157.26, -132.66
1404179226568,-115.74, -157.14, -132.66
1404179226569,-116.46, -157.02, -132.84
1404179226569,-117.54, -156.84, -132.90
1404179226569,-118.32, -156.48, -132.72
1404179226569,-118.86, -156.24, -132.72
1404179226570,-119.76, -155.94, -132.78
1404179226570,-121.02, -155.52, -132.78
1404179226570,-121.80, -155.10, -132.78
1404179226570,-122.94, -154.74, -132.96
1404179226575,-123.78, -154.38, -133.08
1404179226586,-124.68, -154.08, -133.02
1404179226685,-126.00, -153.78, -133.26
1404179226686,-127.50, -153.42, -133.44
1404179226686,-128.82, -153.06, -133.50
1404179226686,-130.02, -152.76, -133.50
1404179226686,-131.76, -152.22, -133.38
1404179226686,-133.26, -151.68, -133.20
1404179226686,-135.30, -150.72, -133.08
1404179226686,-137.22, -149.88, -133.02
1404179226686,-139.20, -148.68, -132.72
1404179226687,-141.48, -147.66, -132.18
1404179226696,-143.94, -146.64, -131.34
1404179226802,-146.88, -145.38, -130.44
1404179226802,-149.58, -144.00, -129.66
1404179226802,-152.58, -142.38, -128.64
1404179226802,-155.70, -140.46, -127.32
1404179226802,-159.06, -138.12, -125.70
1404179226802,-162.30, -135.84, -123.84
1404179226803,-165.24, -133.08, -121.92
1404179226803,-168.18, -130.14, -120.12
1404179226803,-169.98, -126.78, -118.50
1404179226803,-171.78, -123.30, -116.22
1404179226813,-172.86, -119.88, -114.06
1404179226919,-173.46, -116.52, -111.90
1404179226919,-173.70, -113.22, -109.74
1404179226919,-173.52, -109.92, -107.64
1404179226919,-173.10, -106.80, -105.12
1404179226920,-172.26, -104.04, -102.06
1404179226920,-171.72, -101.82, -98.76
1404179226920,-170.88, -99.90, -95.52
1404179226920,-170.16, -98.28, -91.80
1404179226920,-169.20, -97.26, -87.96
1404179226920,-167.76, -96.24, -84.12
1404179226924,-166.32, -95.58, -80.04
1404179226934,-164.70, -95.28, -76.08
1404179227036,-163.20, -94.80, -72.54
1404179227036,-161.64, -94.50, -68.76
1404179227036,-160.14, -93.96, -64.86
1404179227036,-158.70, -93.36, -61.14
1404179227036,-157.62, -92.52, -57.36
1404179227036,-156.36, -91.80, -53.40
1404179227037,-155.28, -91.08, -49.14
1404179227037,-154.20, -89.70, -45.06
1404179227037,-153.06, -88.02, -40.44
1404179227037,-151.92, -85.74, -35.58
1404179227045,-150.36, -83.34, -30.90
1404179227149,-148.62, -80.76, -25.80
1404179227149,-146.40, -77.64, -20.76
1404179227149,-144.00, -74.46, -15.48
1404179227149,-141.48, -70.74, -10.32
1404179227149,-138.78, -66.90, -4.98
1404179227149,-135.96, -63.00, 0.24
1404179227150,-132.36, -59.10, 5.16
1404179227150,-128.58, -55.50, 9.90
1404179227150,-124.50, -51.96, 13.98
1404179227150,-119.82, -48.90, 17.76
1404179227249,-114.66, -46.02, 21.36
1404179227250,-109.44, -44.22, 24.42
1404179227250,-104.28, -42.78, 27.00
1404179227250,-99.48, -41.58, 28.50
1404179227250,-95.28, -40.62, 29.64
1404179227250,-91.50, -39.96, 30.36
1404179227250,-88.44, -39.42, 31.02
1404179227250,-86.22, -38.94, 31.92
1404179227251,-84.84, -38.40, 32.40
1404179227251,-83.52, -37.38, 32.88
1404179227345,-82.20, -36.36, 33.48
1404179227346,-80.70, -35.52, 34.74
1404179227346,-78.90, -35.10, 35.82
1404179227346,-77.04, -34.32, 36.96
1404179227346,-74.82, -33.30, 37.68
1404179227346,-72.36, -31.92, 38.04
1404179227346,-69.84, -30.36, 38.04
1404179227346,-67.32, -28.80, 37.80
1404179227346,-64.62, -27.18, 37.26
1404179227348,-61.74, -25.26, 36.48
1404179227446,-58.50, -23.28, 35.52
1404179227446,-55.38, -21.30, 34.26
1404179227446,-52.56, -19.50, 33.06
1404179227446,-49.62, -17.82, 31.68
1404179227446,-46.44, -16.08, 30.42
1404179227446,-43.50, -14.40, 28.98
1404179227446,-40.80, -13.02, 27.36
1404179227446,-38.22, -11.76, 25.50
1404179227446,-36.06, -10.38, 23.64
1404179227449,-33.72, -8.94, 21.78
1404179227545,-30.66, -7.86, 19.98
1404179227545,-27.90, -6.72, 18.54
1404179227545,-25.92, -5.94, 16.98
1404179227545,-23.94, -5.16, 15.84
1404179227545,-22.02, -4.44, 14.88
1404179227545,-20.58, -3.78, 14.16
1404179227546,-19.38, -3.66, 13.68
1404179227546,-18.66, -3.72, 13.32
1404179227546,-18.90, -3.42, 13.32
1404179227550,-19.08, -3.36, 13.14
1404179227667,-18.90, -3.66, 13.32
1404179227668,-18.84, -4.08, 13.44
1404179227668,-19.08, -4.26, 13.50
1404179227668,-19.20, -4.26, 13.38
1404179227668,-19.38, -4.14, 13.38
1404179227668,-19.68, -4.14, 13.50
1404179227668,-19.62, -4.44, 13.44
1404179227668,-19.74, -4.68, 13.44
1404179227668,-20.10, -4.62, 13.32
1404179227669,-20.16, -4.38, 13.14
1404179227670,-20.16, -4.26, 13.20
1404179227672,-20.22, -4.38, 13.38
1404179227682,-19.98, -4.44, 13.74
1404179227802,-19.62, -4.38, 13.86
1404179227803,-19.86, -4.32, 14.04
1404179227803,-19.80, -4.32, 14.16
1404179227803,-19.68, -4.20, 14.28
1404179227803,-19.80, -4.26, 14.64
1404179227803,-19.86, -4.20, 14.88
1404179227803,-20.04, -4.14, 15.06
1404179227804,-20.46, -4.02, 14.82
1404179227804,-20.88, -3.90, 14.76
1404179227804,-21.06, -3.72, 14.94
1404179227804,-21.48, -3.54, 15.00
1404179227804,-21.84, -3.18, 15.18
1404179227814,-21.96, -2.82, 15.36
1404179227974,-22.20, -2.22, 15.84
1404179227975,-22.38, -1.38, 16.02
1404179227975,-22.92, -0.90, 16.38
1404179227975,-23.28, -0.54, 16.44
1404179227975,-23.46, -0.24, 16.74
1404179227975,-23.40, 0.00, 17.16
1404179227976,-23.16, 0.06, 16.98
1404179227976,-22.74, -0.54, 16.62
1404179227976,-22.14, -1.86, 15.66
1404179227976,-19.56, -5.58, 14.58
1404179227976,-18.06, -6.90, 14.28
1404179227976,-16.68, -8.28, 13.68
1404179227980,-13.74, -11.64, 12.90
1404179228141,-13.02, -12.12, 13.26
1404179228142,-12.54, -12.12, 13.26
1404179228142,-12.36, -11.94, 13.26
1404179228142,-12.18, -12.00, 13.50
1404179228142,-12.06, -12.36, 13.62
1404179228142,-11.76, -12.48, 13.32
1404179228142,-11.88, -12.72, 13.32
1404179228142,-11.88, -12.96, 13.14
1404179228142,-12.00, -13.08, 12.72
1404179228143,-12.24, -13.32, 12.24
1404179228143,-12.36, -13.56, 12.24
1404179228143,-12.42, -13.80, 12.00
1404179228152,-12.42, -14.76, 11.88
1404179228257,-12.36, -14.94, 12.24
1404179228257,-12.12, -14.94, 12.36
1404179228257,-12.06, -15.18, 12.36
1404179228257,-11.94, -15.30, 12.42
1404179228257,-12.06, -15.18, 12.48
1404179228258,-12.00, -14.82, 12.78
1404179228258,-12.06, -14.64, 12.96
1404179228258,-12.54, -14.64, 13.08
1404179228258,-12.42, -14.52, 13.14
1404179228258,-12.72, -14.40, 13.20
1404179228262,-12.78, -14.10, 13.56
1404179228366,-12.66, -13.92, 13.92
1404179228366,-12.54, -13.98, 14.22
1404179228367,-12.66, -14.04, 14.22
1404179228367,-12.84, -14.04, 14.70
1404179228367,-12.54, -13.62, 15.06
1404179228367,-12.54, -13.20, 15.48
1404179228367,-12.66, -12.84, 15.78
1404179228367,-12.60, -12.48, 15.96
1404179228367,-12.84, -12.42, 16.20
1404179228367,-13.08, -11.94, 16.26
1404179228467,-12.96, -11.40, 16.68
1404179228467,-12.66, -11.34, 16.92
1404179228468,-12.60, -11.64, 16.98
1404179228468,-12.72, -11.58, 17.22
1404179228469,-12.66, -11.58, 17.40
1404179228469,-12.84, -11.64, 17.64
1404179228469,-12.96, -11.34, 17.58
1404179228470,-12.96, -11.34, 17.88
1404179228470,-13.26, -11.58, 17.94
1404179228470,-13.50, -11.40, 17.82
1404179228475,-13.68, -11.34, 18.00
1404179228586,-13.80, -11.58, 18.12
1404179228586,-13.74, -11.88, 18.30
1404179228586,-13.80, -11.94, 18.36
1404179228586,-13.80, -12.24, 18.60
1404179228586,-13.92, -12.30, 18.60
1404179228587,-13.86, -12.30, 18.60
1404179228587,-13.86, -12.54, 18.84
1404179228587,-14.10, -12.54, 18.72
1404179228587,-14.22, -12.30, 18.84
1404179228587,-14.34, -12.30, 18.84
1404179228587,-14.40, -12.18, 18.90
1404179228596,-14.40, -11.94, 19.08
1404179228705,-14.16, -11.64, 19.26
1404179228705,-14.40, -11.58, 19.44
1404179228705,-14.70, -11.34, 19.62
1404179228705,-14.76, -11.22, 19.98
1404179228705,-14.82, -11.40, 19.92
1404179228705,-14.70, -11.34, 19.98
1404179228705,-14.64, -11.58, 19.92
1404179228706,-14.88, -11.40, 19.80
1404179228706,-15.18, -11.76, 19.68
1404179228706,-14.88, -11.82, 19.62
1404179228708,-14.58, -11.88, 19.38
1404179228718,-14.22, -11.76, 19.26
1404179228823,-14.10, -11.58, 19.26
1404179228823,-14.10, -11.34, 19.44
1404179228823,-13.98, -11.04, 19.44
1404179228823,-13.80, -10.98, 19.50
1404179228823,-13.56, -10.56, 19.62
1404179228824,-13.68, -10.44, 19.44
1404179228824,-13.74, -10.50, 19.44
1404179228824,-13.92, -10.56, 19.14
1404179228824,-13.92, -10.62, 19.20
1404179228824,-13.86, -10.80, 18.96
1404179228829,-13.86, -10.98, 18.72
1404179228953,-13.68, -11.46, 18.66
1404179228953,-13.74, -11.76, 18.54
1404179228954,-13.62, -12.00, 18.36
1404179228954,-13.74, -11.94, 18.30
1404179228954,-13.86, -11.88, 18.06
1404179228954,-13.86, -11.88, 17.82
1404179228954,-13.80, -12.06, 17.70
1404179228954,-13.80, -12.12, 17.58
1404179228954,-13.86, -11.88, 17.46
1404179228955,-13.80, -11.88, 17.40
1404179228955,-13.56, -11.76, 17.52
1404179228955,-13.14, -11.64, 17.34
1404179228960,-12.90, -11.70, 17.52
1404179229068,-12.54, -11.76, 17.58
1404179229068,-12.48, -11.46, 17.64
1404179229068,-12.18, -11.16, 17.58
1404179229068,-12.06, -11.10, 17.64
1404179229068,-11.88, -10.86, 17.46
1404179229068,-11.88, -10.56, 17.28
1404179229068,-11.76, -10.50, 17.16
1404179229069,-11.82, -10.20, 17.10
1404179229069,-12.12, -9.78, 16.98
1404179229069,-12.18, -9.54, 16.74
1404179229072,-12.54, -9.78, 16.80
1404179229082,-12.36, -9.90, 16.62
1404179229197,-12.30, -9.84, 16.50
1404179229197,-12.42, -9.96, 16.26
1404179229197,-12.54, -9.90, 16.20
1404179229197,-12.48, -10.02, 15.90
1404179229197,-12.54, -10.02, 15.54
1404179229197,-12.36, -10.08, 15.30
1404179229197,-12.18, -9.90, 15.00
1404179229197,-12.48, -9.78, 14.58
1404179229198,-12.66, -9.66, 14.40
1404179229198,-12.72, -9.42, 14.22
1404179229198,-12.72, -9.36, 14.22
1404179229300,-12.60, -9.06, 14.46
1404179229301,-12.24, -9.06, 14.70
1404179229301,-12.06, -9.18, 14.94
1404179229301,-11.88, -9.06, 15.24
1404179229301,-11.76, -8.82, 15.36
1404179229301,-11.64, -8.70, 15.60
1404179229301,-11.52, -8.70, 15.84
1404179229301,-11.40, -8.58, 15.90
1404179229301,-11.46, -8.76, 15.84
1404179229302,-11.76, -8.70, 15.66
1404179229304,-11.94, -8.40, 15.24
1404179229314,-11.64, -8.46, 15.12
1404179229414,-11.52, -8.34, 14.94
1404179229414,-11.46, -8.28, 14.22
1404179229414,-11.52, -8.28, 13.62
1404179229414,-11.58, -8.40, 12.90
1404179229414,-11.46, -8.46, 12.12
1404179229414,-11.22, -8.34, 11.40
1404179229415,-10.92, -8.28, 10.98
1404179229415,-11.10, -8.46, 10.02
1404179229415,-10.92, -8.58, 9.36
1404179229416,-10.56, -8.58, 9.12
1404179229513,-9.96, -8.76, 8.70
1404179229513,-9.36, -8.94, 8.58
1404179229514,-9.12, -9.00, 8.28
1404179229514,-8.70, -9.18, 8.04
1404179229514,-8.64, -9.36, 7.74
1404179229514,-8.46, -9.42, 7.32
1404179229514,-8.46, -9.42, 7.08
1404179229514,-8.52, -9.72, 6.78
1404179229514,-8.64, -9.60, 6.36
1404179229517,-8.70, -9.42, 5.88
1404179229611,-8.28, -9.60, 5.70
1404179229611,-8.10, -9.78, 5.28
1404179229611,-7.92, -9.66, 4.98
1404179229611,-7.68, -9.72, 4.80
1404179229611,-7.62, -10.02, 4.50
1404179229611,-7.50, -10.02, 4.08
1404179229611,-7.32, -10.26, 3.72
1404179229611,-7.32, -10.26, 3.36
1404179229611,-7.56, -10.08, 2.94
1404179229712,-7.86, -10.08, 2.94
1404179229712,-7.86, -10.26, 2.82
1404179229712,-7.62, -10.38, 3.12
1404179229712,-7.62, -10.14, 3.06
1404179229712,-7.50, -10.14, 3.12
1404179229712,-7.62, -10.02, 3.42
1404179229712,-7.62, -10.02, 3.54
1404179229712,-7.68, -10.26, 3.84
1404179229713,-7.44, -10.26, 3.42
1404179229713,-7.50, -10.26, 3.24
1404179229815,-7.68, -10.02, 3.06
1404179229815,-7.56, -10.32, 3.00
1404179229815,-7.44, -10.38, 3.12
1404179229815,-7.26, -10.32, 2.88
1404179229816,-7.32, -10.32, 2.88
1404179229816,-7.26, -10.20, 2.64
1404179229816,-7.26, -10.14, 3.00
1404179229816,-7.44, -10.08, 2.94
1404179229816,-7.26, -10.14, 2.70
1404179229816,-7.20, -9.72, 2.76
1404179229909,-7.44, -9.36, 2.52
1404179229910,-7.20, -9.36, 2.82
1404179229910,-6.84, -9.30, 2.76
1404179229910,-6.96, -9.06, 2.70
1404179229910,-7.02, -8.82, 2.46
1404179229911,-6.60, -8.70, 2.40
1404179229911,-6.54, -8.52, 2.34
1404179229911,-6.60, -8.34, 2.28
1404179229911,-6.42, -8.22, 2.10
1404179229911,-6.66, -8.04, 1.74
1404179230010,-6.54, -7.86, 1.56
1404179230011,-6.12, -7.56, 1.56
1404179230011,-5.88, -7.56, 1.56
1404179230011,-5.88, -7.44, 1.38
1404179230011,-5.76, -7.32, 1.20
1404179230012,-5.52, -7.26, 0.78
1404179230012,-5.16, -7.26, 0.48
1404179230012,-4.86, -7.38, 0.00
1404179230012,-4.74, -7.20, -0.54
1404179230012,-4.14, -7.26, -1.50
1404179230110,-3.36, -7.08, -2.28
1404179230110,-2.46, -7.02, -2.94
1404179230110,-1.86, -7.08, -3.90
1404179230110,-1.08, -7.26, -4.80
1404179230111,-0.18, -7.14, -5.82
1404179230111,0.78, -7.14, -6.72
1404179230111,1.62, -7.32, -7.68
1404179230111,2.40, -7.44, -8.40
1404179230111,3.00, -7.38, -9.42
1404179230113,3.84, -7.44, -10.32
1404179230209,5.04, -7.38, -11.04
1404179230209,6.18, -7.14, -11.58
1404179230210,6.72, -7.32, -12.00
1404179230210,7.26, -7.32, -12.48
1404179230210,7.86, -7.38, -12.78
1404179230210,8.34, -7.44, -13.14
1404179230210,8.76, -7.56, -13.26
1404179230210,8.82, -7.62, -13.44
1404179230210,8.94, -7.68, -13.74
1404179230214,8.76, -8.04, -13.98
1404179230310,9.12, -8.40, -13.92
1404179230310,9.54, -8.64, -13.68
1404179230310,9.48, -8.76, -13.80
1404179230310,9.42, -9.00, -13.62
1404179230310,9.54, -9.42, -13.56
1404179230310,9.60, -9.84, -13.56
1404179230310,9.48, -10.02, -13.32
1404179230311,9.42, -10.26, -13.44
1404179230311,9.24, -10.26, -13.50
1404179230315,8.88, -10.50, -13.80
1404179230411,8.94, -10.68, -13.38
1404179230411,9.12, -11.04, -13.26
1404179230411,8.88, -11.10, -13.26
1404179230411,8.58, -11.16, -13.08
1404179230411,8.52, -11.28, -12.96
1404179230411,8.40, -11.34, -12.60
1404179230412,8.10, -11.22, -12.48
1404179230412,8.16, -11.22, -12.30
1404179230412,8.04, -11.52, -12.54
1404179230416,7.56, -11.28, -12.54
1404179230511,7.56, -11.22, -12.30
1404179230511,7.68, -11.46, -12.12
1404179230511,7.38, -11.58, -12.06
1404179230511,7.38, -11.82, -11.88
1404179230511,7.38, -12.00, -11.88
1404179230511,7.26, -11.94, -11.76
1404179230511,6.96, -11.82, -11.52
1404179230511,6.96, -11.64, -11.34
1404179230511,6.60, -11.76, -11.52
1404179230639,6.42, -11.28, -11.46
1404179230639,6.54, -11.28, -11.22
1404179230639,6.30, -11.04, -11.04
1404179230639,6.00, -11.04, -10.98
1404179230639,5.40, -10.86, -10.74
1404179230639,5.04, -10.80, -10.62
1404179230639,4.62, -10.80, -10.38
1404179230639,4.14, -10.80, -10.08
1404179230640,3.66, -10.92, -9.90
1404179230640,2.82, -10.68, -9.78
1404179230640,2.40, -10.56, -9.54
1404179230640,1.92, -10.38, -9.12
1404179230640,1.68, -10.32, -8.94
1404179230649,1.62, -9.96, -8.70
1404179230749,1.50, -10.14, -8.40
1404179230749,1.44, -10.14, -7.98
1404179230749,1.14, -10.08, -7.74
1404179230751,1.02, -10.14, -7.50
1404179230751,0.72, -10.26, -7.44
1404179230751,0.48, -10.44, -7.26
1404179230751,0.24, -10.56, -6.96
1404179230751,-0.18, -10.74, -6.66
1404179230751,-0.36, -10.68, -6.48
1404179230751,-0.72, -10.56, -6.30
1404179230760,-0.72, -10.50, -5.94
1404179230865,-0.90, -10.56, -5.64
1404179230865,-1.26, -10.26, -5.52
1404179230865,-1.44, -9.90, -5.16
1404179230865,-1.56, -9.78, -5.04
1404179230865,-1.74, -10.08, -4.98
1404179230865,-2.16, -9.90, -4.92
1404179230865,-2.28, -9.84, -4.68
1404179230865,-2.70, -9.84, -4.68
1404179230866,-3.06, -9.66, -4.68
1404179230866,-3.06, -9.60, -4.44
1404179230872,-3.18, -9.78, -4.38
1404179230882,-3.18, -10.08, -4.02
1404179230978,-3.24, -9.90, -3.72
1404179230978,-3.42, -9.90, -3.42
1404179230978,-3.54, -9.78, -3.30
1404179230978,-3.78, -9.78, -2.94
1404179230978,-3.96, -9.96, -2.58
1404179230978,-4.32, -10.26, -2.46
1404179230978,-4.38, -10.26, -2.46
1404179230978,-4.80, -9.96, -2.52
1404179230978,-5.10, -9.78, -2.58
1404179230982,-5.16, -9.66, -2.34
1404179231073,-5.28, -9.96, -2.10
1404179231073,-5.16, -10.20, -1.92
1404179231073,-5.40, -9.90, -1.86
1404179231074,-5.34, -9.72, -1.44
1404179231074,-5.40, -9.60, -1.14
1404179231074,-5.70, -9.42, -0.90
1404179231074,-5.82, -9.24, -0.54
1404179231074,-6.00, -9.12, -0.66
1404179231074,-6.18, -8.58, -0.66
1404179231219,-6.30, -7.92, -0.54
1404179231219,-6.24, -7.62, -0.36
1404179231220,-6.48, -7.38, -0.36
1404179231220,-6.78, -7.26, -0.24
1404179231220,-6.84, -6.78, -0.12
1404179231220,-7.08, -6.66, -0.18
1404179231220,-7.26, -6.48, 0.18
1404179231220,-7.62, -6.18, 0.06
1404179231221,-8.04, -5.94, -0.12
1404179231221,-8.34, -5.76, -0.30
1404179231221,-8.40, -5.28, -0.36
1404179231221,-8.28, -4.92, -0.12
1404179231227,-8.58, -4.14, -0.30
1404179231372,-8.22, -4.26, 0.18
1404179231372,-8.16, -4.08, 0.48
1404179231372,-8.16, -3.90, 0.72
1404179231373,-8.16, -3.66, 0.90
1404179231373,-8.58, -3.30, 0.90
1404179231373,-8.46, -2.94, 1.08
1404179231373,-8.22, -2.64, 1.26
1404179231373,-8.28, -2.46, 1.56
1404179231373,-8.82, -1.92, 1.50
1404179231373,-8.94, -1.62, 1.38
1404179231373,-9.06, -1.32, 1.50
1404179231374,-9.06, -1.14, 1.62
1404179231378,-9.30, -0.30, 2.22
1404179231535,-9.00, -0.06, 2.46
1404179231535,-8.94, 0.12, 3.00
1404179231535,-9.00, 0.42, 3.30
1404179231536,-9.06, 0.54, 3.48
1404179231536,-9.30, 0.84, 3.72
1404179231536,-9.30, 1.38, 3.84
1404179231536,-9.48, 1.74, 3.84
1404179231536,-9.54, 1.56, 3.90
1404179231536,-9.90, 1.86, 3.78
1404179231536,-9.84, 2.52, 3.42
1404179231536,-9.72, 2.94, 3.42
1404179231537,-9.48, 3.54, 3.42
1404179231540,-8.76, 5.10, 2.94
1404179231652,-8.52, 5.34, 3.00
1404179231652,-8.34, 5.70, 3.24
1404179231652,-8.28, 5.94, 3.36
1404179231652,-8.28, 6.06, 3.60
1404179231652,-8.22, 6.30, 3.66
1404179231652,-8.10, 6.72, 3.78
1404179231653,-7.98, 7.14, 4.02
1404179231653,-7.68, 7.38, 4.14
1404179231653,-7.86, 7.80, 4.14
1404179231653,-7.86, 7.98, 3.96
1404179231654,-7.80, 8.28, 4.08
1404179231661,-7.62, 8.64, 4.08
1404179231768,-7.26, 9.12, 4.26
1404179231768,-7.20, 9.30, 4.38
1404179231768,-7.20, 9.78, 4.32
1404179231768,-7.32, 10.08, 4.20
1404179231768,-6.96, 10.74, 4.32
1404179231768,-7.02, 11.04, 4.26
1404179231768,-6.90, 11.76, 4.14
1404179231768,-6.84, 12.36, 4.14
1404179231769,-7.02, 12.84, 4.20
1404179231769,-6.90, 13.44, 4.20
1404179231772,-6.54, 13.86, 4.50
1404179231782,-6.24, 14.22, 4.92
1404179231887,-6.12, 14.46, 5.28
1404179231887,-5.94, 14.76, 5.70
1404179231887,-6.00, 14.94, 6.18
1404179231887,-5.88, 15.18, 6.42
1404179231887,-5.64, 15.42, 6.96
1404179231888,-5.58, 15.72, 7.20
1404179231888,-5.88, 15.96, 7.44
1404179231888,-6.00, 16.32, 7.74
1404179231888,-6.30, 16.86, 7.80
1404179231888,-6.36, 17.16, 8.16
1404179231893,-5.94, 17.46, 8.46
1404179232003,-5.82, 17.82, 8.94
1404179232003,-5.82, 18.00, 9.12
1404179232003,-6.12, 18.12, 9.48
1404179232003,-6.00, 18.24, 9.72
1404179232003,-25.50, 19.50, -8.82
1404179232003,-25.38, 19.62, -8.52
1404179232003,-25.38, 19.92, -8.28
1404179232004,-25.92, 19.92, -8.22
1404179232004,-26.28, 20.04, -8.22
1404179232004,-26.40, 20.34, -8.04
1404179232004,-26.46, 20.52, -7.62
1404179232014,-26.34, 20.52, -7.14
1404179232113,-26.04, 20.76, -6.48
1404179232114,-25.98, 20.64, -6.12
1404179232114,-25.98, 20.70, -5.76
1404179232114,-25.92, 20.70, -5.40
1404179232114,-25.86, 20.52, -5.04
1404179232114,-25.92, 20.46, -4.86
1404179232114,-25.98, 20.58, -4.80
1404179232114,-26.34, 20.76, -4.56
1404179232114,-26.94, 20.94, -4.74
1404179232212,-27.06, 21.12, -4.56
1404179232212,-26.70, 21.00, -4.26
1404179232212,-26.58, 20.70, -3.96
1404179232212,-26.52, 20.70, -3.84
1404179232213,-26.64, 20.64, -3.60
1404179232213,-26.70, 20.52, -3.36
1404179232213,-26.70, 20.64, -3.54
1404179232213,-26.64, 20.40, -3.30
1404179232213,-26.64, 20.40, -3.06
1404179232213,-27.06, 20.70, -3.12
1404179232308,-27.24, 21.18, -3.12
1404179232308,-26.94, 21.18, -2.88
1404179232308,-26.94, 21.06, -2.64
1404179232308,-27.48, 20.16, -2.28
1404179232308,-27.42, 19.92, -2.28
1404179232309,-27.30, 19.92, -2.40
1404179232309,-27.48, 19.92, -2.52
1404179232309,-27.66, 19.86, -2.58
1404179232309,-27.90, 19.74, -2.64
1404179232309,-28.44, 19.74, -2.88
1404179232408,-28.56, 19.74, -3.06
1404179232408,-28.26, 19.50, -3.06
1404179232408,-28.26, 19.44, -3.06
1404179232408,-28.20, 19.38, -3.18
1404179232409,-28.26, 19.26, -3.48
1404179232409,-28.32, 19.20, -3.60
1404179232409,-28.32, 19.20, -3.78
1404179232409,-28.26, 18.96, -3.66
1404179232409,-28.26, 19.02, -3.90
1404179232409,-28.68, 18.90, -4.02
1404179232414,-28.44, 18.66, -3.90
1404179232507,-28.14, 18.42, -3.54
1404179232507,-28.20, 18.18, -3.18
1404179232507,-28.20, 18.06, -2.88
1404179232507,-28.32, 17.82, -2.58
1404179232507,-28.44, 17.82, -2.52
1404179232507,-28.62, 17.82, -2.52
1404179232507,-28.44, 17.94, -2.58
1404179232507,-28.80, 18.24, -2.52
1404179232507,-29.04, 18.48, -2.88
1404179232632,-28.62, 18.18, -2.94
1404179232633,-28.50, 18.30, -3.24
1404179232633,-28.44, 18.66, -3.24
1404179232633,-28.20, 18.90, -3.30
1404179232633,-28.38, 19.08, -3.18
1404179232633,-28.32, 19.08, -3.36
1404179232633,-28.68, 19.02, -3.42
1404179232633,-28.80, 19.32, -3.78
1404179232634,-28.92, 19.56, -4.02
1404179232634,-28.86, 19.68, -3.96
1404179232634,-28.92, 19.50, -4.14
1404179232636,-28.80, 19.44, -4.32
1404179232646,-28.68, 19.08, -4.44
1404179232752,-28.86, 19.02, -4.44
1404179232752,-28.86, 19.02, -4.50
1404179232752,-28.80, 18.84, -4.50
1404179232752,-28.86, 18.96, -4.74
1404179232753,-28.92, 18.78, -4.92
1404179232753,-28.80, 18.72, -5.10
1404179232753,-29.22, 18.84, -5.04
1404179232753,-29.40, 18.84, -5.16
1404179232753,-29.28, 18.60, -5.34
1404179232753,-29.34, 17.70, -4.74
1404179232860,-29.22, 17.46, -4.44
1404179232860,-29.28, 17.34, -4.20
1404179232860,-29.46, 17.34, -4.02
1404179232861,-29.64, 17.04, -3.84
1404179232861,-29.64, 16.74, -3.90
1404179232861,-29.64, 16.80, -3.78
1404179232861,-29.70, 16.86, -3.66
1404179232861,-29.58, 16.56, -3.72
1404179232861,-29.94, 16.92, -4.08
1404179232861,-30.18, 16.80, -4.08
1404179232954,-30.18, 16.74, -4.26
1404179232954,-29.82, 16.80, -4.14
1404179232954,-29.40, 16.68, -4.08
1404179232954,-29.58, 16.80, -4.14
1404179232955,-29.76, 16.62, -4.26
1404179232955,-29.82, 16.68, -4.14
1404179232955,-30.00, 16.44, -4.02
1404179232955,-29.94, 16.32, -4.14
1404179232955,-29.76, 16.38, -3.96
1404179232958,-30.18, 16.32, -4.14
1404179233051,-30.30, 16.08, -4.02
1404179233051,-30.12, 15.90, -3.78
1404179233051,-30.06, 15.96, -3.72
1404179233051,-30.00, 15.90, -3.90
1404179233051,-29.88, 15.84, -4.02
1404179233051,-30.06, 15.78, -4.02
1404179233052,-30.24, 15.66, -4.20
1404179233052,-30.30, 15.72, -4.56
1404179233052,-30.54, 15.96, -4.92
1404179233059,-30.60, 16.02, -5.04
1404179233157,-30.24, 15.90, -5.16
1404179233157,-30.18, 15.72, -5.40
1404179233157,-30.30, 15.66, -5.76
1404179233157,-30.06, 15.66, -5.88
1404179233157,-30.24, 15.30, -6.24
1404179233158,-30.30, 15.24, -6.30
1404179233158,-30.36, 15.06, -6.36
1404179233158,-30.60, 14.76, -6.78
1404179233158,-31.02, 14.64, -7.02
1404179233160,-31.26, 14.46, -7.26
1404179233257,-31.02, 14.28, -7.08
1404179233258,-30.78, 14.10, -7.20
1404179233258,-30.78, 14.16, -7.32
1404179233258,-30.72, 13.74, -7.38
1404179233258,-30.66, 13.50, -7.80
1404179233258,-30.72, 13.38, -7.98
1404179233258,-30.66, 13.08, -8.28
1404179233258,-30.66, 12.90, -8.64
1404179233258,-30.78, 12.78, -9.24
1404179233261,-31.26, 12.30, -9.84
1404179233358,-30.78, 11.88, -10.20
1404179233358,-30.48, 11.82, -10.50
1404179233358,-30.54, 11.46, -10.86
1404179233358,-30.42, 10.98, -11.40
1404179233358,-30.54, 10.80, -11.64
1404179233358,-30.48, 10.32, -12.12
1404179233358,-30.42, 9.78, -12.42
1404179233358,-30.24, 9.48, -12.72
1404179233359,-30.54, 9.00, -13.32
1404179233362,-30.84, 8.22, -13.92
1404179233485,-30.66, 7.62, -14.34
1404179233485,-30.42, 7.02, -14.52
1404179233486,-30.18, 6.24, -15.24
1404179233486,-30.18, 5.82, -15.60
1404179233486,-30.36, 5.16, -15.96
1404179233486,-30.24, 4.50, -16.20
1404179233486,-30.24, 4.02, -16.80
1404179233486,-30.30, 3.24, -17.22
1404179233487,-30.42, 2.64, -17.70
1404179233487,-30.66, 2.22, -18.24
1404179233487,-30.72, 1.62, -18.30
1404179233487,-30.66, 0.90, -18.48
1404179233494,-30.36, 0.42, -18.66
1404179233595,-30.24, -0.60, -18.90
1404179233595,-29.94, -1.56, -18.60
1404179233595,-29.70, -2.10, -18.78
1404179233596,-29.70, -2.88, -18.84
1404179233596,-29.58, -3.78, -19.02
1404179233596,-29.58, -4.56, -19.44
1404179233596,-29.34, -5.34, -19.62
1404179233596,-29.40, -6.24, -19.68
1404179233596,-29.52, -6.78, -19.80
1404179233596,-29.64, -7.32, -19.98
1404179233689,-29.64, -7.98, -19.92
1404179233689,-29.16, -8.64, -19.62
1404179233689,-29.04, -9.42, -19.50
1404179233689,-28.98, -10.14, -19.26
1404179233689,-29.10, -10.68, -19.08
1404179233689,-28.98, -11.52, -19.26
1404179233690,-29.04, -12.24, -19.20
1404179233690,-28.92, -12.96, -19.20
1404179233690,-28.98, -13.68, -18.96
1404179233696,-29.04, -14.46, -19.02
1404179233791,-28.80, -15.48, -18.78
1404179233791,-28.50, -16.20, -18.48
1404179233791,-28.44, -17.10, -18.36
1404179233791,-28.44, -17.58, -18.00
1404179233791,-28.32, -18.06, -17.64
1404179233791,-28.50, -18.54, -17.22
1404179233792,-28.32, -19.26, -16.98
1404179233792,-28.68, -19.86, -16.68
1404179233792,-28.98, -20.10, -16.26
1404179233914,-29.10, -20.40, -15.96
1404179233915,-29.04, -21.00, -15.30
1404179233915,-28.92, -21.66, -14.88
1404179233915,-29.10, -22.14, -14.46
1404179233915,-29.22, -22.86, -14.04
1404179233915,-29.52, -23.04, -13.50
1404179233915,-29.40, -23.34, -13.20
1404179233915,-29.40, -23.64, -12.84
1404179233915,-29.64, -23.94, -12.42
1404179233915,-29.94, -24.00, -12.42
1404179233916,-30.18, -24.12, -12.00
1404179233916,-30.30, -24.36, -11.58
1404179233919,-30.30, -24.36, -11.22
1404179233929,-29.94, -24.90, -10.80
1404179234025,-29.88, -25.32, -10.14
1404179234025,-29.94, -25.56, -9.60
1404179234025,-29.76, -26.04, -8.88
1404179234025,-29.64, -26.58, -8.16
1404179234025,-29.46, -26.88, -7.68
1404179234026,-29.46, -27.24, -6.90
1404179234026,-29.52, -27.60, -6.24
1404179234026,-29.82, -27.78, -5.70
1404179234026,-29.94, -27.72, -5.22
1404179234031,-29.88, -28.14, -4.62
1404179234126,-29.76, -28.38, -3.90
1404179234126,-29.70, -28.62, -3.06
1404179234126,-29.88, -28.86, -2.16
1404179234126,-29.76, -29.04, -1.56
1404179234127,-29.70, -29.16, -1.02
1404179234127,-29.76, -29.34, -0.36
1404179234127,-29.64, -29.46, 0.48
1404179234127,-29.82, -29.58, 1.32
1404179234127,-30.06, -29.76, 1.86
1404179234225,-30.42, -29.64, 2.34
1404179234225,-30.06, -29.82, 2.94
1404179234225,-29.94, -30.12, 3.90
1404179234225,-30.00, -30.36, 4.80
1404179234225,-29.94, -30.48, 5.64
1404179234225,-30.06, -30.54, 6.18
1404179234225,-30.06, -30.36, 6.72
1404179234226,-30.12, -30.30, 7.20
1404179234226,-30.00, -30.66, 7.92
1404179234226,-30.30, -30.54, 8.46
1404179234321,-30.30, -30.36, 8.88
1404179234321,-30.18, -30.06, 9.66
1404179234321,-30.00, -29.88, 10.38
1404179234321,-30.00, -29.82, 11.22
1404179234321,-30.12, -29.82, 12.06
1404179234321,-29.94, -29.52, 13.02
1404179234321,-29.82, -29.04, 13.62
1404179234321,-29.76, -28.80, 14.28
1404179234321,-29.88, -28.50, 15.00
1404179234323,-29.82, -28.32, 15.54
1404179234420,-29.70, -28.08, 16.50
1404179234421,-29.40, -27.78, 17.40
1404179234421,-29.28, -27.60, 17.94
1404179234421,-29.22, -27.06, 18.36
1404179234421,-29.40, -26.82, 18.90
1404179234421,-29.64, -26.58, 19.62
1404179234421,-29.70, -26.28, 20.16
1404179234421,-29.82, -25.86, 20.88
1404179234421,-30.00, -25.56, 20.94
1404179234424,-30.48, -25.38, 21.18
1404179234518,-30.12, -25.08, 21.78
1404179234518,-30.00, -25.02, 22.26
1404179234518,-29.88, -24.66, 22.68
1404179234518,-29.64, -24.36, 22.98
1404179234519,-29.64, -23.88, 23.22
1404179234519,-29.76, -23.40, 23.34
1404179234519,-30.00, -23.04, 23.58
1404179234519,-30.12, -22.56, 23.82
1404179234519,-30.54, -21.96, 23.88
1404179234526,-30.90, -21.12, 24.30
1404179234623,-30.96, -20.76, 24.84
1404179234623,-31.20, -20.34, 25.14
1404179234623,-31.38, -19.74, 25.32
1404179234623,-31.20, -19.32, 25.68
1404179234623,-31.38, -18.72, 25.86
1404179234623,-31.38, -17.94, 25.92
1404179234624,-31.50, -17.52, 26.28
1404179234624,-31.62, -17.04, 26.34
1404179234624,-31.80, -16.32, 26.04
1404179234627,-31.98, -15.60, 26.16
1404179234723,-31.68, -15.54, 26.52
1404179234723,-31.56, -15.00, 26.82
1404179234723,-31.62, -14.46, 26.94
1404179234723,-31.56, -14.10, 27.12
1404179234723,-31.68, -13.80, 27.06
1404179234723,-31.86, -13.44, 27.00
1404179234723,-31.98, -13.08, 27.24
1404179234723,-32.04, -12.78, 27.24
1404179234724,-32.40, -11.94, 26.94
1404179234728,-33.00, -11.64, 26.64
1404179234823,-32.94, -11.58, 26.64
1404179234823,-32.70, -11.40, 26.64
1404179234823,-32.88, -10.86, 26.64
1404179234823,-32.88, -10.56, 26.46
1404179234823,-32.88, -9.90, 26.52
1404179234823,-32.82, -9.36, 26.28
1404179234823,-32.94, -9.24, 26.46
1404179234824,-32.76, -8.82, 26.40
1404179234824,-32.94, -7.98, 26.46
1404179234829,-33.18, -7.14, 26.52
1404179234923,-32.94, -6.78, 26.76
1404179234924,-32.70, -6.54, 27.18
1404179234924,-32.70, -6.06, 27.12
1404179234924,-32.76, -5.58, 27.18
1404179234924,-32.64, -4.92, 27.06
1404179234924,-32.76, -4.50, 27.12
1404179234924,-32.88, -4.32, 27.06
1404179234924,-32.88, -3.90, 27.06
1404179234925,-33.00, -3.36, 26.70
1404179235024,-33.18, -2.52, 26.52
1404179235024,-33.12, -2.70, 26.58
1404179235024,-32.88, -2.58, 26.70
1404179235025,-32.88, -2.28, 26.76
1404179235025,-32.64, -1.92, 26.64
1404179235025,-32.46, -1.26, 26.46
1404179235025,-32.76, -0.96, 26.52
1404179235025,-32.82, -0.66, 26.70
1404179235025,-32.70, -0.54, 26.52
1404179235025,-32.70, -0.06, 26.46
1404179235122,-32.82, 0.60, 26.46
1404179235122,-32.40, 0.78, 26.82
1404179235122,-32.52, 0.96, 27.06
1404179235122,-32.40, 1.02, 27.18
1404179235122,-32.10, 1.02, 27.06
1404179235122,-32.04, 1.38, 27.00
1404179235123,-32.10, 1.74, 27.00
1404179235123,-32.28, 1.86, 27.00
1404179235123,-32.34, 1.86, 26.82
1404179235123,-32.88, 2.22, 26.46
1404179235220,-32.82, 2.70, 26.16
1404179235220,-32.70, 2.88, 26.22
1404179235220,-32.76, 3.18, 26.22
1404179235220,-32.70, 3.48, 26.10
1404179235220,-32.58, 3.66, 25.92
1404179235221,-32.46, 3.90, 25.68
1404179235221,-32.52, 4.14, 25.56
1404179235221,-32.28, 4.26, 25.26
1404179235221,-32.52, 4.32, 25.26
1404179235223,-32.64, 4.44, 25.14
1404179235349,-32.22, 4.74, 24.96
1404179235349,-31.98, 4.50, 24.96
1404179235349,-32.22, 4.68, 24.84
1404179235349,-32.10, 4.86, 24.66
1404179235349,-32.16, 5.10, 24.66
1404179235349,-32.10, 5.22, 24.66
1404179235350,-32.16, 5.46, 24.54
1404179235350,-32.34, 5.70, 24.36
1404179235350,-32.76, 5.70, 24.36
1404179235350,-33.00, 5.94, 24.30
1404179235350,-32.88, 6.12, 24.18
1404179235350,-32.94, 6.12, 24.24
1404179235356,-32.88, 6.30, 24.18
1404179235462,-32.88, 6.36, 24.30
1404179235462,-32.46, 6.24, 24.36
1404179235462,-32.46, 6.42, 24.24
1404179235463,-32.46, 6.54, 24.18
1404179235463,-32.28, 6.66, 24.00
1404179235463,-32.40, 6.60, 24.00
1404179235463,-32.34, 6.84, 24.06
1404179235463,-32.16, 6.84, 24.06
1404179235463,-32.22, 6.96, 24.00
1404179235463,-32.28, 7.20, 24.12
1404179235467,-32.10, 7.14, 24.30
1404179235477,-31.86, 7.08, 24.48
1404179235573,-31.74, 7.26, 24.72
1404179235573,-31.62, 7.38, 24.90
1404179235573,-31.62, 7.38, 25.38
1404179235573,-31.38, 7.38, 25.62
1404179235573,-31.20, 7.50, 26.10
1404179235573,-31.08, 7.44, 26.46
1404179235574,-30.90, 7.56, 26.94
1404179235574,-30.72, 7.80, 27.18
1404179235574,-30.60, 7.98, 27.78
1404179235669,-30.18, 8.16, 28.38
1404179235670,-29.34, 8.10, 28.92
1404179235670,-28.80, 8.16, 29.40
1404179235670,-28.38, 8.28, 29.94
1404179235670,-27.96, 8.28, 30.48
1404179235670,-27.60, 8.58, 31.08
1404179235670,-27.30, 8.70, 31.74
1404179235670,-26.52, 8.70, 32.40
1404179235670,-26.04, 8.64, 32.76
1404179235670,-25.62, 8.82, 33.30
1404179235770,-25.08, 9.18, 34.14
1404179235770,-24.42, 9.18, 34.74
1404179235770,-23.64, 9.18, 35.58
1404179235770,-22.92, 9.24, 36.24
1404179235770,-22.14, 9.18, 36.78
1404179235770,-21.72, 9.36, 37.26
1404179235770,-21.06, 9.72, 37.92
1404179235771,-20.64, 9.84, 38.64
1404179235771,-20.16, 9.72, 38.82
1404179235771,-19.62, 10.08, 39.24
1404179235870,-18.96, 10.38, 39.48
1404179235870,-18.24, 10.32, 39.96
1404179235870,-17.70, 10.26, 40.62
1404179235870,-17.34, 10.26, 40.98
1404179235870,-16.68, 10.14, 41.46
1404179235871,-16.32, 10.26, 41.52
1404179235871,-15.96, 10.14, 41.94
1404179235871,-15.54, 9.90, 42.24
1404179235871,-15.36, 10.02, 42.42
1404179235871,-15.36, 10.14, 42.54
1404179235970,-15.06, 10.32, 42.66
1404179235970,-14.28, 10.26, 43.20
1404179235971,-14.04, 10.32, 43.32
1404179235971,-13.68, 10.14, 43.50
1404179235971,-13.50, 10.26, 43.74
1404179235971,-13.38, 10.14, 43.86
1404179235971,-13.14, 10.08, 43.98
1404179235971,-12.66, 9.96, 44.22
1404179235971,-12.54, 9.84, 44.28
1404179235972,-12.54, 9.78, 44.04
1404179236070,-12.12, 9.72, 44.16
1404179236070,-11.58, 9.72, 44.52
1404179236070,-11.28, 9.72, 44.70
1404179236070,-10.80, 9.72, 44.94
1404179236070,-10.44, 9.48, 45.24
1404179236070,-10.32, 9.42, 45.24
1404179236070,-10.08, 9.30, 45.30
1404179236070,-9.78, 9.18, 45.66
1404179236071,-9.60, 9.18, 45.72
1404179236074,-9.54, 9.24, 45.78
1404179236171,-9.06, 9.00, 46.26
1404179236171,-8.52, 8.94, 46.56
1404179236171,-8.22, 8.88, 46.62
1404179236171,-7.74, 8.82, 46.80
1404179236171,-7.20, 8.94, 47.10
1404179236171,-7.08, 8.88, 47.28
1404179236171,-6.84, 8.82, 47.52
1404179236171,-6.72, 8.76, 47.64
1404179236172,-6.60, 8.88, 47.22
1404179236175,-6.84, 8.70, 47.22
1404179236271,-6.36, 8.52, 47.46
1404179236271,-5.88, 8.58, 47.64
1404179236271,-5.64, 8.28, 47.76
1404179236271,-5.10, 8.16, 47.82
1404179236271,-5.04, 7.98, 47.82
1404179236271,-4.80, 7.74, 47.82
1404179236271,-4.68, 7.68, 48.00
1404179236271,-4.50, 7.56, 48.12
1404179236271,-4.92, 7.44, 48.00
1404179236276,-5.28, 7.20, 48.12
1404179236371,-4.98, 7.08, 48.18
1404179236371,-4.74, 6.84, 48.48
1404179236371,-4.62, 6.84, 48.42
1404179236371,-4.68, 6.78, 48.54
1404179236371,-4.62, 6.60, 48.66
1404179236371,-4.62, 6.66, 48.72
1404179236372,-4.68, 6.66, 48.84
1404179236372,-4.68, 6.36, 48.66
1404179236372,-5.22, 6.30, 48.66
1404179236377,-5.82, 6.30, 48.30
1404179236470,-5.88, 6.00, 48.66
1404179236470,-6.00, 5.52, 48.48
1404179236470,-6.42, 5.34, 48.42
1404179236470,-6.96, 5.16, 48.30
1404179236470,-7.26, 4.98, 48.24
1404179236471,-7.86, 5.10, 48.12
1404179236471,-8.28, 5.16, 47.82
1404179236471,-8.94, 4.92, 47.64
1404179236471,-9.90, 4.62, 47.22
1404179236571,-10.50, 4.80, 47.16
1404179236571,-10.92, 4.44, 46.80
1404179236572,-11.46, 4.14, 46.62
1404179236572,-12.12, 3.90, 46.02
1404179236572,-12.66, 3.72, 45.66
1404179236572,-13.44, 3.30, 45.24
1404179236572,-14.28, 3.18, 44.88
1404179236572,-14.76, 3.12, 44.40
1404179236572,-15.84, 2.70, 43.86
1404179236572,-16.62, 2.58, 43.32
1404179236669,-17.16, 2.40, 42.90
1404179236669,-17.64, 2.22, 42.72
1404179236669,-18.18, 1.56, 42.42
1404179236670,-18.72, 1.26, 41.94
1404179236670,-19.26, 0.90, 41.46
1404179236670,-20.04, 0.66, 40.92
1404179236670,-20.76, 0.42, 40.44
1404179236670,-21.66, 0.24, 40.14
1404179236670,-22.68, -0.12, 39.24
1404179236671,-23.64, -0.36, 38.40
1404179236770,-24.42, -0.48, 37.56
1404179236770,-24.96, -0.66, 36.84
1404179236770,-25.68, -0.96, 36.36
1404179236770,-26.46, -1.38, 35.70
1404179236770,-27.06, -1.68, 34.74
1404179236770,-27.72, -2.16, 33.78
1404179236771,-28.26, -2.64, 33.06
1404179236771,-29.04, -3.24, 32.34
1404179236771,-30.00, -3.42, 31.44
1404179236772,-30.90, -3.90, 30.66
1404179236871,-31.32, -4.20, 29.70
1404179236871,-31.56, -4.44, 28.68
1404179236871,-32.22, -4.80, 27.90
1404179236871,-32.82, -5.28, 26.82
1404179236871,-33.30, -5.58, 25.92
1404179236871,-33.78, -6.06, 24.72
1404179236872,-34.08, -6.72, 23.70
1404179236872,-34.56, -7.14, 22.50
1404179236872,-35.28, -7.74, 21.42
1404179236873,-35.88, -7.98, 20.28
1404179236969,-35.94, -8.40, 19.20
1404179236969,-36.12, -8.34, 18.60
1404179236969,-36.42, -8.64, 17.58
1404179236969,-36.54, -8.88, 16.92
1404179236969,-36.78, -9.24, 16.44
1404179236969,-36.96, -9.48, 15.78
1404179236969,-37.02, -9.48, 15.36
1404179236969,-37.26, -9.72, 14.82
1404179236969,-37.44, -9.84, 14.34
1404179236974,-37.56, -10.26, 13.56
1404179237070,-37.14, -10.50, 13.14
1404179237070,-36.96, -10.68, 12.72
1404179237070,-36.96, -10.50, 11.94
1404179237070,-36.90, -10.68, 11.52
1404179237070,-36.90, -11.04, 10.74
1404179237071,-36.78, -11.46, 10.20
1404179237071,-36.84, -11.88, 9.66
1404179237071,-36.84, -12.06, 9.24
1404179237071,-37.32, -12.06, 8.82
1404179237076,-37.98, -12.24, 8.28
1404179237170,-37.98, -12.60, 8.04
1404179237170,-37.74, -12.90, 7.68
1404179237170,-37.92, -13.02, 7.50
1404179237171,-37.98, -12.96, 7.32
1404179237171,-37.92, -12.90, 7.20
1404179237171,-37.98, -13.08, 6.72
1404179237171,-37.92, -13.38, 6.48
1404179237171,-37.56, -13.56, 6.30
1404179237171,-37.56, -13.80, 5.88
1404179237177,-37.86, -13.80, 5.70
1404179237270,-37.68, -14.22, 5.64
1404179237270,-37.32, -14.82, 5.64
1404179237270,-37.26, -15.24, 5.40
1404179237270,-37.08, -15.60, 5.40
1404179237270,-37.14, -15.84, 5.40
1404179237270,-36.96, -16.08, 5.58
1404179237270,-36.84, -16.38, 5.70
1404179237270,-36.96, -16.80, 5.76
1404179237271,-36.78, -16.98, 5.94
1404179237373,-36.66, -17.04, 6.12
1404179237373,-36.42, -17.58, 6.42
1404179237374,-36.24, -18.12, 6.84
1404179237374,-36.12, -18.42, 7.20
1404179237374,-35.82, -18.72, 7.20
1404179237374,-35.64, -19.32, 7.44
1404179237375,-35.28, -19.74, 7.44
1404179237375,-35.16, -20.16, 7.44
1404179237375,-35.22, -20.64, 7.44
1404179237375,-35.10, -20.88, 7.74
1404179237487,-35.10, -21.12, 7.74
1404179237488,-34.68, -21.54, 8.10
1404179237488,-34.56, -22.02, 8.76
1404179237488,-37.20, -16.86, 0.12
1404179237488,-37.14, -16.92, 0.78
1404179237488,-36.84, -17.04, 1.32
1404179237488,-36.60, -17.22, 1.92
1404179237488,-36.60, -17.46, 2.34
1404179237489,-36.48, -17.58, 2.88
1404179237489,-36.30, -17.70, 3.12
1404179237489,-36.42, -17.94, 3.24
1404179237491,-36.24, -18.24, 3.78
1404179237590,-35.70, -18.66, 4.32
1404179237590,-35.52, -18.90, 4.80
1404179237590,-35.40, -19.20, 5.10
1404179237590,-35.10, -19.44, 5.82
1404179237590,-34.98, -19.68, 6.12
1404179237590,-35.04, -19.86, 6.36
1404179237591,-34.80, -19.98, 6.54
1404179237591,-34.56, -20.28, 6.48
1404179237591,-34.80, -20.28, 6.06
1404179237592,-34.80, -20.46, 5.58
1404179237687,-34.62, -20.58, 5.46
1404179237687,-34.14, -21.24, 5.10
1404179237688,-33.96, -21.36, 4.74
1404179237688,-33.84, -21.78, 4.26
1404179237688,-33.78, -21.96, 3.90
1404179237688,-33.72, -21.96, 3.60
1404179237688,-33.60, -22.32, 3.12
1404179237688,-33.36, -22.56, 2.76
1404179237689,-33.48, -22.80, 2.16
1404179237693,-33.90, -22.74, 1.50
1404179237784,-33.66, -23.10, 1.26
1404179237784,-33.48, -23.28, 0.90
1404179237784,-33.42, -23.58, 0.30
1404179237784,-33.24, -23.82, -0.42
1404179237784,-33.36, -23.82, -0.90
1404179237785,-33.54, -23.94, -1.44
1404179237785,-33.66, -24.12, -1.86
1404179237785,-33.72, -24.30, -2.34
1404179237785,-33.90, -24.36, -3.30
1404179237888,-33.78, -24.18, -4.14
1404179237888,-33.60, -24.12, -4.50
1404179237889,-33.48, -24.24, -5.16
1404179237889,-33.36, -24.24, -5.76
1404179237889,-33.30, -24.24, -6.48
1404179237889,-33.18, -24.18, -7.26
1404179237889,-33.24, -24.06, -8.04
1404179237889,-33.12, -23.88, -8.82
1404179237889,-33.42, -23.70, -9.42
1404179237889,-33.54, -23.70, -10.32
1404179237988,-33.54, -23.34, -10.98
1404179237988,-33.30, -23.22, -11.64
1404179237988,-32.94, -23.16, -12.48
1404179237988,-32.88, -22.80, -13.38
1404179237988,-32.40, -22.38, -14.22
1404179237989,-32.64, -22.02, -14.82
1404179237989,-32.70, -21.66, -15.78
1404179237989,-32.64, -21.00, -16.56
1404179237989,-32.88, -20.64, -17.40
1404179237989,-33.06, -20.28, -18.24
1404179238113,-33.06, -19.44, -18.84
1404179238113,-32.82, -18.90, -19.26
1404179238113,-32.82, -18.78, -19.68
1404179238113,-32.82, -18.42, -20.16
1404179238113,-32.94, -17.94, -20.88
1404179238113,-32.94, -17.52, -21.24
1404179238113,-32.94, -17.16, -21.78
1404179238113,-32.88, -16.56, -22.26
1404179238114,-33.18, -16.14, -22.80
1404179238114,-33.36, -15.90, -23.34
1404179238114,-33.48, -15.18, -23.88
1404179238114,-33.30, -14.82, -24.36
1404179238117,-32.88, -14.64, -24.30
1404179238228,-32.58, -14.52, -24.72
1404179238228,-32.22, -14.40, -24.90
1404179238228,-32.22, -14.28, -24.90
1404179238228,-31.98, -14.22, -25.20
1404179238228,-31.80, -13.92, -25.20
1404179238228,-31.68, -13.74, -25.50
1404179238229,-31.56, -13.62, -25.68
1404179238229,-31.62, -13.32, -25.98
1404179238229,-31.86, -12.90, -26.22
1404179238229,-31.98, -12.42, -26.46
1404179238229,-31.74, -12.06, -26.88
1404179238238,-31.26, -11.82, -26.88
1404179238338,-31.08, -11.76, -26.94
1404179238338,-31.08, -11.34, -27.00
1404179238338,-31.14, -10.92, -27.06
1404179238339,-31.14, -10.62, -27.24
1404179238339,-31.08, -10.68, -27.36
1404179238339,-31.02, -10.50, -27.36
1404179238339,-31.08, -10.32, -27.30
1404179238339,-31.56, -10.08, -27.36
1404179238339,-31.86, -9.78, -27.66
1404179238339,-31.98, -9.66, -27.72
1404179238432,-31.68, -9.36, -27.78
1404179238432,-31.26, -9.18, -27.60
1404179238432,-31.32, -8.64, -27.66
1404179238433,-31.38, -8.22, -27.54
1404179238433,-31.62, -8.10, -27.48
1404179238433,-31.62, -7.56, -27.60
1404179238433,-31.62, -6.96, -27.60
1404179238433,-31.38, -6.72, -27.60
1404179238433,-31.56, -6.42, -27.66
1404179238438,-31.92, -6.06, -27.66
1404179238529,-31.68, -5.76, -27.66
1404179238529,-31.44, -5.76, -27.78
1404179238529,-31.38, -4.98, -28.02
1404179238529,-31.32, -4.62, -27.84
1404179238529,-31.38, -4.38, -28.02
1404179238529,-31.74, -3.84, -28.20
1404179238529,-31.80, -3.36, -28.20
1404179238529,-31.98, -2.94, -28.26
1404179238530,-32.22, -2.52, -28.20
1404179238539,-32.16, -2.10, -28.08
1404179238629,-32.04, -1.80, -27.90
1404179238629,-32.16, -1.32, -28.02
1404179238629,-32.22, -0.90, -27.78
1404179238629,-31.98, -0.54, -27.54
1404179238629,-32.10, -0.30, -27.48
1404179238629,-32.22, 0.18, -27.42
1404179238630,-32.16, 0.72, -27.24
1404179238630,-32.82, 1.56, -27.30
1404179238630,-32.94, 2.04, -27.24
1404179238640,-32.94, 2.28, -27.12
1404179238728,-32.76, 2.52, -26.94
1404179238728,-32.82, 3.06, -26.76
1404179238729,-33.00, 3.72, -26.52
1404179238729,-33.18, 4.44, -26.16
1404179238729,-33.48, 4.86, -25.74
1404179238729,-33.42, 5.34, -25.38
1404179238729,-33.78, 5.88, -25.02
1404179238729,-33.96, 6.60, -24.60
1404179238731,-34.20, 7.26, -24.12
1404179238741,-34.26, 7.56, -23.64
1404179238828,-34.02, 7.98, -23.16
1404179238828,-34.08, 8.22, -22.86
1404179238828,-34.08, 8.76, -22.44
1404179238829,-34.08, 9.12, -22.14
1404179238829,-34.08, 9.48, -21.60
1404179238829,-34.20, 9.78, -21.18
1404179238829,-34.26, 10.26, -20.88
1404179238829,-34.38, 10.86, -20.70
1404179238829,-34.56, 11.40, -20.28
1404179238839,-34.38, 11.64, -20.10
1404179238928,-34.32, 11.82, -19.92
1404179238928,-34.38, 12.00, -19.56
1404179238929,-34.32, 12.12, -19.38
1404179238929,-34.20, 12.42, -19.32
1404179238929,-34.14, 12.66, -19.20
1404179238929,-34.20, 12.90, -18.96
1404179238929,-34.38, 13.20, -18.90
1404179238929,-34.38, 13.56, -18.72
1404179238930,-34.32, 14.10, -18.42
1404179238940,-33.90, 14.52, -18.36
1404179239028,-33.84, 14.94, -18.24
1404179239028,-33.84, 15.12, -18.00
1404179239028,-33.90, 15.36, -17.88
1404179239029,-33.66, 15.72, -17.76
1404179239029,-33.60, 15.90, -17.64
1404179239029,-33.66, 16.20, -17.28
1404179239029,-33.66, 16.32, -17.28
1404179239029,-34.08, 16.68, -17.28
1404179239031,-33.78, 17.22, -16.86
1404179239041,-33.60, 17.58, -16.68
1404179239128,-33.54, 18.00, -16.50
1404179239128,-33.66, 17.94, -16.26
1404179239128,-33.36, 18.54, -16.14
1404179239128,-33.18, 18.72, -16.02
1404179239128,-33.24, 19.02, -15.66
1404179239128,-32.88, 19.38, -15.42
1404179239128,-33.06, 19.56, -15.42
1404179239128,-33.24, 19.86, -15.06
1404179239132,-33.06, 20.04, -14.64
1404179239142,-32.82, 20.40, -14.34
1404179239228,-33.00, 20.40, -13.86
1404179239228,-33.24, 20.88, -13.56
1404179239228,-33.24, 20.94, -13.26
1404179239229,-33.66, 20.88, -12.84
1404179239229,-33.66, 20.64, -12.42
1404179239229,-33.66, 20.82, -12.06
1404179239229,-33.90, 20.88, -11.94
1404179239229,-34.44, 21.00, -11.40
1404179239233,-34.20, 21.18, -10.98
1404179239328,-33.96, 20.94, -10.68
1404179239328,-34.20, 21.12, -10.20
1404179239328,-34.08, 21.00, -9.84
1404179239328,-34.14, 21.18, -9.24
1404179239328,-34.14, 21.06, -8.82
1404179239328,-33.96, 20.82, -8.52
1404179239328,-33.84, 20.70, -8.16
1404179239329,-34.08, 20.52, -7.98
1404179239329,-34.32, 20.52, -7.56
1404179239427,-34.02, 20.28, -6.96
1404179239427,-33.90, 20.46, -6.54
1404179239427,-33.96, 20.46, -6.42
1404179239427,-34.02, 20.40, -5.94
1404179239427,-34.20, 20.46, -5.40
1404179239427,-34.02, 20.46, -5.10
1404179239427,-34.14, 20.70, -4.74
1404179239428,-33.96, 20.70, -4.74
1404179239428,-34.14, 20.88, -4.62
1404179239436,-34.26, 20.70, -4.50
1404179239527,-34.20, 20.58, -4.32
1404179239527,-33.96, 20.64, -4.32
1404179239528,-34.02, 20.76, -4.44
1404179239528,-34.26, 20.82, -4.26
1404179239528,-34.14, 20.64, -4.02
1404179239528,-34.44, 20.64, -3.60
1404179239528,-34.68, 20.52, -3.54
1404179239528,-34.68, 20.52, -3.24
1404179239528,-34.68, 20.40, -3.00
1404179239537,-35.10, 20.28, -2.70
1404179239630,-34.92, 20.04, -2.40
1404179239630,-34.80, 19.74, -2.10
1404179239630,-34.98, 19.62, -2.10
1404179239630,-34.80, 19.44, -1.92
1404179239630,-34.44, 19.26, -1.68
1404179239631,-34.44, 19.02, -1.74
1404179239631,-34.68, 18.84, -1.68
1404179239631,-34.74, 18.90, -1.74
1404179239631,-34.98, 18.78, -1.80
1404179239638,-35.10, 18.72, -1.86
1404179239730,-35.04, 18.42, -1.68
1404179239730,-35.16, 18.42, -1.74
1404179239730,-35.34, 18.36, -1.80
1404179239730,-35.58, 18.30, -1.62
1404179239730,-35.46, 18.42, -1.50
1404179239731,-35.46, 18.12, -1.56
1404179239731,-35.40, 18.06, -1.50
1404179239731,-35.52, 17.88, -1.38
1404179239731,-35.58, 17.94, -1.56
1404179239739,-35.40, 17.88, -1.38
1404179239830,-35.40, 17.76, -1.14
1404179239830,-35.28, 17.52, -1.20
1404179239831,-35.22, 17.46, -1.02
1404179239831,-35.10, 17.40, -0.78
1404179239831,-35.40, 17.40, -0.48
1404179239831,-35.46, 17.52, -0.30
1404179239831,-35.40, 17.52, 0.12
1404179239831,-35.58, 17.46, 0.12
1404179239831,-35.70, 17.52, 0.36
1404179239840,-35.64, 17.82, 0.78
1404179239930,-35.70, 17.58, 1.08
1404179239931,-35.88, 17.34, 1.56
1404179239931,-36.00, 17.22, 1.74
1404179239931,-36.00, 17.28, 2.04
1404179239931,-36.18, 17.22, 2.22
1404179239931,-36.30, 17.22, 2.52
1404179239931,-36.42, 17.16, 2.64
1404179239931,-36.54, 16.80, 2.76
1404179239931,-36.48, 17.04, 2.76
1404179240029,-36.24, 17.16, 2.82
1404179240029,-35.94, 17.10, 3.06
1404179240029,-35.64, 16.86, 3.30
1404179240029,-35.58, 16.86, 3.30
1404179240029,-35.46, 16.56, 3.78
1404179240029,-35.40, 16.38, 4.02
1404179240030,-35.46, 16.32, 4.26
1404179240030,-35.52, 16.26, 4.56
1404179240030,-35.70, 16.14, 4.80
1404179240032,-35.88, 16.02, 4.92
1404179240130,-35.82, 15.90, 5.34
1404179240130,-35.64, 15.66, 5.94
1404179240130,-35.64, 15.48, 6.12
1404179240130,-35.64, 15.54, 6.36
1404179240130,-35.58, 15.42, 6.66
1404179240130,-35.64, 14.94, 6.96
1404179240130,-35.46, 14.82, 7.20
1404179240131,-35.40, 14.88, 7.62
1404179240131,-35.52, 14.76, 7.80
1404179240134,-35.70, 14.82, 7.80
1404179240231,-35.34, 14.64, 8.40
1404179240231,-34.98, 14.58, 8.64
1404179240231,-34.92, 14.58, 8.94
1404179240231,-34.74, 14.76, 9.42
1404179240231,-35.10, 14.52, 9.84
1404179240231,-35.10, 14.28, 10.08
1404179240231,-35.04, 14.34, 10.38
1404179240231,-34.92, 14.22, 10.92
1404179240231,-35.22, 14.46, 10.92
1404179240235,-35.52, 14.10, 11.34
1404179240329,-35.16, 13.74, 11.88
1404179240329,-34.86, 13.80, 12.06
1404179240329,-34.62, 13.86, 12.18
1404179240329,-34.38, 13.80, 12.66
1404179240329,-34.38, 13.56, 12.72
1404179240329,-34.38, 13.38, 12.90
1404179240329,-34.26, 13.44, 13.38
1404179240330,-34.02, 13.62, 13.62
1404179240330,-34.32, 14.04, 13.68
1404179240335,-34.32, 13.86, 14.34
1404179240427,-33.72, 13.56, 14.76
1404179240427,-33.54, 13.56, 15.36
1404179240427,-33.18, 13.68, 16.02
1404179240427,-32.76, 13.62, 16.86
1404179240427,-32.28, 13.44, 17.40
1404179240427,-31.92, 13.44, 18.18
1404179240427,-31.50, 13.20, 19.08
1404179240428,-31.32, 13.14, 19.38
1404179240428,-31.20, 13.32, 20.22
1404179240436,-30.78, 13.38, 20.70
1404179240526,-30.42, 13.32, 21.36
1404179240526,-29.82, 13.32, 21.96
1404179240526,-29.58, 13.44, 22.38
1404179240526,-29.10, 13.32, 23.10
1404179240526,-28.74, 13.20, 23.52
1404179240526,-28.20, 13.14, 24.06
1404179240526,-27.72, 13.20, 24.60
1404179240526,-27.42, 13.08, 25.08
1404179240528,-27.06, 13.08, 25.56
1404179240538,-26.58, 13.02, 26.16
1404179240634,-25.86, 12.96, 26.70
1404179240634,-25.44, 12.78, 27.12
1404179240634,-25.02, 12.90, 27.54
1404179240634,-24.60, 12.90, 27.96
1404179240634,-24.06, 12.60, 28.38
1404179240634,-23.64, 12.48, 28.56
1404179240634,-23.22, 12.30, 28.98
1404179240635,-23.10, 12.30, 28.98
1404179240635,-22.98, 12.12, 29.28
1404179240639,-22.68, 12.00, 29.46
1404179240736,-22.02, 11.64, 29.82
1404179240736,-21.48, 11.40, 30.30
1404179240736,-21.30, 11.40, 30.48
1404179240736,-20.64, 11.40, 30.84
1404179240736,-20.16, 11.34, 31.20
1404179240737,-19.74, 11.10, 31.68
1404179240737,-19.44, 11.04, 32.28
1404179240737,-18.96, 11.10, 32.64
1404179240737,-18.60, 11.28, 33.06
1404179240740,-18.42, 11.04, 33.36
1404179240836,-17.88, 10.86, 33.90
1404179240836,-17.46, 10.74, 34.50
1404179240836,-17.16, 10.62, 34.68
1404179240836,-16.74, 10.32, 34.98
1404179240836,-16.32, 10.14, 34.98
1404179240837,-15.96, 9.90, 35.34
1404179240837,-15.78, 9.54, 35.58
1404179240837,-15.36, 9.84, 35.76
1404179240837,-15.12, 10.14, 35.88
1404179240935,-15.12, 10.14, 36.06
1404179240935,-14.64, 10.02, 36.48
1404179240936,-14.22, 10.02, 36.84
1404179240936,-13.80, 10.20, 37.32
1404179240936,-13.86, 10.14, 37.38
1404179240936,-13.62, 10.26, 37.44
1404179240936,-13.32, 10.20, 37.80
1404179240936,-13.14, 10.08, 37.86
1404179240936,-12.72, 9.96, 37.98
1404179240936,-12.60, 9.90, 37.80
1404179241035,-12.36, 10.26, 37.74
1404179241035,-11.88, 10.02, 38.04
1404179241036,-11.16, 9.78, 38.22
1404179241036,-10.86, 9.78, 38.34
1404179241036,-10.68, 9.78, 38.10
1404179241036,-10.62, 9.72, 38.34
1404179241036,-10.68, 9.72, 38.28
1404179241036,-10.68, 9.78, 38.46
1404179241036,-10.74, 9.60, 38.40
1404179241036,-11.16, 9.78, 38.10
1404179241132,-11.28, 9.96, 38.16
1404179241132,-11.10, 9.78, 38.52
1404179241133,-10.98, 9.42, 38.70
1404179241133,-10.74, 9.36, 38.58
1404179241133,-10.44, 9.54, 38.58
1404179241133,-10.38, 9.48, 38.46
1404179241133,-10.44, 9.48, 38.52
1404179241133,-10.56, 9.36, 38.58
1404179241133,-10.74, 9.42, 38.40
1404179241135,-10.98, 9.54, 37.98
1404179241233,-10.92, 9.84, 37.98
1404179241233,-10.68, 9.96, 37.92
1404179241233,-11.10, 9.96, 37.92
1404179241233,-11.28, 9.90, 37.98
1404179241233,-11.64, 9.90, 37.86
1404179241233,-11.76, 10.20, 37.92
1404179241233,-11.94, 10.20, 37.98
1404179241233,-12.30, 10.20, 37.80
1404179241234,-13.08, 10.08, 37.50
1404179241236,-14.04, 10.02, 37.26
1404179241333,-14.40, 9.78, 37.08
1404179241334,-14.76, 9.84, 36.78
1404179241334,-15.30, 9.90, 36.60
1404179241334,-16.02, 9.78, 36.12
1404179241334,-16.68, 9.78, 35.70
1404179241334,-17.40, 9.66, 35.46
1404179241334,-18.18, 9.78, 34.98
1404179241334,-18.90, 9.78, 34.38
1404179241335,-19.74, 10.20, 33.60
1404179241337,-20.82, 10.32, 32.88
1404179241433,-21.12, 10.14, 32.46
1404179241433,-21.60, 10.02, 31.92
1404179241433,-22.44, 10.08, 31.08
1404179241434,-23.34, 10.32, 30.30
1404179241434,-24.06, 10.32, 29.46
1404179241434,-24.72, 10.26, 28.62
1404179241434,-25.68, 10.08, 27.78
1404179241434,-26.34, 9.90, 26.94
1404179241434,-27.60, 10.14, 25.68
1404179241438,-28.74, 10.32, 24.48
1404179241533,-29.34, 10.14, 23.58
1404179241533,-29.64, 9.96, 22.56
1404179241533,-30.06, 10.08, 21.84
1404179241533,-30.84, 10.20, 20.94
1404179241534,-31.32, 10.32, 20.22
1404179241534,-31.98, 10.74, 19.14
1404179241534,-32.52, 10.68, 18.18
1404179241534,-32.88, 10.56, 17.28
1404179241534,-33.60, 10.74, 16.32
1404179241634,-34.38, 10.74, 15.36
1404179241634,-34.86, 10.68, 14.40
1404179241634,-34.98, 10.62, 13.56
1404179241635,-35.52, 10.68, 12.30
1404179241635,-35.82, 10.32, 11.46
1404179241635,-36.00, 10.26, 10.32
1404179241635,-36.48, 10.44, 9.30
1404179241635,-36.66, 10.50, 8.22
1404179241635,-36.96, 10.86, 7.08
1404179241635,-37.26, 10.92, 5.70
1404179241728,-37.56, 11.34, 4.50
1404179241728,-37.38, 11.40, 3.48
1404179241728,-37.26, 11.52, 2.28
1404179241728,-37.44, 11.82, 1.14
1404179241729,-37.44, 11.88, -0.18
1404179241729,-37.74, 11.88, -1.56
1404179241729,-37.62, 11.88, -2.88
1404179241729,-37.74, 12.24, -4.20
1404179241729,-37.92, 12.24, -5.64
1404179241732,-38.28, 12.30, -6.96
1404179241833,-38.22, 12.36, -8.28
1404179241834,-37.80, 12.48, -9.12
1404179241834,-37.62, 12.72, -10.26
1404179241834,-37.44, 13.02, -11.10
1404179241834,-37.20, 12.90, -11.94
1404179241834,-36.90, 12.84, -12.90
1404179241834,-36.60, 12.84, -13.86
1404179241834,-36.18, 13.08, -14.58
1404179241834,-36.18, 13.38, -15.48
1404179241834,-36.18, 13.50, -16.20
1404179241932,-35.88, 13.56, -16.80
1404179241932,-35.16, 13.74, -17.64
1404179241933,-34.98, 13.92, -18.06
1404179241933,-34.92, 13.92, -18.48
1404179241933,-34.62, 14.04, -18.90
1404179241933,-34.56, 14.04, -19.44
1404179241933,-34.50, 14.10, -19.80
1404179241933,-34.44, 13.98, -20.52
1404179241934,-34.38, 13.98, -21.12
1404179241934,-34.62, 13.86, -21.42
1404179242029,-34.26, 14.04, -21.96
1404179242029,-33.60, 14.40, -22.08
1404179242030,-33.36, 14.52, -22.44
1404179242030,-33.00, 14.52, -22.74
1404179242030,-32.64, 14.58, -23.04
1404179242030,-32.34, 14.70, -23.28
1404179242030,-32.10, 14.94, -23.28
1404179242030,-31.80, 15.24, -23.46
1404179242030,-31.98, 15.30, -23.76
1404179242035,-32.22, 15.30, -24.30
1404179242132,-32.04, 15.36, -24.18
1404179242132,-31.86, 15.42, -24.18
1404179242132,-31.74, 15.66, -24.42
1404179242132,-31.74, 15.84, -24.48
1404179242132,-31.86, 15.78, -24.66
1404179242132,-31.68, 15.96, -24.72
1404179242132,-31.56, 16.14, -24.78
1404179242133,-31.56, 16.14, -25.02
1404179242133,-31.56, 16.44, -25.26
1404179242136,-31.62, 16.56, -25.50
1404179242232,-31.26, 16.44, -25.38
1404179242233,-30.84, 16.50, -25.20
1404179242233,-31.26, 16.98, -24.60
1404179242233,-31.14, 16.86, -24.66
1404179242233,-30.96, 17.10, -24.66
1404179242233,-31.08, 17.10, -24.36
1404179242233,-31.44, 17.22, -24.18
1404179242233,-31.56, 17.28, -24.12
1404179242233,-31.86, 17.52, -24.00
1404179242237,-31.98, 17.46, -24.00
1404179242333,-31.86, 17.22, -23.64
1404179242333,-31.80, 16.92, -23.04
1404179242333,-32.10, 16.86, -22.62
1404179242333,-32.16, 16.98, -22.26
1404179242333,-32.10, 16.92, -21.84
1404179242333,-32.28, 16.98, -21.30
1404179242333,-32.52, 17.04, -20.76
1404179242333,-32.94, 17.16, -20.34
1404179242334,-33.66, 17.40, -19.92
1404179242432,-34.14, 17.76, -19.68
1404179242432,-34.14, 17.58, -18.90
1404179242432,-34.02, 17.52, -18.24
1404179242432,-34.08, 17.52, -17.76
1404179242432,-34.14, 17.58, -17.46
1404179242432,-34.44, 17.46, -17.04
1404179242433,-34.62, 17.70, -16.32
1404179242433,-34.74, 17.82, -15.90
1404179242433,-34.98, 17.94, -15.42
1404179242433,-35.22, 18.00, -15.30
1404179242529,-35.64, 18.18, -14.58
1404179242529,-35.76, 18.12, -13.92
1404179242529,-35.70, 17.76, -13.02
1404179242529,-35.76, 17.88, -12.42
1404179242529,-35.82, 17.70, -12.12
1404179242530,-36.00, 17.64, -11.58
1404179242530,-36.12, 17.58, -11.04
1404179242530,-36.18, 17.46, -10.38
1404179242530,-36.30, 17.40, -10.14
1404179242531,-36.72, 17.40, -9.54
1404179242657,-36.78, 17.76, -9.12
1404179242658,-36.60, 17.58, -8.58
1404179242658,-36.78, 17.58, -8.04
1404179242658,-36.78, 17.52, -7.50
1404179242658,-36.90, 17.34, -6.78
1404179242658,-36.96, 17.46, -6.30
1404179242658,-37.08, 17.46, -5.94
1404179242658,-37.02, 17.58, -5.52
1404179242658,-37.32, 17.40, -5.10
1404179242659,-37.68, 17.52, -4.74
1404179242659,-37.62, 17.46, -4.26
1404179242659,-37.44, 17.46, -3.78
1404179242662,-37.44, 17.58, -3.36
1404179242771,-37.26, 17.40, -2.82
1404179242771,-37.08, 17.04, -2.34
1404179242772,-37.02, 16.86, -1.80
1404179242772,-36.96, 16.68, -1.26
1404179242772,-36.84, 16.68, -0.78
1404179242772,-36.66, 16.86, -0.18
1404179242772,-36.66, 16.80, 0.06
1404179242772,-36.84, 16.74, 0.42
1404179242772,-36.90, 16.92, 0.60
1404179242772,-36.72, 17.22, 1.20
1404179242774,-36.72, 17.46, 1.44
1404179242784,-36.60, 17.58, 1.80
1404179242883,-36.30, 17.46, 2.04
1404179242883,-36.30, 17.16, 2.28
1404179242883,-36.24, 17.16, 2.52
1404179242883,-35.88, 17.04, 2.70
1404179242883,-35.88, 17.04, 3.00
1404179242883,-35.88, 16.98, 2.82
1404179242883,-35.76, 16.92, 2.88
1404179242884,-36.00, 17.04, 2.76
1404179242884,-36.18, 17.34, 2.88
1404179242886,-36.00, 17.46, 2.82
1404179242978,-35.76, 17.58, 3.12
1404179242978,-35.64, 17.70, 3.30
1404179242978,-35.52, 17.58, 3.24
1404179242978,-35.52, 17.76, 3.36
1404179242978,-35.76, 17.82, 3.24
1404179242978,-35.52, 17.70, 3.12
1404179242978,-35.28, 17.58, 3.18
1404179242979,-35.34, 17.70, 3.06
1404179242979,-35.40, 17.70, 2.82
1404179242987,-35.40, 18.18, 2.70
1404179243075,-35.52, 18.36, 2.64
1404179243076,-35.52, 18.36, 2.82
1404179243076,-35.22, 18.48, 2.76
1404179243076,-35.28, 18.78, 2.70
1404179243076,-35.52, 18.90, 2.46
1404179243076,-35.52, 19.02, 2.46
1404179243076,-35.58, 19.26, 2.10
1404179243076,-35.64, 19.26, 1.80
1404179243078,-35.52, 19.56, 1.44
1404179243177,-35.34, 19.98, 0.78
1404179243177,-35.28, 19.98, 0.48
1404179243177,-35.10, 20.22, 0.24
1404179243177,-34.92, 20.22, -0.12
1404179243177,-34.68, 20.22, -0.48
1404179243177,-34.74, 20.22, -0.60
1404179243177,-34.86, 20.04, -1.08
1404179243177,-34.86, 19.86, -1.14
1404179243178,-35.04, 19.50, -1.32
1404179243179,-35.04, 19.50, -1.50
1404179243284,-34.80, 19.38, -1.62
1404179243285,-34.62, 19.38, -1.92
1404179243285,-34.68, 19.44, -2.34
1404179243285,-34.68, 19.50, -2.58
1404179243285,-34.56, 19.38, -3.12
1404179243285,-34.38, 19.32, -3.48
1404179243285,-34.38, 19.32, -3.84
1404179243285,-34.32, 19.08, -4.26
1404179243285,-34.50, 18.78, -4.86
1404179243285,-34.86, 18.66, -5.34
1404179243406,-34.92, 18.30, -5.88
1404179243406,-34.68, 18.06, -6.18
1404179243406,-34.50, 17.70, -6.36
1404179243407,-34.74, 17.58, -7.32
1404179243407,-34.80, 17.46, -7.86
1404179243407,-35.04, 17.22, -8.58
1404179243407,-35.34, 17.28, -9.24
1404179243407,-35.28, 17.04, -9.66
1404179243407,-35.40, 16.92, -10.02
1404179243407,-35.64, 16.68, -10.74
1404179243407,-35.82, 16.56, -11.40
1404179243407,-35.94, 16.50, -11.64
1404179243411,-36.12, 16.20, -12.12
1404179243524,-36.00, 15.84, -12.12
1404179243524,-35.76, 15.42, -12.54
1404179243524,-35.70, 15.06, -12.90
1404179243525,-35.76, 14.58, -13.26
1404179243525,-35.76, 14.22, -13.68
1404179243525,-35.58, 14.04, -13.92
1404179243525,-35.58, 13.56, -14.22
1404179243525,-35.64, 13.26, -14.64
1404179243525,-35.76, 12.96, -15.24
1404179243525,-35.94, 12.60, -15.72
1404179243525,-36.06, 12.24, -16.14
1404179243532,-35.88, 12.06, -16.26
1404179243635,-35.64, 11.52, -16.50
1404179243635,-35.76, 10.86, -16.80
1404179243635,-35.70, 10.44, -17.40
1404179243635,-35.46, 10.02, -17.76
1404179243635,-35.52, 9.66, -18.18
1404179243635,-35.52, 9.06, -18.42
1404179243636,-35.34, 8.52, -18.78
1404179243636,-35.40, 7.80, -19.38
1404179243636,-35.76, 7.44, -19.86
1404179243636,-35.70, 7.08, -20.34
1404179243644,-35.64, 6.48, -20.52
1404179243748,-35.40, 5.88, -20.64
1404179243748,-35.22, 5.10, -20.88
1404179243748,-35.16, 4.56, -21.12
1404179243748,-35.22, 4.44, -21.36
1404179243748,-35.10, 4.02, -21.54
1404179243749,-34.98, 3.30, -21.72
1404179243749,-34.92, 2.82, -21.90
1404179243749,-34.92, 2.28, -22.02
1404179243749,-35.16, 1.80, -22.38
1404179243749,-35.28, 1.62, -22.62
1404179243847,-35.28, 1.38, -22.68
1404179243847,-35.10, 0.72, -22.50
1404179243848,-35.16, 0.18, -22.50
1404179243848,-35.28, -0.24, -22.62
1404179243848,-35.52, -0.90, -22.68
1404179243848,-35.58, -1.08, -22.68
1404179243848,-35.58, -1.62, -22.62
1404179243848,-35.40, -2.04, -22.44
1404179243848,-35.28, -2.52, -22.44
1404179243848,-35.46, -2.88, -22.68
1404179243942,-35.34, -3.18, -22.74
1404179243942,-34.86, -3.24, -22.56
1404179243942,-34.80, -3.54, -22.32
1404179243942,-34.62, -4.08, -22.38
1404179243942,-34.56, -4.38, -22.44
1404179243943,-34.62, -4.98, -22.68
1404179243943,-34.68, -5.58, -22.74
1404179243943,-34.50, -5.94, -22.68
1404179243943,-34.74, -6.30, -22.86
1404179243947,-34.98, -6.96, -22.98
1404179244041,-34.80, -7.38, -22.98
1404179244041,-34.68, -7.74, -22.68
1404179244041,-34.74, -7.98, -22.50
1404179244041,-34.68, -8.10, -22.44
1404179244041,-34.68, -8.04, -22.38
1404179244041,-34.92, -8.64, -22.38
1404179244041,-34.98, -8.88, -22.26
1404179244041,-35.04, -9.06, -22.20
1404179244041,-34.98, -9.12, -22.26
1404179244049,-35.04, -9.30, -22.20
1404179244184,-34.86, -9.66, -21.96
1404179244184,-34.68, -10.02, -21.84
1404179244184,-34.80, -10.44, -21.84
1404179244184,-34.68, -10.74, -21.84
1404179244184,-34.56, -10.98, -21.78
1404179244184,-34.50, -11.22, -21.84
1404179244185,-34.68, -11.52, -22.02
1404179244185,-34.92, -11.70, -22.08
1404179244185,-35.04, -11.94, -22.20
1404179244185,-35.22, -12.00, -22.32
1404179244185,-35.22, -12.18, -22.14
1404179244185,-35.34, -12.30, -22.14
1404179244290,-35.52, -12.48, -21.84
1404179244290,-35.46, -12.72, -21.12
1404179244290,-35.22, -13.08, -20.94
1404179244290,-35.04, -13.02, -20.58
1404179244290,-34.98, -13.32, -20.22
1404179244291,-34.92, -13.38, -20.10
1404179244291,-34.92, -13.32, -19.80
1404179244291,-34.68, -13.38, -19.62
1404179244291,-34.62, -13.62, -19.26
1404179244291,-34.92, -13.50, -19.32
1404179244291,-35.28, -13.50, -19.26
1404179244301,-35.22, -13.68, -19.26
1404179244398,-34.98, -13.80, -19.02
1404179244398,-35.04, -14.10, -18.90
1404179244398,-34.92, -14.52, -18.72
1404179244398,-34.86, -14.88, -18.66
1404179244398,-34.86, -14.94, -18.54
1404179244398,-34.74, -15.36, -18.54
1404179244398,-34.56, -15.36, -18.42
1404179244398,-34.74, -15.54, -18.24
1404179244398,-34.86, -15.66, -18.42
1404179244402,-34.86, -15.54, -18.48
1404179244491,-34.74, -15.66, -18.24
1404179244491,-34.50, -15.84, -18.12
1404179244492,-34.50, -15.96, -17.94
1404179244492,-34.50, -15.96, -17.88
1404179244492,-34.44, -16.02, -17.88
1404179244492,-34.44, -16.08, -18.00
1404179244492,-34.62, -16.26, -17.94
1404179244492,-34.50, -16.26, -17.88
1404179244493,-34.68, -16.08, -18.30
1404179244632,-34.56, -16.08, -18.66
1404179244632,-34.26, -16.02, -19.02
1404179244632,-34.20, -15.90, -19.56
1404179244632,-34.08, -16.14, -19.86
1404179244632,-34.14, -16.20, -20.04
1404179244632,-34.08, -16.08, -20.22
1404179244632,-34.02, -16.26, -20.40
1404179244632,-33.90, -16.44, -20.34
1404179244633,-34.32, -16.20, -20.28
1404179244633,-34.68, -16.38, -20.16
1404179244633,-34.74, -16.44, -19.92
1404179244633,-34.92, -16.38, -19.80
1404179244635,-35.04, -16.56, -19.56
1404179244749,-34.68, -16.74, -18.90
1404179244749,-34.44, -16.74, -18.66
1404179244749,-34.38, -16.92, -18.42
1404179244749,-34.20, -16.92, -18.12
1404179244749,-34.20, -16.98, -17.88
1404179244749,-34.14, -17.22, -17.34
1404179244749,-33.90, -17.46, -17.40
1404179244749,-33.84, -17.52, -17.28
1404179244749,-34.08, -17.64, -17.52
1404179244750,-34.50, -18.06, -17.70
1404179244750,-34.38, -18.48, -17.88
1404179244843,-34.02, -19.02, -18.30
1404179244844,-33.36, -19.68, -18.30
1404179244844,-32.88, -20.16, -18.54
1404179244844,-32.58, -20.34, -18.72
1404179244844,-32.16, -20.82, -19.08
1404179244844,-31.86, -21.30, -19.38
1404179244844,-31.44, -21.54, -19.56
1404179244844,-30.90, -21.78, -19.80
1404179244844,-30.90, -21.90, -19.86
1404179244847,-30.96, -22.08, -20.04
1404179244978,-31.02, -22.26, -20.34
1404179244979,-30.66, -22.62, -20.22
1404179244979,-30.48, -22.56, -20.10
1404179244979,-30.54, -22.50, -19.80
1404179244979,-30.54, -22.50, -19.86
1404179244979,-30.72, -22.20, -19.74
1404179244979,-30.90, -22.26, -19.62
1404179244980,-30.90, -22.08, -19.62
1404179244980,-31.02, -21.90, -19.56
1404179244980,-31.38, -21.66, -19.50
1404179244980,-31.62, -21.60, -19.26
1404179244980,-31.56, -21.48, -19.32
1404179244980,-31.56, -21.30, -19.02
1404179245088,-31.38, -21.48, -18.60
1404179245088,-31.26, -21.36, -18.24
1404179245089,-31.50, -21.24, -18.00
1404179245089,-31.56, -21.00, -17.82
1404179245089,-31.50, -20.82, -17.40
1404179245089,-31.62, -20.64, -17.22
1404179245089,-31.98, -20.40, -16.86
1404179245089,-32.10, -20.22, -16.50
1404179245089,-32.40, -19.74, -16.50
1404179245089,-32.76, -19.50, -16.44
1404179245090,-33.00, -19.08, -16.20
1404179245100,-32.82, -18.84, -15.96
1404179245198,-32.82, -18.54, -15.60
1404179245198,-32.94, -18.36, -15.30
1404179245199,-32.88, -18.30, -15.00
1404179245199,-33.12, -17.94, -14.64
1404179245199,-33.30, -17.88, -14.34
1404179245199,-33.18, -17.64, -13.92
1404179245199,-33.18, -17.64, -13.62
1404179245199,-33.66, -17.28, -13.44
1404179245199,-33.84, -17.10, -13.14
1404179245201,-33.84, -16.86, -12.84
1404179245297,-33.72, -16.74, -12.24
1404179245297,-33.30, -16.68, -11.88
1404179245297,-33.36, -16.32, -11.52
1404179245297,-33.54, -16.14, -11.16
1404179245297,-33.60, -15.90, -10.68
1404179245297,-33.60, -15.78, -10.26
1404179245297,-33.72, -15.48, -10.02
1404179245297,-33.84, -14.94, -9.84
1404179245297,-34.20, -14.52, -9.96
1404179245301,-34.62, -14.22, -9.96
1404179245392,-34.32, -14.16, -9.66
1404179245392,-34.02, -14.04, -9.36
1404179245392,-33.96, -13.62, -9.12
1404179245393,-34.08, -13.38, -8.94
1404179245393,-34.02, -13.26, -9.12
1404179245393,-33.96, -13.20, -9.24
1404179245393,-33.84, -13.08, -9.48
1404179245393,-33.72, -12.72, -9.78
1404179245393,-33.90, -12.30, -10.38
1404179245493,-33.78, -11.88, -11.04
1404179245494,-33.30, -11.46, -11.70
1404179245494,-33.36, -11.16, -12.48
1404179245494,-33.24, -10.68, -12.90
1404179245494,-33.18, -10.32, -13.38
1404179245494,-33.18, -9.84, -13.86
1404179245494,-33.18, -9.36, -14.28
1404179245494,-33.12, -9.06, -14.70
1404179245495,-33.42, -8.46, -15.24
1404179245495,-33.60, -8.10, -15.54
1404179245594,-32.88, -7.56, -15.78
1404179245594,-32.34, -6.96, -15.90
1404179245594,-32.28, -6.30, -16.20
1404179245595,-31.98, -5.52, -16.50
1404179245595,-31.92, -5.04, -16.74
1404179245595,-31.86, -4.26, -16.80
1404179245595,-31.62, -3.84, -16.80
1404179245595,-31.56, -3.42, -17.16
1404179245595,-31.92, -3.00, -17.28
1404179245595,-32.34, -2.76, -17.52
1404179245693,-32.16, -2.52, -17.46
1404179245693,-31.86, -2.34, -17.34
1404179245694,-31.68, -2.22, -17.40
1404179245694,-31.68, -2.16, -17.22
1404179245694,-31.56, -2.04, -17.40
1404179245694,-31.62, -1.98, -17.28
1404179245694,-31.62, -2.04, -17.46
1404179245694,-31.44, -2.46, -17.64
1404179245694,-31.38, -2.88, -18.00
1404179245695,-31.68, -3.42, -18.48
1404179245793,-31.38, -4.20, -18.42
1404179245793,-30.84, -4.92, -18.60
1404179245793,-30.72, -5.76, -18.84
1404179245794,-30.48, -6.66, -18.90
1404179245794,-30.12, -7.44, -18.90
1404179245794,-30.00, -8.04, -18.96
1404179245794,-29.82, -8.82, -19.08
1404179245794,-29.58, -9.42, -19.02
1404179245794,-29.52, -9.84, -19.38
1404179245795,-29.76, -10.26, -19.38
1404179245894,-29.34, -10.56, -19.08
1404179245894,-29.16, -10.92, -19.02
1404179245894,-29.10, -11.10, -19.14
1404179245894,-29.28, -11.04, -19.08
1404179245894,-29.34, -10.74, -18.90
1404179245894,-29.22, -10.74, -18.84
1404179245895,-29.52, -10.44, -18.78
1404179245895,-29.46, -10.56, -19.02
1404179245895,-29.76, -10.38, -19.26
1404179245896,-29.76, -10.08, -19.50
1404179245993,-29.64, -10.14, -19.44
1404179245993,-29.10, -10.56, -19.56
1404179245993,-29.04, -10.74, -19.68
1404179245993,-29.04, -10.98, -19.68
1404179245993,-28.80, -11.16, -19.68
1404179245994,-28.80, -10.92, -19.50
1404179245994,-28.92, -11.04, -19.68
1404179245994,-29.28, -11.10, -19.56
1404179245994,-29.46, -11.16, -19.56
1404179245997,-29.64, -10.68, -19.44
1404179246094,-29.58, -10.74, -19.38
1404179246094,-29.46, -10.62, -19.14
1404179246094,-29.58, -10.50, -19.20
1404179246094,-29.28, -10.50, -19.38
1404179246094,-29.16, -10.26, -19.32
1404179246094,-28.98, -10.08, -19.44
1404179246095,-28.92, -9.84, -19.56
1404179246095,-29.04, -9.84, -19.92
1404179246095,-29.04, -9.66, -20.10
1404179246097,-29.04, -9.42, -20.34
1404179246193,-28.74, -9.60, -20.34
1404179246193,-28.68, -9.96, -20.64
1404179246193,-28.50, -10.08, -20.82
1404179246193,-28.38, -10.14, -21.12
1404179246194,-28.14, -10.32, -21.42
1404179246194,-28.02, -10.68, -21.78
1404179246194,-27.90, -10.92, -22.14
1404179246194,-27.96, -11.46, -22.74
1404179246194,-28.08, -11.58, -23.34
1404179246195,-27.84, -11.70, -24.00
1404179246291,-27.66, -12.12, -24.66
1404179246291,-27.30, -13.08, -25.32
1404179246291,-27.30, -13.80, -26.04
1404179246291,-27.06, -14.58, -26.64
1404179246291,-26.82, -15.48, -27.24
1404179246291,-26.10, -16.32, -27.90
1404179246291,-25.44, -17.28, -28.50
1404179246292,-25.20, -17.88, -28.92
1404179246295,-24.96, -18.48, -29.16
1404179246392,-24.72, -18.24, -28.92
1404179246392,-24.24, -17.82, -28.62
1404179246392,-24.36, -17.16, -28.50
1404179246392,-24.36, -16.26, -28.08
1404179246392,-24.72, -15.54, -27.78
1404179246393,-25.14, -14.76, -27.42
1404179246393,-25.26, -13.92, -27.00
1404179246393,-25.38, -13.08, -26.82
1404179246393,-25.44, -12.48, -27.06
1404179246396,-25.62, -12.18, -27.30
1404179246493,-24.90, -12.18, -27.18
1404179246493,-24.72, -11.94, -27.12
1404179246493,-24.96, -11.76, -27.00
1404179246493,-25.44, -11.82, -26.46
1404179246493,-26.64, -12.30, -25.92
1404179246493,-28.14, -13.20, -24.84
1404179246493,-30.42, -14.28, -23.28
1404179246493,-33.18, -15.90, -21.24
1404179246494,-37.44, -17.82, -18.78
1404179246497,-42.12, -20.22, -16.26
1404179246592,-47.10, -23.28, -13.08
1404179246592,-52.98, -26.52, -10.02
1404179246592,-59.70, -30.30, -6.96
1404179246592,-66.84, -34.44, -4.38
1404179246593,-74.52, -38.58, -2.04
1404179246593,-82.20, -42.96, -0.24
1404179246593,-89.94, -47.10, 0.90
1404179246593,-97.92, -51.84, 1.62
1404179246593,-106.08, -55.98, 1.68
1404179246598,-113.94, -60.12, 1.08
1404179246692,-120.90, -63.90, 0.30
1404179246692,-127.80, -67.56, -0.42
1404179246692,-134.10, -70.92, -1.86
1404179246692,-139.68, -73.56, -3.48
1404179246692,-145.02, -76.08, -5.22
1404179246692,-149.70, -78.18, -6.90
1404179246692,-153.54, -79.68, -8.88
1404179246692,-156.96, -81.24, -10.50
1404179246693,-160.32, -82.74, -12.48
1404179246699,-163.26, -83.88, -14.52
1404179246792,-165.96, -85.14, -16.56
1404179246792,-169.08, -86.70, -18.36
1404179246792,-172.08, -87.78, -20.58
1404179246792,-175.08, -89.10, -23.04
1404179246792,-175.08, -89.10, -23.04
1404179246792,-181.38, -91.98, -28.02
1404179246792,-184.44, -93.12, -30.78
1404179246792,-187.50, -94.38, -33.54
1404179246793,-190.32, -95.40, -36.12
1404179246799,-192.90, -96.30, -38.82
1404179246888,-195.06, -97.50, -41.10
1404179246888,-196.86, -98.76, -43.08
1404179246889,-198.60, -99.66, -45.36
1404179246889,-200.22, -100.68, -47.28
1404179246889,-201.72, -101.58, -48.96
1404179246889,-202.80, -102.24, -50.52
1404179246890,-203.94, -102.66, -52.02
1404179246890,-204.72, -103.26, -53.64
1404179246890,-205.38, -103.68, -55.08
1404179246902,-205.86, -103.68, -56.16
1404179247033,-206.22, -103.80, -57.00
1404179247033,-206.82, -103.86, -57.90
1404179247033,-207.18, -103.92, -58.50
1404179247033,-207.42, -104.10, -59.10
1404179247034,-207.60, -104.34, -59.58
1404179247034,-207.96, -104.40, -59.88
1404179247034,-208.26, -104.70, -60.30
1404179247035,-208.74, -104.76, -60.90
1404179247035,-209.10, -105.06, -61.32
1404179247035,-209.28, -105.42, -62.04
1404179247035,-209.40, -105.54, -62.94
1404179247035,-209.70, -106.02, -63.84
1404179247042,-210.60, -106.74, -65.82
1404179247171,-210.90, -107.10, -66.54
1404179247171,-211.50, -107.58, -67.62
1404179247171,-211.80, -107.88, -68.58
1404179247171,-211.62, -108.30, -69.06
1404179247172,-211.74, -108.60, -69.48
1404179247172,-211.62, -108.54, -69.90
1404179247172,-211.50, -108.90, -70.38
1404179247172,-211.32, -109.38, -70.80
1404179247172,-211.20, -109.50, -71.58
1404179247172,-210.36, -109.92, -72.12
1404179247172,-209.76, -110.22, -72.78
1404179247172,-209.40, -110.46, -73.62
1404179247174,-208.80, -110.64, -74.28
1404179247184,-208.26, -111.06, -74.58
1404179247315,-207.84, -111.42, -74.94
1404179247315,-207.54, -111.36, -75.36
1404179247315,-207.36, -111.54, -75.54
1404179247316,-207.72, -111.30, -75.78
1404179247316,-208.26, -111.18, -76.08
1404179247316,-208.74, -110.94, -76.20
1404179247316,-209.40, -110.88, -76.50
1404179247316,-209.88, -110.58, -77.22
1404179247316,-210.24, -110.28, -77.88
1404179247316,-210.42, -110.16, -78.30
1404179247317,-210.48, -110.10, -78.78
1404179247317,-210.30, -110.40, -79.20
1404179247325,-209.22, -110.58, -79.32
1404179247437,-208.68, -110.46, -79.68
1404179247437,-208.50, -110.40, -80.10
1404179247437,-207.90, -110.16, -81.00
1404179247437,-207.18, -110.16, -82.44
1404179247438,-206.46, -109.86, -84.60
1404179247438,-205.38, -109.44, -87.60
1404179247438,-204.18, -109.32, -91.44
1404179247438,-202.56, -109.62, -96.24
1404179247438,-200.10, -109.98, -101.40
1404179247438,-197.16, -110.94, -107.10
1404179247438,-193.92, -112.08, -112.92
1404179247446,-190.14, -113.46, -118.44
1404179247602,-186.12, -115.20, -123.72
1404179247602,-182.10, -117.60, -128.64
1404179247603,-178.02, -119.88, -133.38
1404179247603,-174.00, -122.16, -137.22
1404179247603,-170.52, -124.74, -140.76
1404179247603,-167.22, -127.14, -143.94
1404179247603,-164.04, -129.60, -146.58
1404179247603,-161.28, -132.06, -148.92
1404179247603,-158.94, -134.52, -151.14
1404179247604,-156.54, -136.44, -152.76
1404179247604,-154.44, -138.54, -154.26
1404179247604,-152.88, -140.40, -155.58
1404179247609,-146.82, -146.16, -158.52
1404179247731,-145.32, -147.12, -158.64
1404179247732,-144.06, -148.02, -158.76
1404179247732,-143.10, -148.50, -158.76
1404179247732,-141.78, -148.92, -158.88
1404179247732,-141.06, -149.22, -159.12
1404179247732,-140.16, -149.40, -159.06
1404179247732,-139.26, -149.22, -159.12
1404179247733,-138.48, -149.04, -159.36
1404179247733,-138.06, -148.50, -159.66
1404179247733,-137.64, -147.90, -159.90
1404179247733,-136.86, -147.48, -159.96
1404179247733,-136.50, -146.82, -159.78
1404179247741,-135.48, -145.92, -159.66
1404179247867,-134.70, -145.14, -159.48
1404179247867,-133.98, -144.30, -159.42
1404179247867,-133.20, -143.46, -159.06
1404179247867,-132.36, -142.68, -158.64
1404179247867,-131.40, -141.84, -158.46
1404179247868,-130.98, -141.00, -158.40
1404179247868,-130.32, -140.58, -158.28
1404179247868,-130.08, -139.98, -158.34
1404179247868,-129.84, -139.44, -158.46
1404179247868,-129.66, -139.14, -158.22
1404179247868,-129.66, -138.96, -157.92
1404179247868,-129.72, -138.72, -157.86
1404179247872,-130.20, -138.60, -157.74
1404179247882,-130.20, -138.30, -157.62
1404179248000,-130.26, -138.06, -157.50
1404179248000,-130.56, -137.76, -157.26
1404179248000,-130.86, -137.22, -156.96
1404179248000,-130.92, -136.68, -156.90
1404179248000,-131.16, -136.26, -157.02
1404179248000,-131.16, -135.96, -157.08
1404179248000,-130.92, -135.66, -157.08
1404179248001,-130.86, -135.42, -156.96
1404179248001,-130.92, -135.12, -156.96
1404179248001,-130.74, -135.00, -156.90
1404179248001,-130.50, -135.48, -157.08
1404179248005,-130.26, -135.78, -157.08
1404179248014,-129.84, -136.02, -156.90
1404179248144,-129.54, -136.02, -156.72
1404179248144,-129.30, -135.96, -156.42
1404179248144,-129.06, -136.20, -156.48
1404179248145,-128.88, -136.32, -156.72
1404179248145,-128.82, -136.20, -156.60
1404179248145,-128.82, -135.96, -156.60
1404179248145,-129.24, -135.72, -156.78
1404179248145,-129.36, -135.72, -157.02
1404179248145,-129.30, -135.90, -157.20
1404179248145,-129.30, -135.78, -157.20
1404179248146,-129.30, -135.66, -157.44
1404179248146,-129.54, -135.60, -157.32
1404179248150,-129.30, -135.66, -157.14
1404179248280,-129.36, -135.84, -157.08
1404179248280,-129.24, -136.02, -157.14
1404179248280,-129.24, -136.14, -157.14
1404179248280,-129.54, -136.20, -157.02
1404179248280,-129.60, -136.44, -157.14
1404179248281,-129.90, -136.62, -156.96
1404179248281,-129.90, -136.92, -157.08
1404179248281,-130.38, -136.92, -157.38
1404179248281,-130.56, -136.92, -157.44
1404179248282,-130.56, -136.80, -157.50
1404179248282,-130.86, -136.86, -157.68
1404179248282,-130.98, -136.92, -157.74
1404179248282,-130.86, -136.74, -157.56
1404179248392,-130.38, -136.74, -157.44
1404179248393,-130.50, -136.62, -157.38
1404179248393,-130.56, -136.62, -157.20
1404179248393,-130.50, -136.62, -157.26
1404179248393,-130.44, -136.74, -157.38
1404179248393,-130.50, -136.74, -157.14
1404179248393,-130.32, -136.74, -157.14
1404179248393,-130.44, -136.98, -157.26
1404179248394,-131.04, -137.04, -157.20
1404179248394,-130.86, -137.04, -157.20
1404179248394,-130.68, -136.86, -157.26
1404179248497,-130.68, -137.04, -157.02
1404179248497,-130.68, -137.10, -157.02
1404179248497,-130.62, -137.04, -156.90
1404179248497,-130.32, -136.92, -157.08
1404179248498,-130.50, -136.74, -157.02
1404179248498,-130.44, -136.98, -157.20
1404179248498,-130.68, -136.98, -157.14
1404179248498,-130.74, -136.68, -157.44
1404179248617,-130.38, -136.68, -157.44
1404179248617,-130.26, -136.80, -157.32
1404179248617,-130.56, -136.74, -157.20
1404179248617,-130.56, -136.80, -157.20
1404179248617,-130.74, -136.98, -157.02
1404179248618,-130.86, -137.04, -156.90
1404179248618,-130.80, -137.10, -157.08
1404179248618,-130.74, -137.22, -156.90
1404179248618,-131.16, -137.40, -157.14
1404179248618,-131.52, -137.16, -157.32
1404179248618,-131.40, -137.10, -157.50
1404179248618,-131.28, -137.16, -157.26
1404179248625,-131.10, -137.40, -157.14
1404179248722,-130.98, -137.52, -157.08
1404179248722,-130.92, -137.46, -156.90
1404179248722,-130.98, -137.40, -156.84
1404179248722,-130.74, -137.22, -156.54
1404179248722,-130.86, -137.40, -156.48
1404179248723,-130.56, -137.46, -156.30
1404179248723,-130.50, -137.34, -156.42
1404179248723,-130.38, -137.04, -156.72
1404179248723,-130.38, -136.92, -156.78
1404179248726,-130.02, -137.04, -156.60
1404179248822,-129.30, -137.16, -156.42
1404179248822,-129.18, -137.28, -156.48
1404179248822,-128.82, -137.04, -156.30
1404179248822,-128.64, -137.10, -156.30
1404179248822,-128.52, -137.16, -156.24
1404179248823,-128.28, -137.22, -155.94
1404179248823,-128.10, -137.16, -155.64
1404179248823,-128.10, -137.22, -155.64
1404179248823,-128.58, -137.16, -155.58
1404179248827,-128.34, -137.28, -155.16
1404179248923,-128.04, -137.46, -155.10
1404179248923,-128.16, -137.58, -155.10
1404179248923,-128.16, -137.58, -154.98
1404179248923,-128.04, -137.82, -155.04
1404179248923,-127.80, -138.00, -155.04
1404179248923,-127.44, -138.06, -155.16
1404179248924,-127.26, -138.18, -155.10
1404179248924,-127.32, -138.24, -155.34
1404179248924,-127.74, -138.24, -155.58
1404179248928,-127.38, -138.66, -155.40
1404179249023,-127.26, -138.84, -155.64
1404179249023,-127.62, -138.78, -155.64
1404179249023,-127.98, -139.08, -155.88
1404179249023,-128.46, -139.44, -156.06
1404179249023,-128.82, -139.86, -156.12
1404179249024,-129.36, -140.16, -156.30
1404179249024,-129.54, -140.94, -156.24
1404179249024,-130.38, -141.12, -156.48
1404179249024,-130.98, -141.60, -156.36
1404179249030,-131.16, -142.44, -156.60
1404179249122,-131.40, -142.80, -156.36
1404179249122,-132.12, -143.22, -156.42
1404179249122,-132.54, -143.82, -156.66
1404179249122,-133.02, -144.42, -156.78
1404179249122,-133.68, -144.66, -156.90
1404179249122,-134.46, -145.02, -157.20
1404179249122,-135.36, -145.50, -157.32
1404179249122,-136.62, -145.92, -157.62
1404179249122,-137.82, -146.34, -157.68
1404179249131,-138.60, -146.58, -157.62
1404179249296,-139.80, -146.76, -157.50
1404179249296,-140.76, -146.76, -157.56
1404179249297,-141.84, -146.94, -157.38
1404179249297,-142.92, -147.30, -157.14
1404179249297,-144.00, -147.54, -157.14
1404179249297,-145.02, -147.30, -156.90
1404179249297,-146.16, -147.36, -157.02
1404179249297,-147.42, -147.60, -156.90
1404179249297,-148.74, -147.78, -156.90
1404179249297,-149.76, -148.08, -156.84
1404179249298,-150.72, -148.20, -156.90
1404179249298,-151.44, -148.26, -156.84
1404179249419,-153.72, -148.74, -156.30
1404179249419,-153.48, -148.68, -155.82
1404179249419,-153.84, -148.92, -155.52
1404179249419,-154.20, -148.98, -155.28
1404179249419,-154.44, -148.98, -155.04
1404179249419,-154.56, -149.04, -155.04
1404179249420,-154.80, -149.22, -155.04
1404179249420,-154.86, -149.40, -154.92
1404179249420,-155.10, -149.64, -154.74
1404179249420,-155.70, -149.82, -154.98
1404179249420,-155.94, -149.82, -154.86
1404179249420,-156.06, -149.94, -154.62
1404179249422,-156.36, -150.12, -154.62
1404179249432,-156.00, -150.42, -154.32
1404179249539,-155.64, -150.78, -154.20
1404179249539,-155.82, -151.02, -154.08
1404179249539,-156.00, -151.20, -153.96
1404179249540,-156.00, -151.38, -153.96
1404179249540,-156.18, -151.32, -153.90
1404179249540,-156.12, -151.62, -154.08
1404179249540,-156.06, -151.86, -154.02
1404179249540,-156.48, -151.86, -154.26
1404179249540,-156.90, -152.04, -154.20
1404179249540,-156.90, -152.16, -154.08
1404179249544,-156.72, -152.28, -154.08
1404179249649,-156.42, -152.40, -153.96
1404179249649,-155.94, -152.70, -154.08
1404179249650,-156.06, -152.94, -153.90
1404179249650,-155.94, -153.18, -153.96
1404179249650,-155.82, -153.48, -153.78
1404179249650,-155.82, -153.66, -153.84
1404179249650,-155.70, -153.78, -153.84
1404179249650,-155.58, -154.26, -153.96
1404179249650,-155.58, -154.56, -154.20
1404179249650,-155.70, -154.92, -154.14
1404179249655,-155.34, -155.10, -154.38
1404179249665,-154.92, -155.52, -154.32
1404179249808,-154.56, -155.94, -154.38
1404179249808,-154.02, -156.24, -154.38
1404179249809,-153.78, -156.60, -154.44
1404179249809,-153.66, -156.66, -154.44
1404179249809,-153.60, -156.96, -154.38
1404179249809,-153.36, -157.14, -154.56
1404179249810,-153.12, -157.56, -154.56
1404179249810,-153.12, -157.50, -154.68
1404179249810,-153.00, -157.38, -155.04
1404179249810,-152.76, -157.38, -155.46
1404179249811,-152.28, -157.32, -155.76
1404179249811,-151.92, -157.56, -156.00
1404179249944,-150.12, -157.44, -156.36
1404179249944,-149.40, -157.56, -156.60
1404179249944,-148.98, -157.86, -156.60
1404179249945,-148.68, -158.04, -156.54
1404179249945,-148.50, -158.22, -156.48
1404179249945,-148.26, -158.34, -156.54
1404179249945,-147.96, -158.52, -156.66
1404179249945,-147.60, -158.88, -156.78
1404179249945,-147.60, -158.82, -156.90
1404179249946,-147.66, -158.82, -156.96
1404179249946,-147.36, -158.64, -157.02
1404179249946,-147.30, -158.52, -157.02
1404179250054,-146.58, -158.46, -156.96
1404179250054,-146.04, -158.52, -156.78
1404179250054,-145.62, -158.58, -156.48
1404179250055,-145.44, -158.28, -156.30
1404179250055,-144.96, -158.34, -156.18
1404179250055,-144.84, -158.40, -156.00
1404179250055,-144.60, -158.70, -156.00
1404179250055,-144.54, -158.76, -156.18
1404179250055,-144.54, -158.76, -156.24
1404179250056,-144.66, -158.52, -156.66
1404179250056,-144.84, -158.28, -156.84
1404179250061,-144.54, -158.34, -156.96
1404179250168,-144.48, -158.46, -157.14
1404179250168,-144.24, -158.58, -157.20
1404179250168,-144.18, -158.16, -157.20
1404179250169,-144.00, -158.10, -157.08
1404179250169,-143.88, -157.86, -157.02
1404179250169,-143.88, -157.92, -156.84
1404179250169,-143.82, -157.62, -156.90
1404179250169,-143.64, -157.80, -157.02
1404179250169,-143.76, -157.56, -157.08
1404179250169,-143.70, -157.26, -157.20
1404179250172,-143.70, -157.38, -157.26
1404179250316,-143.34, -157.62, -157.14
1404179250316,-142.98, -157.62, -157.20
1404179250317,-142.74, -157.68, -157.20
1404179250317,-142.74, -157.86, -157.26
1404179250317,-142.68, -157.86, -157.32
1404179250317,-142.56, -157.80, -157.14
1404179250317,-142.38, -157.92, -157.26
1404179250318,-142.08, -157.98, -157.32
1404179250318,-142.44, -157.86, -157.68
1404179250318,-142.74, -158.04, -157.74
1404179250318,-142.80, -158.16, -157.80
1404179250318,-142.56, -158.22, -157.86
