1400537274966,197.94, 9.54, -412.74
1400537274966,197.94, 9.30, -412.68
1400537274966,197.94, 8.64, -412.80
1400537274975,197.94, 8.40, -412.68
1400537275063,197.94, 8.34, -412.38
1400537275063,198.00, 8.10, -412.08
1400537275063,198.12, 7.74, -411.66
1400537275063,198.18, 7.68, -411.48
1400537275134,198.18, 7.56, -411.18
1400537275134,198.18, 7.02, -410.88
1400537275135,197.94, 7.26, -411.06
1400537275137,197.76, 7.80, -411.66
1400537275211,197.22, 8.76, -412.68
1400537275211,196.38, 10.20, -414.12
1400537275211,195.30, 11.58, -415.92
1400537275217,193.98, 12.72, -417.72
1400537275284,193.08, 13.86, -419.76
1400537275284,192.06, 15.30, -421.62
1400537275284,191.52, 16.68, -422.88
1400537275375,190.92, 17.52, -423.48
1400537275375,190.44, 17.88, -423.84
1400537275375,190.26, 18.00, -424.02
1400537275375,190.20, 18.18, -423.72
1400537275378,190.38, 18.48, -423.00
1400537275449,190.44, 18.78, -422.28
1400537275450,190.74, 18.96, -421.74
1400537275450,190.56, 18.84, -421.38
1400537275459,190.50, 18.84, -421.50
1400537275519,190.62, 19.02, -421.56
1400537275520,190.44, 19.20, -421.44
1400537275520,190.56, 19.20, -421.44
1400537275608,190.56, 19.08, -421.80
1400537275608,190.50, 18.78, -421.98
1400537275608,190.14, 18.72, -422.04
1400537275608,190.08, 18.72, -422.04
1400537275668,190.02, 18.66, -421.98
1400537275668,190.08, 18.78, -421.92
1400537275668,190.08, 18.72, -421.86
1400537275680,189.90, 18.84, -421.86
1400537275737,189.90, 19.08, -421.68
1400537275737,189.84, 19.56, -421.56
1400537275741,190.08, 19.86, -421.50
1400537275807,190.14, 20.16, -421.32
1400537275807,190.20, 20.34, -421.26
1400537275808,190.20, 20.10, -421.08
1400537275867,190.26, 19.98, -420.96
1400537275868,190.44, 20.04, -420.90
1400537275868,190.50, 20.04, -420.84
1400537275935,190.38, 20.10, -420.96
1400537275935,190.32, 20.04, -420.90
1400537275936,190.38, 19.80, -420.90
1400537275942,190.26, 19.62, -420.90
1400537276004,190.08, 19.80, -421.08
1400537276004,189.84, 19.68, -421.08
1400537276004,189.72, 19.68, -421.02
1400537276067,189.54, 19.68, -421.14
1400537276068,189.30, 19.56, -421.08
1400537276068,189.00, 19.50, -421.56
1400537276136,188.82, 19.56, -421.80
1400537276136,188.76, 19.50, -422.28
1400537276136,188.64, 19.44, -422.46
1400537276144,188.76, 19.62, -422.34
1400537276206,188.58, 19.62, -422.46
1400537276206,188.52, 19.44, -422.58
1400537276207,188.76, 19.44, -422.70
1400537276274,189.06, 19.26, -422.52
1400537276274,188.82, 19.38, -422.58
1400537276274,188.82, 19.62, -422.34
1400537276333,188.82, 19.62, -422.52
1400537276334,188.64, 19.50, -422.94
1400537276334,188.70, 19.32, -423.06
1400537276345,188.70, 19.56, -423.12
1400537276412,188.40, 19.50, -423.30
1400537276412,188.16, 19.62, -423.48
1400537276412,188.22, 19.38, -423.78
1400537276466,188.28, 19.38, -423.78
1400537276466,187.98, 19.32, -423.66
1400537276467,187.80, 19.50, -423.60
1400537276553,187.86, 19.50, -423.72
1400537276554,187.80, 19.26, -423.78
1400537276554,187.86, 19.44, -423.78
1400537276554,187.80, 19.44, -423.66
1400537276617,187.68, 19.44, -423.60
1400537276617,187.56, 19.38, -423.66
1400537276618,187.86, 19.74, -423.48
1400537276627,187.92, 20.46, -423.24
1400537276683,187.86, 21.48, -422.76
1400537276684,187.92, 22.80, -422.46
1400537276688,187.86, 24.12, -421.98
1400537276754,187.92, 25.92, -421.38
1400537276754,188.22, 28.26, -420.54
1400537276754,188.04, 31.08, -419.70
1400537276816,188.04, 34.20, -418.92
1400537276817,188.10, 37.74, -418.38
1400537276817,188.10, 41.88, -418.02
1400537276829,188.16, 46.50, -417.84
1400537276883,188.34, 51.84, -417.54
1400537276883,188.34, 57.60, -417.54
1400537276889,188.16, 63.36, -417.78
1400537276952,188.34, 69.00, -418.08
1400537276952,188.16, 74.40, -418.50
1400537276952,188.40, 78.78, -418.62
1400537277017,188.10, 82.44, -418.86
1400537277017,188.16, 85.20, -418.80
1400537277017,188.10, 87.18, -418.98
1400537277030,188.10, 88.38, -419.16
1400537277087,188.22, 88.86, -419.16
1400537277088,188.16, 89.04, -419.22
1400537277091,188.46, 88.74, -419.28
1400537277158,188.46, 88.74, -419.58
1400537277158,188.82, 88.68, -419.70
1400537277158,188.76, 88.74, -420.12
1400537277222,188.76, 88.62, -420.18
1400537277222,188.76, 88.62, -420.48
1400537277222,188.76, 88.62, -420.90
1400537277231,188.88, 88.68, -420.96
1400537277288,188.82, 88.74, -421.14
1400537277288,189.00, 88.68, -421.38
1400537277292,188.94, 88.38, -421.68
1400537277356,189.18, 87.78, -421.98
1400537277356,189.54, 87.42, -422.58
1400537277356,190.02, 86.88, -423.12
1400537277422,190.38, 86.52, -423.48
1400537277422,190.56, 85.98, -424.32
1400537277422,190.80, 85.20, -424.98
1400537277433,191.22, 84.48, -425.76
1400537277489,191.82, 83.64, -426.72
1400537277489,192.36, 82.86, -427.56
1400537277493,192.84, 81.96, -428.52
1400537277559,193.08, 81.24, -429.48
1400537277559,193.50, 80.10, -430.14
1400537277560,193.86, 79.44, -430.92
1400537277619,194.22, 78.84, -431.70
1400537277619,194.22, 78.24, -432.30
1400537277619,194.16, 78.06, -432.66
1400537277684,193.92, 78.06, -432.84
1400537277684,193.86, 78.06, -432.78
1400537277684,193.74, 77.88, -432.60
1400537277695,193.86, 78.06, -432.90
1400537277768,193.86, 77.82, -432.72
1400537277768,193.80, 77.88, -432.60
1400537277769,193.62, 77.94, -432.72
1400537277775,193.50, 77.94, -432.72
1400537277835,193.68, 77.82, -432.84
1400537277835,193.68, 77.64, -433.02
1400537277836,193.68, 77.64, -432.90
1400537277912,193.38, 77.70, -432.84
1400537277912,193.32, 77.82, -432.96
1400537277912,193.38, 77.88, -433.08
1400537277917,193.56, 77.94, -432.78
1400537277970,193.68, 77.70, -432.72
1400537277970,193.56, 77.76, -432.66
1400537277977,193.50, 77.88, -432.60
1400537278034,193.68, 78.06, -432.66
1400537278034,193.80, 78.12, -432.72
1400537278037,193.86, 78.06, -432.78
1400537278103,193.86, 78.12, -432.78
1400537278103,193.98, 78.18, -432.78
1400537278103,193.86, 78.42, -432.84
1400537278197,194.10, 78.42, -432.84
1400537278197,194.10, 78.42, -432.90
1400537278197,194.04, 78.42, -433.08
1400537278198,193.92, 78.48, -432.90
1400537278199,193.86, 78.54, -432.90
1400537278289,193.68, 78.54, -432.96
1400537278290,193.44, 78.36, -433.32
1400537278290,192.78, 78.18, -434.88
1400537278290,191.28, 77.94, -437.82
1400537278299,188.40, 78.00, -442.38
1400537278355,184.74, 77.82, -448.44
1400537278356,180.60, 77.58, -455.94
1400537278360,175.38, 77.64, -463.98
1400537278421,169.62, 77.76, -472.80
1400537278422,163.02, 77.82, -482.46
1400537278422,155.70, 77.64, -492.60
1400537278535,147.36, 77.76, -503.28
1400537278535,138.90, 77.88, -513.54
1400537278535,129.72, 78.24, -523.44
1400537278536,119.64, 78.66, -533.40
1400537278536,109.20, 78.72, -543.72
1400537278541,0.00, 0.00, 0.00
1400537278603,85.56, 79.50, -564.54
1400537278604,72.12, 80.04, -574.50
1400537278604,57.24, 80.46, -583.80
1400537278714,40.68, 80.88, -593.04
1400537278714,22.74, 81.06, -601.80
1400537278714,3.96, 81.18, -609.66
1400537278714,-16.14, 81.60, -616.80
1400537278714,0.00, 0.00, 0.00
1400537278772,-57.54, 81.72, -628.38
1400537278772,-77.28, 81.84, -632.70
1400537278772,-94.74, 81.90, -635.64
1400537278783,-110.16, 82.02, -637.44
1400537278837,-123.78, 82.08, -638.34
1400537278837,-136.20, 81.78, -638.76
1400537278843,-146.94, 81.66, -638.88
1400537278904,-155.82, 81.36, -639.00
1400537278905,-162.18, 81.54, -638.58
1400537278905,-165.54, 81.36, -638.40
1400537278971,-167.88, 81.36, -638.40
1400537278971,-170.58, 81.42, -638.10
1400537278971,-173.52, 81.78, -637.50
1400537278985,-176.94, 82.26, -636.84
1400537279080,-180.78, 82.44, -635.82
1400537279080,-185.76, 82.62, -634.86
1400537279081,-192.96, 82.80, -633.72
1400537279081,-202.74, 82.80, -631.80
1400537279137,-213.30, 82.92, -629.70
1400537279137,-222.54, 82.74, -627.60
1400537279138,-231.18, 82.44, -625.74
1400537279145,-238.38, 82.02, -623.76
1400537279204,-244.20, 81.66, -622.20
1400537279205,-248.52, 81.42, -620.64
1400537279206,-251.76, 81.30, -619.08
1400537279272,0.00, 0.00, 0.00
1400537279272,-258.96, 81.48, -615.42
1400537279272,-264.00, 81.66, -612.96
1400537279339,-269.40, 81.48, -610.32
1400537279339,-275.82, 81.54, -607.14
1400537279339,-283.62, 81.84, -603.00
1400537279347,-293.04, 81.96, -597.90
1400537279403,-303.00, 81.90, -592.32
1400537279403,-312.18, 81.72, -586.80
1400537279407,-321.12, 81.60, -581.04
1400537279472,-329.64, 81.42, -575.28
1400537279472,-337.38, 81.54, -569.94
1400537279472,-343.80, 81.84, -565.38
1400537279581,-349.02, 81.78, -561.60
1400537279581,-353.22, 82.02, -558.66
1400537279581,-357.12, 82.20, -556.02
1400537279582,-360.78, 82.62, -553.38
1400537279582,-363.90, 82.86, -551.34
1400537279638,-366.18, 83.04, -549.54
1400537279638,-368.46, 83.22, -547.62
1400537279638,-371.70, 83.34, -545.16
1400537279649,-374.76, 83.58, -542.34
1400537279706,-377.58, 83.70, -539.34
1400537279706,-380.28, 83.70, -536.64
1400537279709,-382.92, 83.70, -534.18
1400537279772,-385.20, 83.88, -531.54
1400537279772,-387.90, 84.06, -528.90
1400537279772,-390.48, 84.12, -526.62
1400537279839,-392.22, 84.12, -524.34
1400537279839,-393.96, 84.30, -522.48
1400537279839,-395.94, 84.54, -520.62
1400537279850,-397.32, 84.78, -518.64
1400537279909,-398.82, 85.08, -516.60
1400537279909,-400.80, 85.32, -514.62
1400537279911,-402.48, 85.56, -512.40
1400537279972,-404.58, 86.04, -509.82
1400537279972,-406.92, 86.28, -507.24
1400537279972,-409.20, 86.16, -504.78
1400537280042,0.00, 0.00, 0.00
1400537280042,-413.82, 86.34, -500.04
1400537280042,-416.22, 86.40, -497.94
1400537280052,-418.62, 86.34, -495.78
1400537280106,-420.60, 86.28, -493.92
1400537280106,-422.22, 86.34, -492.30
1400537280112,-423.42, 86.76, -490.98
1400537280173,-424.26, 87.12, -489.54
1400537280173,-425.34, 87.60, -488.46
1400537280173,-425.94, 87.84, -487.26
1400537280240,-426.36, 88.50, -486.06
1400537280240,-426.54, 89.22, -485.04
1400537280241,-426.72, 89.94, -484.32
1400537280327,-426.78, 90.48, -483.78
1400537280327,-427.08, 90.84, -483.36
1400537280328,-427.56, 91.32, -483.12
1400537280328,-427.62, 91.86, -482.58
1400537280334,-427.92, 92.28, -482.22
1400537280395,-428.22, 92.28, -481.80
1400537280395,-428.40, 92.28, -481.62
1400537280395,-428.76, 92.46, -481.56
1400537280483,-429.06, 92.64, -481.14
1400537280483,-429.18, 92.64, -480.96
1400537280483,-429.54, 92.82, -480.84
1400537280483,-429.78, 92.82, -480.78
1400537280540,-430.08, 92.94, -480.72
1400537280540,-430.32, 93.00, -480.90
1400537280540,-430.56, 93.12, -481.14
1400537280606,-430.86, 93.24, -481.26
1400537280606,-431.22, 93.06, -481.44
1400537280606,-431.52, 93.06, -481.56
1400537280616,-431.70, 92.70, -481.80
1400537280672,-432.24, 92.46, -482.16
1400537280672,-432.60, 92.28, -482.76
1400537280676,-432.96, 91.98, -483.42
1400537280740,-433.56, 91.62, -484.08
1400537280740,-434.04, 91.32, -484.74
1400537280740,-434.64, 91.02, -485.52
1400537280869,-435.30, 90.78, -486.06
1400537280869,-435.78, 90.72, -486.72
1400537280870,-436.20, 90.66, -487.20
1400537280870,-436.62, 90.48, -487.56
1400537280870,-436.92, 90.48, -487.50
1400537280870,-436.92, 90.48, -487.38
1400537280878,-437.04, 90.42, -487.50
1400537280945,-436.86, 90.42, -487.32
1400537280945,-436.80, 90.42, -487.38
1400537280946,-436.68, 90.42, -487.14
1400537281007,-436.50, 90.24, -487.08
1400537281007,-436.44, 90.30, -486.72
1400537281007,-436.20, 90.24, -486.72
1400537281019,-436.14, 90.36, -486.84
1400537281074,-436.08, 90.18, -486.54
1400537281074,-436.08, 90.00, -486.78
1400537281079,-436.08, 89.70, -486.60
1400537281140,-436.26, 89.64, -486.72
1400537281141,-436.26, 89.70, -486.66
1400537281141,-436.14, 89.46, -486.84
1400537281207,-436.14, 89.40, -486.84
1400537281207,-436.38, 89.10, -486.84
1400537281207,-436.44, 89.16, -486.84
1400537281274,-436.44, 89.22, -486.72
1400537281274,-436.38, 89.34, -486.96
1400537281274,-436.14, 89.22, -486.84
1400537281281,-436.26, 89.22, -487.02
1400537281341,-436.32, 89.22, -487.20
1400537281341,-436.74, 89.16, -487.50
1400537281341,-436.98, 89.10, -487.92
1400537281407,-437.76, 88.86, -488.46
1400537281408,-438.42, 88.80, -489.06
1400537281408,-439.14, 88.50, -489.66
1400537281474,-440.16, 88.32, -490.62
1400537281474,-441.24, 87.96, -491.28
1400537281474,-442.50, 87.66, -492.36
1400537281482,-443.46, 87.36, -493.50
1400537281550,-444.48, 87.06, -494.52
1400537281550,-445.14, 86.76, -495.90
1400537281550,-445.98, 86.16, -497.16
1400537281635,-446.94, 86.10, -498.36
1400537281636,-447.72, 85.80, -499.26
1400537281636,-448.20, 85.50, -500.22
1400537281636,-448.68, 85.20, -501.12
1400537281693,-449.16, 85.02, -501.84
1400537281693,-449.40, 84.96, -502.38
1400537281693,-449.70, 84.66, -502.56
1400537281704,-449.94, 84.84, -502.80
1400537281777,-449.88, 84.60, -502.92
1400537281778,-449.76, 84.66, -502.86
1400537281778,-449.70, 84.54, -502.80
1400537281784,-449.34, 84.36, -502.56
1400537281875,-449.04, 84.24, -502.20
1400537281875,-448.92, 84.06, -501.84
1400537281875,-448.50, 84.30, -501.54
1400537281875,-448.14, 84.30, -501.18
1400537281885,-448.08, 84.48, -500.88
1400537281974,-447.90, 84.42, -500.70
1400537281974,-447.90, 84.48, -500.52
1400537281974,-447.96, 84.66, -500.40
1400537281974,-447.90, 84.54, -500.52
1400537281985,-447.96, 84.60, -500.64
1400537282079,-448.14, 84.36, -501.00
1400537282079,-448.56, 84.24, -501.42
1400537282080,-448.92, 83.94, -501.84
1400537282080,-449.22, 83.82, -502.62
1400537282086,-449.76, 83.58, -503.52
1400537282173,-450.48, 83.10, -504.36
1400537282173,-451.38, 82.98, -505.14
1400537282174,-452.34, 82.92, -505.74
1400537282174,-454.02, 83.04, -505.98
1400537282187,-455.64, 83.46, -505.44
1400537282242,-457.80, 84.30, -504.36
1400537282242,-460.14, 85.56, -502.08
1400537282247,-462.84, 87.66, -498.60
1400537282307,-465.78, 90.12, -494.40
1400537282307,-469.02, 93.00, -489.36
1400537282308,-472.50, 95.94, -483.96
1400537282374,-475.44, 99.06, -478.02
1400537282375,-478.74, 102.12, -472.26
1400537282375,-481.56, 105.18, -466.50
1400537282442,-484.50, 108.06, -461.28
1400537282442,-487.14, 110.52, -456.78
1400537282442,-489.42, 113.04, -452.64
1400537282449,-491.34, 115.08, -449.04
1400537282508,-492.96, 117.18, -445.74
1400537282508,-494.76, 119.04, -442.92
1400537282509,-495.84, 120.72, -440.22
1400537282589,-497.28, 122.28, -437.94
1400537282590,-498.48, 123.66, -435.78
1400537282590,-499.74, 124.92, -433.92
1400537282590,-500.82, 126.00, -432.24
1400537282659,-501.72, 126.96, -430.56
1400537282659,-502.62, 127.74, -429.12
1400537282660,-503.16, 128.58, -427.80
1400537282670,-504.06, 129.24, -426.60
1400537282727,-504.60, 129.84, -425.58
1400537282728,-505.26, 130.44, -424.62
1400537282731,-505.68, 130.98, -423.60
1400537282836,-506.34, 131.46, -422.76
1400537282836,-506.82, 131.94, -422.22
1400537282836,-507.30, 132.36, -421.56
1400537282837,-507.84, 132.78, -421.14
1400537282837,-508.14, 133.32, -420.78
1400537282895,-508.68, 133.74, -420.18
1400537282895,-508.86, 134.04, -419.94
1400537282896,-508.98, 134.52, -419.52
1400537282964,-509.22, 134.64, -419.22
1400537282964,-509.52, 135.06, -418.86
1400537282964,-509.88, 135.42, -418.62
1400537283025,-510.06, 135.66, -418.14
1400537283026,-510.18, 135.84, -417.72
1400537283026,-510.06, 135.84, -417.60
1400537283033,-510.12, 136.08, -417.24
1400537283093,-510.48, 136.14, -417.06
1400537283093,-510.72, 136.44, -416.70
1400537283093,-511.08, 136.38, -416.40
1400537283183,-511.26, 136.44, -416.10
1400537283183,-511.50, 136.62, -415.74
1400537283184,-511.92, 136.80, -415.38
1400537283184,-512.46, 137.16, -414.90
1400537283241,-512.82, 137.40, -414.54
1400537283241,-513.12, 137.46, -414.36
1400537283242,-513.48, 137.58, -414.24
1400537283254,-513.72, 137.76, -413.94
1400537283308,-514.14, 138.06, -413.64
1400537283308,-514.74, 138.18, -413.40
1400537283315,-515.10, 138.30, -413.10
1400537283426,-515.58, 138.48, -412.92
1400537283426,-516.18, 138.36, -412.80
1400537283427,-516.72, 138.48, -412.50
1400537283427,-517.20, 138.66, -412.08
1400537283427,-517.68, 138.78, -411.78
1400537283436,-518.22, 138.66, -411.54
1400537283538,-518.70, 138.66, -411.36
1400537283539,-519.30, 138.84, -411.18
1400537283539,-519.72, 138.84, -411.00
1400537283539,-520.32, 139.02, -410.58
1400537283539,-520.80, 139.02, -410.22
1400537283671,-521.34, 139.08, -410.16
1400537283671,-521.76, 139.14, -410.10
1400537283671,-522.06, 139.26, -409.86
1400537283671,-522.30, 139.32, -409.62
1400537283671,-522.60, 139.14, -409.38
1400537283671,-522.96, 139.14, -409.08
1400537283749,-523.08, 139.20, -409.14
1400537283749,-523.20, 139.38, -408.96
1400537283749,-523.32, 139.32, -408.60
1400537283749,-523.68, 139.26, -408.48
1400537283807,-524.04, 139.14, -408.36
1400537283807,-524.40, 139.14, -408.42
1400537283807,-524.58, 139.26, -408.24
1400537283819,-524.76, 139.26, -408.18
1400537283875,-525.00, 139.38, -407.88
1400537283875,-525.60, 139.38, -407.70
1400537283879,-525.78, 139.50, -407.52
1400537283944,-525.96, 139.56, -407.34
1400537283944,-526.14, 139.56, -406.98
1400537283944,-526.20, 139.56, -406.56
1400537284008,-526.44, 139.68, -406.38
1400537284008,-526.74, 139.80, -406.08
1400537284008,-526.80, 139.98, -405.96
1400537284020,-526.38, 140.04, -405.90
1400537284076,-526.56, 140.16, -405.84
1400537284076,-526.56, 140.40, -405.54
1400537284080,-526.62, 140.52, -405.54
1400537284143,-526.56, 140.64, -405.42
1400537284143,-526.74, 140.58, -405.30
1400537284143,-526.62, 140.58, -405.30
1400537284209,-526.74, 140.40, -405.30
1400537284209,-527.04, 140.22, -405.24
1400537284209,-527.04, 140.28, -405.06
1400537284221,-527.22, 140.16, -405.00
1400537284275,-527.52, 140.22, -404.82
1400537284275,-527.82, 140.34, -404.64
1400537284282,-527.70, 140.46, -404.52
1400537284346,-527.70, 140.52, -404.22
1400537284347,-527.94, 140.40, -403.92
1400537284347,-527.94, 140.70, -403.86
1400537284409,-528.06, 140.64, -403.68
1400537284409,-528.00, 140.58, -403.62
1400537284410,-527.82, 140.88, -403.38
1400537284423,-527.88, 140.94, -403.20
1400537284476,-527.94, 141.00, -402.96
1400537284476,-528.00, 141.12, -403.14
1400537284483,-528.06, 141.54, -403.14
1400537284546,-527.94, 141.84, -402.90
1400537284546,-527.94, 142.14, -402.72
1400537284546,-528.00, 142.80, -402.54
1400537284609,-527.82, 143.22, -402.54
1400537284610,-528.12, 143.70, -402.54
1400537284610,-528.42, 144.12, -402.66
1400537284725,-528.72, 144.54, -402.48
1400537284725,-528.72, 144.96, -402.12
1400537284725,-528.96, 145.32, -402.00
1400537284726,-529.26, 145.56, -402.12
1400537284726,-529.32, 145.80, -402.18
1400537284726,-529.62, 146.10, -402.24
1400537284793,-529.44, 146.16, -402.12
1400537284793,-529.32, 146.58, -401.94
1400537284793,-529.20, 146.94, -401.88
1400537284805,-529.20, 147.24, -401.88
1400537284864,-529.14, 147.66, -401.70
1400537284864,-528.96, 148.38, -401.46
1400537284866,-529.14, 148.74, -401.22
1400537284928,-529.20, 149.04, -400.98
1400537284929,-529.26, 149.58, -400.92
1400537284929,-529.50, 149.94, -400.62
1400537285028,-529.68, 150.36, -400.62
1400537285028,-529.68, 150.90, -400.50
1400537285028,-530.04, 151.32, -400.32
1400537285028,-530.28, 151.44, -400.44
1400537285028,-530.22, 152.16, -400.14
1400537285093,-530.34, 152.82, -400.08
1400537285094,-530.40, 153.24, -399.84
1400537285094,-530.40, 153.96, -399.72
1400537285214,-530.40, 154.68, -399.18
1400537285214,-530.52, 155.10, -398.82
1400537285215,-530.52, 155.64, -398.64
1400537285215,-530.52, 156.30, -398.22
1400537285215,-530.76, 156.54, -397.92
1400537285215,-530.88, 157.14, -397.56
1400537285313,-530.94, 157.68, -397.38
1400537285313,-530.82, 158.10, -397.20
1400537285314,-531.00, 158.58, -397.08
1400537285314,-531.06, 159.24, -397.02
1400537285314,-531.06, 159.78, -396.66
1400537285425,-531.00, 160.26, -396.36
1400537285425,-530.88, 160.74, -395.94
1400537285425,-530.82, 161.10, -395.70
1400537285425,-530.94, 161.64, -395.58
1400537285425,-531.12, 162.12, -395.28
1400537285430,-531.12, 162.48, -395.28
1400537285492,-531.12, 162.48, -394.86
1400537285492,-531.12, 162.90, -394.62
1400537285492,-531.30, 163.20, -394.26
1400537285561,-531.54, 163.56, -394.20
1400537285561,-531.72, 163.80, -393.96
1400537285561,-531.90, 164.10, -393.48
1400537285571,-531.96, 164.58, -393.24
1400537285627,-532.26, 164.82, -392.64
1400537285627,-532.38, 165.18, -392.52
1400537285631,-532.56, 165.54, -392.16
1400537285693,-532.50, 165.90, -391.92
1400537285694,-532.44, 166.14, -391.68
1400537285694,-532.38, 166.32, -391.20
1400537285761,-532.32, 166.44, -390.84
1400537285761,-532.32, 166.62, -390.66
1400537285762,-532.26, 166.74, -390.36
1400537285773,-532.32, 166.98, -389.82
1400537285827,-532.44, 167.10, -389.52
1400537285828,-532.56, 167.40, -389.34
1400537285833,-532.92, 167.58, -389.28
1400537285894,-533.04, 167.82, -389.16
1400537285895,-533.16, 167.94, -389.22
1400537285895,-533.52, 167.82, -388.92
1400537286031,-533.52, 168.06, -388.92
1400537286031,-533.76, 168.24, -388.92
1400537286031,-533.70, 168.30, -388.80
1400537286031,-533.94, 168.24, -388.68
1400537286031,-533.94, 168.30, -388.62
1400537286031,-534.06, 168.18, -388.62
1400537286034,-534.18, 168.12, -388.50
1400537286094,-534.18, 168.12, -388.50
1400537286094,-534.18, 168.00, -388.38
1400537286095,-534.24, 168.00, -388.32
1400537286162,-534.36, 167.64, -388.50
1400537286162,-534.48, 167.52, -388.50
1400537286162,-534.54, 167.40, -388.20
1400537286230,-534.48, 167.40, -388.14
1400537286230,-534.36, 167.58, -387.96
1400537286230,-534.30, 167.52, -388.02
1400537286236,-534.36, 167.46, -388.14
1400537286295,-534.48, 167.22, -388.26
1400537286295,-534.42, 167.16, -388.38
1400537286296,-534.54, 167.04, -388.44
1400537286362,-534.48, 166.92, -388.68
1400537286363,-534.42, 166.80, -388.80
1400537286363,-534.66, 166.38, -389.10
1400537286476,-534.48, 166.14, -389.28
1400537286476,-534.54, 166.14, -389.58
1400537286476,-534.24, 166.02, -389.64
1400537286477,-534.12, 165.84, -389.70
1400537286477,-533.76, 165.60, -390.06
1400537286478,-533.70, 165.36, -390.42
1400537286552,-533.76, 165.24, -390.60
1400537286552,-533.34, 165.00, -390.96
1400537286552,-533.46, 164.76, -391.20
1400537286558,-533.28, 164.28, -391.32
1400537286609,-533.40, 163.80, -391.74
1400537286610,-533.46, 163.56, -392.10
1400537286619,-533.40, 162.90, -392.34
1400537286678,-533.28, 162.42, -392.70
1400537286678,-533.16, 161.94, -393.12
1400537286679,-533.22, 161.52, -393.36
1400537286746,-533.10, 161.04, -393.72
1400537286747,-532.98, 160.62, -394.14
1400537286747,-532.92, 160.32, -394.50
1400537286882,-533.04, 159.84, -394.74
1400537286882,-532.92, 159.72, -394.98
1400537286883,-532.92, 159.06, -395.28
1400537286883,-532.86, 158.64, -395.34
1400537286884,-532.80, 158.10, -395.46
1400537286884,-532.68, 157.80, -395.64
1400537286884,-532.74, 157.32, -395.76
1400537286947,-532.68, 156.78, -396.00
1400537286947,-532.14, 156.30, -396.18
1400537286947,-532.08, 155.94, -396.36
1400537287013,-532.08, 155.70, -396.42
1400537287013,-532.08, 155.34, -396.72
1400537287013,-532.02, 154.98, -397.14
1400537287021,-532.02, 154.32, -397.38
1400537287079,-531.90, 153.78, -397.50
1400537287079,-531.78, 153.36, -397.56
1400537287082,-531.96, 153.06, -397.80
1400537287150,-531.84, 152.52, -398.04
1400537287150,-531.72, 151.80, -398.16
1400537287150,-531.54, 151.26, -398.28
1400537287212,-531.30, 150.78, -398.34
1400537287212,-531.30, 150.24, -398.28
1400537287212,-531.06, 149.70, -398.58
1400537287223,-530.94, 149.10, -398.64
1400537287280,-530.88, 148.26, -398.70
1400537287281,-530.88, 147.54, -398.88
1400537287283,-530.88, 147.24, -399.00
1400537287348,-531.00, 146.52, -399.06
1400537287348,-531.12, 145.86, -399.00
1400537287348,-531.12, 145.32, -399.00
1400537287472,-531.30, 144.78, -398.88
1400537287472,-531.42, 144.30, -399.00
1400537287472,-531.36, 143.94, -398.76
1400537287472,-531.36, 143.40, -398.52
1400537287473,-531.24, 142.80, -398.34
1400537287473,-531.06, 142.32, -398.04
1400537287528,-531.00, 141.90, -398.16
1400537287528,-530.94, 141.42, -398.28
1400537287528,-530.70, 140.76, -398.10
1400537287597,-530.70, 140.16, -397.98
1400537287597,-530.52, 139.44, -397.80
1400537287598,-530.64, 139.14, -397.74
1400537287606,-530.52, 138.78, -397.80
1400537287663,-530.52, 138.12, -397.74
1400537287663,-530.40, 137.70, -397.44
1400537287666,-530.34, 137.28, -397.08
1400537287781,-530.40, 136.86, -396.78
1400537287781,-530.16, 136.62, -396.66
1400537287781,-530.16, 136.56, -396.42
1400537287782,-529.92, 136.14, -396.24
1400537287782,-529.98, 135.84, -395.88
1400537287787,-529.98, 135.84, -395.58
1400537287846,-530.10, 135.60, -395.40
1400537287846,-530.22, 135.36, -395.34
1400537287847,-530.16, 135.42, -395.22
1400537287914,-530.34, 135.30, -395.04
1400537287914,-530.28, 135.12, -395.04
1400537287914,-530.22, 134.94, -394.92
1400537287984,-530.28, 134.88, -394.98
1400537287984,-530.28, 134.94, -394.80
1400537287984,-530.22, 134.76, -394.80
1400537287988,-530.10, 134.82, -394.74
1400537288047,-530.10, 134.70, -394.74
1400537288047,-530.10, 134.58, -394.62
1400537288049,-530.28, 134.58, -394.38
1400537288114,-530.58, 134.76, -394.20
1400537288114,-530.58, 134.64, -394.20
1400537288114,-530.58, 134.46, -394.44
1400537288181,-530.58, 134.70, -394.44
1400537288181,-530.76, 134.94, -394.20
1400537288181,-530.88, 134.82, -394.26
1400537288190,-530.94, 135.06, -394.38
1400537288247,-530.94, 135.36, -394.74
1400537288247,-531.00, 135.60, -395.16
1400537288250,-531.00, 135.96, -395.22
1400537288314,-531.06, 136.62, -395.46
1400537288314,-531.12, 137.22, -395.46
1400537288314,-531.18, 137.52, -395.64
1400537288381,-531.42, 138.30, -395.94
1400537288381,-531.54, 138.72, -396.12
1400537288382,-531.90, 139.08, -396.12
1400537288391,-532.02, 139.50, -396.06
1400537288484,-532.38, 139.92, -396.24
1400537288484,-532.56, 140.16, -396.12
1400537288484,-532.98, 140.64, -396.24
1400537288484,-533.34, 141.18, -396.30
1400537288492,-533.46, 141.84, -396.30
1400537288548,-533.70, 142.68, -396.30
1400537288548,-533.52, 143.28, -396.30
1400537288552,-533.64, 144.00, -396.30
1400537288613,-533.76, 144.72, -396.24
1400537288614,-534.00, 145.26, -396.36
1400537288614,-534.12, 145.74, -396.24
1400537288728,-534.12, 146.28, -396.30
1400537288728,-534.18, 146.70, -395.94
1400537288729,-534.24, 147.12, -395.82
1400537288729,-534.48, 147.84, -395.76
1400537288729,-534.78, 148.50, -395.58
1400537288734,-534.78, 149.28, -395.28
1400537288797,-534.84, 149.94, -395.10
1400537288798,-534.72, 150.36, -395.04
1400537288798,-535.02, 150.84, -394.80
1400537288864,-535.14, 151.38, -394.80
1400537288864,-535.20, 152.16, -394.68
1400537288864,-535.26, 152.70, -394.62
1400537288874,-535.26, 153.00, -394.38
1400537288932,-535.44, 153.36, -394.56
1400537288932,-535.56, 153.96, -394.38
1400537288935,-535.56, 154.62, -394.08
1400537289001,-535.38, 155.34, -393.96
1400537289001,-535.50, 156.06, -393.72
1400537289001,-535.80, 156.54, -393.60
1400537289064,-535.86, 156.84, -393.24
1400537289064,-535.92, 157.32, -393.00
1400537289064,-535.86, 157.80, -392.58
1400537289076,-535.86, 157.92, -392.40
1400537289132,-536.04, 158.40, -392.22
1400537289132,-536.16, 158.76, -392.04
1400537289136,-536.16, 159.12, -391.56
1400537289202,-536.04, 159.42, -391.32
1400537289202,-536.10, 159.96, -390.96
1400537289202,-536.16, 160.56, -390.84
1400537289265,-536.22, 161.04, -390.66
1400537289266,-536.46, 161.76, -390.42
1400537289266,-536.40, 162.12, -390.12
1400537289277,-536.46, 162.42, -389.94
1400537289332,-536.52, 162.90, -389.88
1400537289332,-536.40, 163.26, -389.46
1400537289338,-536.52, 163.50, -389.40
1400537289400,-536.64, 163.86, -389.10
1400537289400,-536.52, 164.16, -388.74
1400537289400,-536.46, 164.46, -388.50
1400537289467,-536.52, 164.76, -388.50
1400537289467,-536.46, 165.00, -388.14
1400537289467,-536.46, 165.00, -388.02
1400537289533,-536.52, 165.12, -387.84
1400537289534,-536.58, 165.54, -387.48
1400537289534,-536.28, 165.54, -387.30
1400537289539,-536.52, 165.78, -387.30
1400537289600,-536.40, 165.96, -387.00
1400537289601,-536.40, 166.32, -386.64
1400537289601,-536.28, 166.56, -386.58
1400537289665,-536.22, 166.74, -386.40
1400537289665,-536.28, 167.10, -386.40
1400537289665,-536.28, 167.10, -386.10
1400537289782,-536.46, 167.34, -386.04
1400537289782,-536.64, 167.46, -385.68
1400537289782,-536.70, 167.52, -385.56
1400537289782,-536.76, 167.46, -385.38
1400537289782,-537.12, 167.46, -385.32
1400537289782,-537.18, 167.46, -385.08
1400537289859,-537.12, 167.52, -385.02
1400537289860,-537.18, 167.34, -385.20
1400537289860,-537.06, 167.40, -385.26
1400537289862,-536.82, 167.10, -385.26
1400537289916,-536.82, 166.98, -385.50
1400537289916,-536.70, 166.98, -385.80
1400537289922,-536.40, 166.92, -386.10
1400537289984,-536.34, 166.80, -386.70
1400537289984,-536.34, 166.38, -387.00
1400537289985,-536.34, 166.20, -387.12
1400537290086,-536.58, 165.66, -387.42
1400537290086,-536.58, 165.36, -388.02
1400537290087,-536.46, 164.88, -388.32
1400537290087,-536.52, 164.34, -388.62
1400537290087,-536.58, 163.98, -388.62
1400537290150,-536.64, 163.50, -388.68
1400537290150,-536.58, 163.14, -388.80
1400537290150,-536.64, 162.78, -389.22
1400537290216,-536.58, 162.36, -389.58
1400537290216,-536.70, 161.88, -389.82
1400537290216,-536.88, 161.46, -390.06
1400537290224,-537.00, 161.10, -390.24
1400537290281,-537.12, 160.44, -390.78
1400537290281,-537.18, 160.02, -391.14
1400537290285,-537.24, 159.30, -391.56
1400537290354,-537.18, 158.70, -391.92
1400537290354,-537.18, 158.16, -392.10
1400537290355,-537.24, 157.74, -392.28
1400537290415,-537.12, 157.14, -392.70
1400537290415,-537.18, 156.42, -392.88
1400537290415,-537.18, 155.94, -393.00
1400537290426,-537.18, 155.34, -393.30
1400537290483,-537.24, 154.74, -393.30
1400537290484,-537.30, 154.26, -393.72
1400537290486,-537.30, 153.84, -393.96
1400537290551,-537.42, 153.24, -394.14
1400537290551,-537.60, 152.70, -394.20
1400537290552,-537.60, 152.16, -394.56
1400537290672,-537.60, 151.62, -394.86
1400537290672,-537.66, 150.78, -395.10
1400537290673,-537.72, 150.24, -395.34
1400537290673,-537.78, 149.46, -395.34
1400537290673,-537.84, 148.50, -395.46
1400537290673,-537.54, 147.96, -395.64
1400537290732,-537.42, 147.12, -395.70
1400537290732,-537.18, 146.22, -395.76
1400537290732,-537.12, 145.38, -395.70
1400537290800,-536.94, 144.96, -395.52
1400537290800,-536.88, 144.30, -395.52
1400537290800,-536.76, 143.52, -395.46
1400537290808,-536.58, 143.04, -395.22
1400537290866,-536.46, 142.08, -394.92
1400537290866,-536.34, 141.30, -394.74
1400537290869,-536.34, 140.82, -394.56
1400537290933,-536.04, 140.16, -394.50
1400537290933,-535.92, 139.50, -394.38
1400537290937,-535.86, 139.08, -394.20
1400537291009,-535.50, 138.66, -394.02
1400537291009,-535.26, 138.06, -393.72
1400537291010,-535.14, 137.76, -393.60
1400537291010,-534.84, 137.34, -393.42
1400537291129,-534.78, 136.86, -393.12
1400537291129,-534.78, 136.44, -392.70
1400537291129,-534.54, 135.90, -392.34
1400537291130,-534.30, 135.48, -391.92
1400537291130,-534.24, 135.18, -391.74
1400537291131,-534.30, 134.76, -391.56
1400537291234,-534.24, 134.28, -391.32
1400537291234,-534.06, 134.10, -391.14
1400537291234,-533.82, 133.68, -391.14
1400537291234,-533.52, 133.26, -391.08
1400537291234,-533.40, 132.96, -391.14
1400537291300,-533.16, 132.48, -391.20
1400537291300,-533.04, 132.12, -391.08
1400537291301,-532.68, 132.00, -391.20
1400537291312,-532.44, 131.88, -391.20
1400537291412,-532.14, 131.70, -391.02
1400537291412,-531.96, 131.70, -390.90
1400537291413,-531.90, 131.76, -390.90
1400537291413,-531.90, 131.76, -390.54
1400537291415,-531.78, 131.70, -390.42
1400537291529,-531.72, 131.64, -390.36
1400537291529,-531.60, 131.46, -390.12
1400537291529,-531.54, 131.58, -390.00
1400537291529,-531.84, 131.58, -389.94
1400537291530,-531.66, 131.46, -389.88
1400537291533,-531.78, 131.40, -389.82
1400537291631,-531.90, 131.70, -390.00
1400537291631,-531.96, 131.76, -389.94
1400537291632,-532.14, 131.94, -389.94
1400537291632,-532.32, 132.30, -390.00
1400537291634,-532.68, 132.42, -390.12
1400537291700,-532.86, 132.78, -390.36
1400537291701,-533.10, 133.02, -390.36
1400537291701,-533.28, 133.38, -390.60
1400537291818,-533.46, 133.44, -390.66
1400537291818,-533.70, 133.74, -390.72
1400537291818,-533.76, 134.04, -391.08
1400537291818,-533.76, 134.28, -391.38
1400537291818,-534.00, 134.58, -391.38
1400537291819,-534.18, 134.94, -391.56
1400537291883,-534.60, 135.36, -391.68
1400537291884,-534.96, 135.90, -391.68
1400537291884,-535.26, 136.20, -391.86
1400537291896,-535.50, 136.92, -392.04
1400537291959,-536.04, 137.40, -392.28
1400537291960,-536.52, 138.12, -392.28
1400537291960,-536.70, 138.84, -392.46
1400537292018,-536.82, 139.50, -392.70
1400537292018,-537.24, 140.28, -392.94
1400537292018,-537.30, 141.06, -393.18
1400537292084,-537.54, 142.14, -393.30
1400537292084,-537.78, 142.92, -393.24
1400537292084,-537.90, 144.00, -393.18
1400537292152,-538.08, 145.08, -393.36
1400537292152,-538.32, 145.86, -393.24
1400537292152,-538.56, 146.82, -393.18
1400537292158,-538.68, 147.54, -393.18
1400537292218,-538.92, 148.44, -393.24
1400537292218,-538.92, 149.04, -393.30
1400537292219,-538.92, 149.88, -393.36
1400537292337,-538.86, 150.48, -393.42
1400537292337,-538.80, 150.96, -393.18
1400537292337,-538.62, 151.98, -393.30
1400537292337,-538.68, 152.76, -393.12
1400537292337,-538.26, 153.42, -392.82
1400537292339,-538.02, 154.14, -392.64
1400537292400,-538.14, 154.98, -392.46
1400537292400,-538.14, 155.58, -392.22
1400537292400,-537.90, 156.48, -391.92
1400537292529,-537.90, 157.26, -391.74
1400537292530,-537.96, 157.80, -391.44
1400537292530,-537.78, 158.46, -391.38
1400537292530,-537.84, 159.54, -391.26
1400537292530,-537.78, 160.08, -390.90
1400537292530,-537.54, 160.86, -390.48
1400537292617,-537.18, 161.52, -390.18
1400537292617,-537.36, 162.12, -389.58
1400537292617,-537.36, 162.72, -389.28
1400537292617,-537.12, 163.50, -388.86
1400537292621,-537.18, 164.04, -388.20
1400537292682,-537.06, 164.46, -387.60
1400537292683,-536.94, 164.94, -387.18
1400537292683,-536.94, 165.78, -386.82
1400537292751,-537.00, 166.32, -386.28
1400537292751,-536.82, 166.80, -385.98
1400537292751,-536.82, 167.40, -385.62
1400537292762,-536.94, 167.64, -385.14
1400537292818,-536.82, 168.24, -384.72
1400537292819,-537.00, 168.66, -384.48
1400537292823,-537.00, 169.20, -384.06
1400537292884,-536.94, 169.38, -383.64
1400537292884,-536.88, 169.80, -383.40
1400537292884,-537.00, 170.10, -383.10
1400537292952,-537.00, 170.46, -382.68
1400537292952,-537.06, 170.88, -382.38
1400537292952,-537.12, 171.06, -382.26
1400537292964,-537.24, 171.24, -381.84
1400537293019,-537.42, 171.30, -381.48
1400537293019,-537.42, 171.36, -381.24
1400537293024,-537.54, 171.36, -380.94
1400537293086,-537.60, 171.24, -380.76
1400537293086,-537.66, 170.88, -380.64
1400537293086,-537.72, 170.82, -380.46
1400537293152,-537.66, 170.76, -380.28
1400537293152,-537.48, 170.70, -380.52
1400537293152,-537.66, 170.70, -380.70
1400537293165,-538.02, 170.64, -380.70
1400537293218,-538.02, 170.58, -380.82
1400537293218,-538.08, 170.70, -381.00
1400537293226,-538.02, 170.82, -381.24
1400537293286,-537.90, 170.76, -381.66
1400537293286,-537.90, 170.52, -382.20
1400537293286,-537.96, 170.34, -382.20
1400537293352,-537.90, 170.10, -382.50
1400537293352,-537.72, 169.74, -382.92
1400537293352,-537.90, 169.38, -383.28
1400537293419,-537.84, 169.08, -383.70
1400537293419,-537.84, 168.66, -383.94
1400537293419,-537.96, 168.18, -384.36
1400537293427,-538.02, 168.06, -384.60
1400537293485,-537.96, 167.82, -385.08
1400537293485,-537.90, 167.46, -385.26
1400537293487,-537.72, 167.16, -385.62
1400537293552,-537.48, 166.92, -386.16
1400537293552,-537.42, 166.38, -386.46
1400537293552,-537.30, 165.84, -386.94
1400537293619,-537.12, 165.30, -387.30
1400537293620,-537.00, 164.64, -387.84
1400537293620,-537.00, 163.98, -388.38
1400537293628,-536.82, 163.38, -388.92
1400537293685,-536.94, 162.72, -389.34
1400537293686,-536.88, 162.06, -389.82
1400537293689,-537.00, 161.40, -390.36
1400537293753,-537.06, 160.92, -390.54
1400537293754,-536.94, 160.26, -391.08
1400537293754,-537.00, 159.60, -391.38
1400537293873,-537.00, 158.94, -391.68
1400537293874,-537.06, 158.22, -392.10
1400537293874,-536.94, 157.74, -392.52
1400537293874,-536.94, 157.08, -392.76
1400537293874,-537.00, 156.54, -392.88
1400537293874,-537.12, 156.12, -393.24
1400537293936,-537.12, 155.58, -393.24
1400537293936,-537.12, 155.10, -393.48
1400537293936,-537.12, 154.56, -393.72
1400537294002,-537.36, 153.96, -393.84
1400537294002,-537.30, 153.36, -394.02
1400537294002,-537.42, 152.82, -394.14
1400537294011,-537.30, 152.22, -394.38
1400537294069,-537.30, 151.38, -394.62
1400537294069,-537.30, 150.66, -394.80
1400537294072,-537.12, 149.88, -394.98
1400537294136,-537.06, 149.40, -394.98
1400537294136,-536.94, 148.62, -395.04
1400537294136,-537.00, 147.84, -394.98
1400537294202,-536.76, 147.24, -395.16
1400537294202,-536.76, 146.34, -395.16
1400537294202,-536.58, 145.50, -395.28
1400537294213,-536.64, 144.84, -395.34
1400537294269,-536.52, 144.24, -395.46
1400537294269,-536.46, 143.40, -395.46
1400537294273,-536.40, 142.80, -395.40
1400537294339,-536.16, 142.20, -395.28
1400537294339,-535.98, 141.42, -395.04
1400537294340,-535.56, 141.00, -394.74
1400537294405,-535.32, 140.46, -394.32
1400537294405,-534.96, 139.80, -393.96
1400537294405,-534.96, 139.32, -393.54
1400537294414,-534.84, 138.96, -393.24
1400537294470,-534.54, 138.36, -392.70
1400537294470,-534.42, 137.76, -392.40
1400537294474,-534.36, 137.22, -392.28
1400537294539,-534.36, 136.44, -391.80
1400537294540,-534.42, 136.08, -391.44
1400537294540,-534.36, 135.54, -391.02
1400537294604,-534.12, 135.18, -390.54
1400537294604,-533.82, 134.46, -390.18
1400537294605,-533.82, 133.92, -390.00
1400537294615,-533.64, 133.38, -389.64
1400537294670,-533.40, 133.08, -389.40
1400537294670,-533.34, 132.96, -389.22
1400537294676,-533.22, 132.36, -388.92
1400537294742,-533.10, 132.30, -388.86
1400537294742,-533.10, 131.94, -388.86
1400537294743,-533.22, 131.88, -388.80
1400537294845,-533.04, 131.76, -388.92
1400537294845,-533.10, 131.88, -389.10
1400537294845,-533.16, 131.58, -388.86
1400537294845,-533.16, 131.58, -388.92
1400537294845,-533.16, 131.76, -388.92
1400537294904,-532.98, 131.70, -388.80
1400537294904,-533.04, 131.64, -388.74
1400537294904,-532.98, 131.58, -388.86
1400537294970,-532.86, 131.40, -388.56
1400537294970,-533.04, 131.28, -388.50
1400537294971,-533.16, 131.64, -388.62
1400537294978,-533.04, 131.52, -388.86
1400537295036,-533.04, 131.64, -389.40
1400537295036,-533.28, 131.58, -389.46
1400537295038,-533.40, 131.76, -389.58
1400537295103,-533.40, 132.06, -389.82
1400537295103,-533.58, 132.42, -390.12
1400537295103,-533.70, 132.90, -390.24
1400537295225,-533.70, 132.96, -390.42
1400537295225,-533.70, 133.26, -390.36
1400537295225,-534.00, 133.56, -390.42
1400537295225,-534.00, 134.28, -390.66
1400537295225,-534.36, 134.76, -390.78
1400537295225,-534.66, 135.18, -390.78
1400537295285,-535.14, 135.96, -391.02
1400537295285,-535.44, 136.50, -391.20
1400537295285,-535.86, 137.40, -391.44
1400537295300,-536.46, 138.30, -391.68
1400537295354,-536.76, 139.08, -391.80
1400537295354,-537.18, 139.56, -392.10
1400537295361,-537.24, 140.40, -392.46
1400537295422,-537.36, 141.18, -392.58
1400537295422,-537.54, 141.90, -392.70
1400537295423,-537.72, 142.68, -392.76
1400537295530,-537.66, 143.34, -392.82
1400537295530,-537.66, 144.12, -392.88
1400537295531,-538.02, 145.02, -392.88
1400537295531,-538.20, 145.74, -393.00
1400537295531,-538.38, 146.52, -392.94
1400537295588,-538.68, 147.24, -392.82
1400537295588,-538.86, 147.90, -392.76
1400537295588,-538.98, 148.50, -392.76
1400537295654,-539.28, 149.10, -392.52
1400537295655,-539.64, 149.70, -392.46
1400537295655,-539.46, 150.42, -392.28
1400537295663,-539.34, 151.08, -392.10
1400537295721,-539.40, 151.44, -391.74
1400537295721,-539.46, 152.16, -391.68
1400537295723,-539.46, 152.64, -391.50
1400537295788,-539.40, 153.06, -391.32
1400537295789,-539.40, 153.48, -391.14
1400537295789,-539.40, 153.84, -390.90
1400537295855,-539.34, 154.20, -390.90
1400537295855,-539.40, 154.56, -390.90
1400537295855,-539.28, 155.04, -391.08
1400537295864,-539.22, 155.16, -390.96
1400537295921,-539.04, 155.58, -391.02
1400537295921,-538.98, 156.00, -391.08
1400537295925,-538.86, 156.36, -391.32
1400537295992,-538.50, 156.66, -391.44
1400537295992,-538.38, 156.66, -391.38
1400537295992,-538.20, 156.84, -391.38
1400537296055,-537.90, 156.96, -391.32
1400537296056,-537.60, 157.14, -391.50
1400537296056,-537.42, 157.08, -391.62
1400537296066,-537.42, 157.08, -391.92
1400537296122,-537.30, 156.96, -391.92
1400537296123,-537.12, 156.78, -392.10
1400537296126,-537.00, 156.90, -392.28
1400537296189,-537.06, 156.66, -392.34
1400537296189,-536.94, 156.54, -392.52
1400537296189,-537.00, 156.48, -392.46
1400537296255,-537.00, 156.42, -392.58
1400537296255,-536.82, 156.12, -392.40
1400537296256,-536.88, 156.18, -392.52
1400537296267,-536.94, 156.06, -392.52
1400537296322,-536.94, 155.52, -392.64
1400537296322,-536.94, 155.40, -392.46
1400537296328,-537.24, 155.16, -392.34
1400537296390,-537.48, 154.86, -392.28
1400537296390,-537.72, 154.44, -391.98
1400537296390,-537.96, 154.08, -391.80
1400537296482,-538.20, 153.90, -391.44
1400537296482,-538.68, 153.66, -391.32
1400537296482,-539.16, 153.60, -390.84
1400537296482,-539.64, 153.48, -390.66
1400537296538,-539.76, 153.42, -390.42
1400537296538,-539.88, 153.30, -390.12
1400537296538,-540.06, 153.36, -389.76
1400537296549,-540.24, 153.48, -389.40
1400537296605,-540.36, 153.48, -389.04
1400537296605,-540.30, 153.54, -388.62
1400537296610,-540.66, 153.78, -388.38
1400537296672,-540.66, 153.84, -388.08
1400537296672,-541.08, 153.72, -387.78
1400537296673,-541.32, 154.08, -387.54
1400537296782,-541.32, 154.02, -387.36
1400537296782,-541.56, 154.02, -387.24
1400537296782,-541.80, 153.90, -387.24
1400537296783,-541.92, 153.96, -387.18
1400537296783,-541.80, 153.84, -386.88
1400537296839,-26.58, 2.94, -13.08
1400537296839,-26.70, 3.00, -13.14
1400537296839,-26.58, 2.70, -13.14
1400537296851,-26.94, 2.64, -13.08
1400537296906,-26.88, 2.82, -13.14
1400537296906,-26.58, 2.82, -13.14
1400537296912,-26.58, 2.58, -13.08
1400537296973,-26.70, 2.46, -13.20
1400537296973,-26.70, 2.40, -13.26
1400537296973,-26.58, 2.34, -13.20
1400537297040,-26.82, 2.34, -13.08
1400537297040,-26.58, 2.22, -13.20
1400537297040,-26.46, 2.04, -13.14
1400537297053,-26.64, 1.98, -13.14
1400537297132,-26.58, 2.10, -13.20
1400537297132,-26.28, 2.16, -13.20
1400537297133,-26.28, 1.98, -13.20
1400537297133,-26.16, 1.98, -13.20
1400537297188,-25.92, 1.92, -13.32
1400537297188,-25.92, 2.22, -13.62
1400537297194,-26.58, 1.98, -14.22
1400537297255,-26.40, 2.16, -14.46
1400537297256,-26.16, 1.98, -14.70
1400537297256,-26.16, 1.86, -15.00
1400537297377,-25.92, 1.86, -15.24
1400537297378,-25.68, 1.74, -15.60
1400537297378,-25.68, 1.62, -16.02
1400537297378,-25.56, 1.32, -16.32
1400537297379,-25.38, 1.20, -16.68
1400537297379,-25.20, 0.78, -17.16
1400537297476,-24.84, 0.72, -17.64
1400537297476,-24.42, 0.36, -18.12
1400537297477,-23.94, -0.06, -18.72
1400537297477,-23.46, -0.42, -19.38
1400537297477,-22.98, -0.66, -19.62
1400537297539,-23.04, -0.90, -19.92
1400537297539,-22.62, -1.02, -20.16
1400537297540,-22.14, -1.20, -20.52
1400537297667,-21.96, -1.50, -20.88
1400537297667,-21.54, -1.74, -21.06
1400537297667,-21.36, -1.86, -21.48
1400537297667,-21.36, -2.04, -21.72
1400537297667,-21.00, -2.10, -22.20
1400537297668,-20.64, -2.28, -22.62
1400537297723,-20.46, -2.52, -22.98
1400537297723,-20.22, -2.58, -23.34
1400537297723,-20.04, -2.70, -23.58
1400537297790,-19.74, -2.76, -23.94
1400537297790,-19.26, -2.94, -24.06
1400537297790,-18.90, -3.06, -24.24
1400537297798,-18.66, -3.30, -24.42
1400537297856,-18.24, -3.30, -24.66
1400537297856,-17.88, -3.12, -25.08
1400537297859,-17.40, -3.42, -25.14
1400537297924,-17.10, -3.54, -25.20
1400537297924,-16.98, -3.60, -25.50
1400537297924,-16.98, -3.60, -25.80
1400537297991,-16.62, -3.42, -25.92
1400537297991,-16.44, -3.42, -25.86
1400537297992,-16.62, -3.66, -25.98
1400537297999,-16.68, -3.96, -25.80
1400537298057,-16.92, -3.90, -25.74
1400537298057,-17.22, -3.78, -25.74
1400537298060,-17.34, -3.60, -25.62
1400537298123,-17.46, -3.78, -25.26
1400537298123,-17.82, -3.84, -25.08
1400537298123,-18.30, -3.90, -24.78
1400537298190,-18.42, -3.78, -24.36
1400537298190,-18.78, -3.54, -24.12
1400537298190,-19.20, -3.30, -23.94
1400537298201,-19.50, -3.24, -23.70
1400537298257,-19.92, -3.12, -23.28
1400537298257,-20.28, -2.76, -22.86
1400537298261,-20.76, -2.64, -22.50
1400537298324,-21.00, -2.34, -22.26
1400537298324,-21.48, -2.16, -21.90
1400537298324,-21.90, -2.10, -21.24
1400537298391,-22.20, -2.10, -20.64
1400537298391,-22.74, -1.98, -20.28
1400537298391,-23.34, -1.92, -20.04
1400537298402,-23.64, -2.04, -19.68
1400537298457,-24.18, -1.86, -19.26
1400537298457,-24.48, -1.92, -18.96
1400537298463,-24.96, -1.86, -18.54
1400537298524,-25.20, -1.80, -18.06
1400537298525,-25.44, -1.68, -17.76
1400537298525,-25.56, -1.62, -17.16
1400537298631,-25.68, -1.62, -16.56
1400537298631,-25.92, -1.56, -16.32
1400537298631,-26.16, -1.50, -16.02
1400537298631,-26.40, -1.50, -15.72
1400537298631,-26.52, -1.62, -15.54
1400537298689,-26.64, -1.56, -15.48
1400537298689,-27.00, -1.56, -15.24
1400537298690,-27.18, -1.68, -15.12
1400537298758,-27.06, -1.80, -14.94
1400537298758,-27.24, -1.86, -15.00
1400537298759,-27.12, -1.74, -14.88
1400537298765,-27.30, -1.62, -14.88
1400537298824,-27.24, -1.80, -15.06
1400537298824,-27.30, -1.50, -15.12
1400537298826,-27.18, -1.50, -15.12
1400537298891,-27.12, -1.26, -15.24
1400537298891,-27.12, -1.08, -15.30
1400537298891,-27.06, -1.02, -15.24
1400537298959,-27.00, -1.26, -15.42
1400537298959,-26.76, -1.56, -15.66
1400537298960,-26.70, -1.44, -15.54
1400537298967,-26.64, -1.80, -15.78
1400537299027,-26.64, -2.04, -16.08
1400537299030,-26.34, -2.16, -16.38
1400537299030,-26.34, -2.28, -16.74
1400537299134,-26.16, -2.46, -17.04
1400537299134,-26.04, -2.52, -17.34
1400537299134,-25.98, -2.46, -17.46
1400537299134,-25.92, -2.70, -17.76
1400537299134,-25.62, -2.82, -17.88
1400537299193,-25.20, -2.94, -18.12
1400537299194,-25.20, -2.94, -18.54
1400537299194,-24.96, -3.18, -18.96
1400537299256,-24.96, -3.18, -19.26
1400537299256,-24.78, -3.24, -19.14
1400537299256,-24.54, -3.30, -19.38
1400537299268,-24.36, -3.36, -19.62
1400537299332,-24.18, -3.36, -19.86
1400537299333,-24.24, -3.48, -20.04
1400537299333,-24.12, -3.66, -20.10
1400537299392,-24.12, -3.60, -20.10
1400537299392,-24.00, -3.84, -20.22
1400537299392,-24.12, -4.14, -20.52
1400537299519,-24.12, -4.08, -20.82
1400537299519,-24.24, -4.14, -20.94
1400537299519,-24.24, -4.32, -21.06
1400537299520,-24.24, -4.44, -21.24
1400537299520,-24.54, -4.62, -21.36
1400537299520,-24.54, -4.74, -21.42
1400537299610,-24.78, -4.62, -21.48
1400537299610,-24.84, -4.20, -21.54
1400537299610,-25.02, -4.26, -21.48
1400537299610,-25.20, -4.20, -21.66
1400537299611,-25.44, -4.20, -21.90
1400537299673,-25.68, -4.20, -22.14
1400537299673,-25.68, -4.02, -22.20
1400537299673,-25.92, -4.02, -22.38
1400537299742,-26.04, -3.78, -22.50
1400537299743,-26.16, -3.90, -22.86
1400537299743,-26.46, -3.84, -23.22
1400537299752,-26.52, -3.84, -23.40
1400537299808,-26.76, -3.66, -23.46
1400537299808,-27.06, -3.66, -23.70
1400537299812,-27.18, -3.90, -24.00
1400537299876,-27.30, -3.84, -24.24
1400537299876,-27.36, -4.14, -24.72
1400537299876,-27.60, -4.02, -24.78
1400537299943,-27.60, -3.96, -25.14
1400537299943,-27.72, -3.90, -25.38
1400537299944,-27.96, -3.90, -25.56
1400537299953,-28.20, -3.78, -25.92
1400537300009,-28.38, -3.72, -26.22
1400537300009,-28.56, -3.60, -26.52
1400537300014,-28.98, -3.42, -26.82
1400537300076,-29.46, -3.48, -27.30
1400537300077,-29.76, -3.48, -27.54
1400537300077,-30.30, -3.30, -28.08
1400537300190,-30.78, -3.24, -28.62
1400537300190,-30.96, -3.06, -29.16
1400537300190,-31.38, -2.76, -29.52
1400537300191,-31.86, -2.76, -30.36
1400537300191,-32.16, -2.76, -31.02
1400537300195,-32.34, -2.82, -31.56
1400537300259,-32.58, -2.88, -32.10
1400537300260,-32.76, -3.06, -32.46
1400537300260,-32.82, -3.18, -33.12
1400537300409,-33.12, -3.48, -33.42
1400537300410,-33.36, -3.60, -34.08
1400537300410,-33.54, -3.96, -34.20
1400537300410,-33.54, -4.20, -34.68
1400537300410,-33.84, -4.32, -35.28
1400537300410,-34.02, -4.62, -35.64
1400537300410,-34.38, -5.04, -36.00
1400537300417,-34.68, -5.28, -36.36
1400537300474,-34.92, -5.52, -36.78
1400537300475,-35.16, -6.00, -37.02
1400537300477,-35.40, -5.94, -37.38
1400537300566,-35.76, -6.18, -37.56
1400537300566,-35.76, -6.54, -37.86
1400537300566,-36.00, -6.72, -37.98
1400537300566,-36.00, -6.78, -38.22
1400537300626,-36.12, -7.08, -38.16
1400537300626,-36.30, -7.32, -38.34
1400537300626,-36.60, -7.32, -38.46
1400537300638,-36.78, -7.68, -38.52
1400537300694,-37.02, -7.98, -38.40
1400537300694,-37.20, -8.10, -38.34
1400537300699,-37.50, -8.16, -38.22
1400537300760,-37.68, -8.34, -38.22
1400537300760,-37.80, -8.46, -38.22
1400537300760,-37.80, -8.52, -38.34
1400537300827,-37.92, -8.58, -38.46
1400537300828,-37.98, -8.40, -38.70
1400537300828,-37.98, -8.04, -38.82
1400537300840,-38.16, -8.04, -38.94
1400537300893,-38.16, -7.92, -39.24
1400537300893,-38.46, -7.62, -39.54
1400537300900,-38.70, -7.44, -39.66
1400537300960,-39.00, -7.26, -39.78
1400537300961,-39.30, -7.20, -39.90
1400537300961,-39.72, -7.08, -40.20
1400537301027,-40.50, -6.96, -40.68
1400537301027,-41.04, -6.54, -40.98
1400537301027,-41.58, -6.36, -41.40
1400537301093,-42.00, -6.12, -41.82
1400537301094,-42.42, -5.64, -42.54
1400537301094,-43.02, -5.40, -43.08
1400537301102,-43.44, -5.22, -43.86
1400537301160,-44.04, -5.16, -44.22
1400537301161,-44.58, -5.16, -44.58
1400537301162,-45.12, -5.34, -45.30
1400537301227,-45.60, -5.28, -46.02
1400537301228,-46.26, -5.46, -46.68
1400537301228,-46.98, -5.58, -47.04
1400537301334,-47.52, -5.58, -47.70
1400537301334,-48.06, -5.58, -47.88
1400537301334,-48.42, -5.70, -48.24
1400537301334,-48.66, -5.58, -48.78
1400537301334,-49.26, -5.64, -48.84
1400537301423,-49.74, -6.12, -48.96
1400537301423,-49.92, -6.36, -49.14
1400537301423,-50.40, -7.08, -49.44
1400537301423,-50.52, -7.62, -49.56
1400537301425,-50.94, -8.22, -49.98
1400537301476,-51.36, -8.52, -50.28
1400537301476,-51.90, -9.18, -50.58
1400537301484,-52.20, -9.72, -51.06
1400537301573,0.00, 0.00, 0.00
1400537301573,-53.28, -10.02, -51.96
1400537301574,-53.64, -10.08, -52.38
1400537301574,-54.48, -9.96, -52.80
1400537301585,-55.02, -10.14, -53.16
1400537301682,-55.50, -10.20, -53.94
1400537301682,-55.80, -10.38, -54.48
1400537301682,-56.40, -10.38, -55.26
1400537301683,-56.70, -10.56, -55.86
1400537301686,-57.18, -10.74, -56.76
1400537301770,-57.72, -10.98, -57.72
1400537301770,-57.96, -11.70, -58.62
1400537301770,-58.44, -12.18, -59.88
1400537301770,-58.98, -12.72, -60.90
1400537301826,-59.22, -13.14, -62.10
1400537301826,-59.34, -13.62, -62.76
1400537301827,-59.76, -14.10, -63.78
1400537301893,-60.00, -14.40, -64.38
1400537301894,-60.06, -14.76, -64.98
1400537301894,-60.12, -14.94, -65.34
1400537301907,-60.30, -15.00, -65.34
1400537301961,-60.54, -15.48, -65.16
1400537301961,-61.02, -15.84, -64.86
1400537301968,-61.68, -16.26, -65.16
1400537302027,-62.16, -16.80, -65.16
1400537302027,-62.76, -17.58, -65.10
1400537302028,-63.48, -18.36, -65.04
1400537302094,-64.38, -18.90, -64.98
1400537302095,-65.22, -19.92, -65.16
1400537302095,-65.94, -20.76, -65.22
1400537302161,-66.96, -21.72, -65.46
1400537302161,-67.80, -22.92, -65.34
1400537302161,-68.94, -24.00, -65.28
1400537302169,-69.72, -25.14, -65.34
1400537302227,-70.38, -26.22, -65.34
1400537302227,-70.68, -27.54, -65.28
1400537302230,-70.56, -28.50, -65.40
1400537302294,-70.86, -29.46, -65.40
1400537302294,-70.74, -30.18, -65.58
1400537302294,-70.62, -30.72, -65.64
1400537302360,-70.20, -31.20, -65.82
1400537302361,-69.96, -31.62, -65.94
1400537302361,-69.90, -31.86, -66.18
1400537302371,-69.72, -32.10, -66.60
1400537302427,-69.96, -32.40, -66.78
1400537302428,-69.72, -32.64, -67.14
1400537302431,-69.42, -32.88, -67.08
1400537302494,-69.24, -33.06, -67.38
1400537302494,-69.00, -33.36, -67.50
1400537302494,-68.58, -33.60, -67.56
1400537302562,-68.10, -33.96, -67.62
1400537302562,-67.98, -34.20, -67.50
1400537302562,-67.86, -34.32, -67.38
1400537302572,-67.68, -34.56, -67.38
1400537302628,-67.74, -34.86, -67.44
1400537302628,-67.50, -35.16, -67.38
1400537302633,-67.50, -35.28, -67.14
1400537302695,-67.50, -35.46, -67.26
1400537302695,-67.50, -35.40, -67.26
1400537302696,-67.62, -35.40, -67.26
1400537302827,-67.50, -35.58, -67.32
1400537302827,-67.50, -35.58, -67.38
1400537302828,-67.44, -35.46, -67.68
1400537302828,-67.44, -35.34, -67.56
1400537302828,-67.32, -35.40, -67.62
1400537302828,-67.44, -35.76, -67.56
1400537302834,-67.50, -35.88, -67.56
1400537302896,-67.56, -36.18, -67.44
1400537302899,-67.80, -35.94, -67.50
1400537302899,-67.80, -35.82, -67.50
1400537303020,-67.74, -35.94, -67.38
1400537303020,-67.68, -36.00, -67.44
1400537303020,-67.68, -35.88, -67.32
1400537303021,-67.62, -35.52, -67.26
1400537303021,-67.74, -35.40, -67.32
1400537303021,-67.56, -35.16, -67.50
1400537303076,-67.20, -35.22, -67.38
1400537303077,-67.20, -35.22, -67.56
1400537303077,-67.14, -35.46, -67.38
1400537303146,-67.38, -35.28, -67.38
1400537303146,-67.26, -35.46, -67.68
1400537303146,-67.32, -35.52, -67.80
1400537303156,-67.26, -35.70, -67.62
1400537303212,-67.14, -35.70, -67.68
1400537303212,-67.26, -35.70, -67.68
1400537303217,-67.38, -36.06, -67.50
1400537303278,-67.38, -35.76, -67.74
1400537303279,-67.38, -36.00, -67.74
1400537303279,-67.50, -35.94, -67.50
1400537303392,-67.32, -35.94, -67.74
1400537303393,-67.50, -35.82, -68.04
1400537303393,-67.68, -35.70, -67.98
1400537303393,-67.62, -35.76, -67.98
1400537303394,-67.62, -35.46, -68.04
1400537303398,-67.50, -35.64, -67.86
1400537303462,-67.62, -35.52, -67.86
1400537303463,-67.44, -35.46, -67.74
1400537303463,-67.62, -35.40, -67.44
1400537303529,-67.38, -35.40, -67.50
1400537303529,-67.38, -35.40, -67.50
1400537303529,-67.26, -35.34, -67.50
1400537303539,-67.08, -35.40, -67.50
1400537303602,-67.26, -35.16, -67.62
1400537303602,-67.02, -35.16, -67.62
1400537303602,-67.26, -35.28, -67.74
1400537303666,-67.26, -35.46, -67.74
1400537303666,-67.32, -35.40, -67.44
1400537303667,-67.20, -35.40, -67.44
1400537303777,-67.44, -35.64, -67.62
1400537303778,-67.56, -35.58, -67.68
1400537303778,-67.50, -35.70, -67.56
1400537303778,-67.32, -35.82, -67.68
1400537303778,-67.20, -35.94, -67.86
1400537303781,-66.96, -35.82, -67.86
1400537303846,-66.84, -35.88, -67.86
1400537303846,-67.02, -35.94, -67.92
1400537303846,-66.84, -35.76, -67.98
1400537303913,-66.72, -35.76, -67.98
1400537303913,-66.66, -35.64, -68.16
1400537303913,-66.90, -35.46, -68.04
1400537303922,-67.08, -35.40, -67.98
1400537303982,-67.32, -35.46, -67.92
1400537303982,-67.68, -35.58, -68.04
1400537303983,-67.68, -35.64, -67.80
1400537304094,-67.86, -35.82, -67.50
1400537304094,-67.86, -35.82, -67.50
1400537304094,-68.10, -36.12, -67.32
1400537304095,-68.04, -36.30, -67.50
1400537304095,-67.92, -36.12, -67.44
1400537304103,-67.86, -36.06, -67.62
1400537304185,-67.74, -36.18, -67.62
1400537304185,-67.44, -36.12, -67.86
1400537304186,-67.26, -36.06, -68.28
1400537304186,-67.38, -36.06, -68.10
1400537304244,-67.26, -35.88, -68.22
1400537304244,-67.14, -35.76, -68.22
1400537304244,-67.14, -35.82, -68.16
1400537304311,-67.14, -35.94, -68.16
1400537304311,-67.14, -35.76, -68.10
1400537304311,-67.38, -35.70, -67.80
1400537304325,-67.50, -35.82, -67.44
1400537304379,-67.38, -36.00, -67.44
1400537304379,-67.38, -36.06, -67.20
1400537304385,-67.56, -36.24, -67.20
1400537304446,-67.56, -36.30, -67.26
1400537304446,-67.44, -36.12, -67.26
1400537304446,-67.50, -36.18, -67.44
1400537304514,-67.44, -36.18, -67.86
1400537304514,-67.32, -36.06, -68.04
1400537304515,-67.32, -35.94, -68.10
1400537304526,-67.26, -36.06, -68.46
1400537304582,-67.14, -36.00, -68.58
1400537304582,-67.26, -36.24, -68.76
1400537304587,-67.32, -36.48, -68.70
1400537304656,-67.32, -36.72, -68.58
1400537304657,-67.38, -36.90, -68.40
1400537304657,-67.56, -37.02, -68.46
1400537304772,-67.44, -37.20, -68.28
1400537304772,-67.38, -37.14, -68.28
1400537304772,-67.38, -37.08, -68.16
1400537304772,-67.26, -37.14, -67.92
1400537304773,-67.14, -37.14, -68.16
1400537304773,-66.96, -36.90, -68.22
1400537304828,-66.72, -37.26, -68.34
1400537304828,-66.18, -37.68, -68.34
1400537304828,-65.58, -38.16, -68.46
1400537304894,-65.04, -38.88, -68.16
1400537304895,-64.38, -39.36, -68.16
1400537304895,-63.66, -39.78, -68.10
1400537304909,-63.12, -40.14, -67.80
1400537304978,-62.28, -40.74, -67.62
1400537304978,-61.74, -40.80, -67.62
1400537304978,-61.44, -41.04, -67.50
1400537304989,-61.32, -40.86, -67.44
1400537305064,-61.32, -40.80, -67.50
1400537305064,-60.96, -40.92, -67.26
1400537305064,-60.90, -41.04, -67.26
1400537305070,-60.84, -41.28, -67.14
1400537305177,-60.90, -41.52, -66.96
1400537305177,-61.02, -41.82, -66.66
1400537305177,-61.20, -42.00, -66.54
1400537305177,-61.50, -42.30, -66.30
1400537305177,-61.20, -42.42, -65.28
1400537305191,-61.20, -42.90, -64.62
1400537305245,-61.26, -42.84, -63.60
1400537305245,-61.20, -42.78, -62.76
1400537305251,-61.08, -42.66, -61.98
1400537305317,-60.96, -42.78, -61.08
1400537305317,-60.72, -42.78, -60.24
1400537305318,-60.36, -42.84, -59.58
1400537305437,-60.42, -42.96, -59.46
1400537305438,-60.60, -42.72, -59.34
1400537305438,-60.60, -42.96, -59.28
1400537305439,-60.78, -43.26, -59.34
1400537305439,-60.96, -43.68, -59.40
1400537305439,-61.02, -44.04, -59.52
1400537305499,-61.14, -44.52, -59.88
1400537305499,-61.32, -44.94, -60.24
1400537305500,-61.56, -45.36, -60.72
1400537305565,-61.86, -46.08, -61.20
1400537305565,-62.28, -46.32, -61.74
1400537305565,-62.28, -46.38, -62.04
1400537305573,-62.04, -46.14, -62.46
1400537305631,-61.44, -46.08, -63.18
1400537305631,-60.36, -45.72, -64.44
1400537305634,-58.26, -45.12, -66.06
1400537305699,-54.66, -44.16, -67.86
1400537305699,-49.44, -43.26, -70.62
1400537305699,-42.66, -42.54, -74.46
1400537305765,-35.52, -42.12, -79.74
1400537305765,-27.96, -41.64, -85.32
1400537305765,-19.68, -41.22, -91.26
1400537305775,-10.80, -40.80, -97.20
1400537305831,-2.10, -40.62, -103.44
1400537305831,6.00, -40.62, -110.04
1400537305835,13.68, -40.62, -116.22
1400537305900,21.30, -40.62, -122.28
1400537305900,29.58, -40.56, -127.80
1400537305900,38.28, -40.80, -133.86
1400537306022,47.04, -40.74, -139.38
1400537306022,55.98, -40.68, -145.02
1400537306023,0.00, 0.00, 0.00
1400537306023,74.76, -40.74, -156.36
1400537306023,84.54, -40.80, -161.76
1400537306023,93.84, -40.74, -166.62
1400537306080,103.38, -40.68, -171.66
1400537306080,112.98, -40.50, -176.34
1400537306080,122.94, -40.38, -181.14
1400537306152,133.20, -40.32, -185.82
1400537306153,144.06, -40.50, -190.44
1400537306153,155.88, -40.38, -195.00
1400537306158,168.48, -40.20, -199.98
1400537306215,182.40, -40.08, -205.02
1400537306216,0.00, 0.00, 0.00
1400537306218,211.08, -39.84, -214.14
1400537306329,226.38, -39.78, -218.52
1400537306329,242.40, -39.72, -222.54
1400537306329,258.42, -39.30, -226.20
1400537306329,274.38, -39.36, -229.56
1400537306330,290.28, -39.48, -232.26
1400537306339,305.94, -39.78, -234.42
1400537306399,322.08, -39.96, -236.10
1400537306400,338.34, -40.08, -237.36
1400537306401,0.00, 0.00, 0.00
1400537306465,369.36, -40.14, -238.92
1400537306465,384.06, -40.50, -238.86
1400537306465,398.10, -40.62, -238.32
1400537306533,411.66, -40.68, -238.02
1400537306533,424.50, -40.68, -237.48
1400537306533,436.14, -40.74, -236.88
1400537306540,447.06, -40.80, -236.22
1400537306602,457.20, -41.40, -235.20
1400537306603,466.86, -41.58, -234.42
1400537306603,476.16, -41.64, -233.46
1400537306666,485.22, -41.58, -232.62
1400537306666,493.86, -41.76, -231.60
1400537306666,502.32, -41.94, -230.64
1400537306733,511.02, -42.12, -229.44
1400537306733,519.84, -42.30, -227.88
1400537306733,0.00, 0.00, 0.00
1400537306742,538.20, -42.30, -224.46
1400537306803,548.04, -42.54, -222.48
1400537306803,557.82, -42.78, -220.32
1400537306803,567.78, -42.90, -217.74
1400537306866,577.68, -43.14, -214.98
1400537306866,587.46, -43.14, -212.16
1400537306866,597.30, -43.26, -209.22
1400537306934,607.38, -43.44, -205.80
1400537306934,617.88, -43.44, -202.08
1400537306934,628.20, -43.44, -197.88
1400537306943,638.82, -43.62, -193.14
1400537307003,649.80, -43.98, -188.10
1400537307003,660.90, -44.22, -182.64
1400537307004,672.36, -44.58, -177.00
1400537307066,0.00, 0.00, 0.00
1400537307066,694.50, -45.24, -164.88
1400537307066,705.06, -45.66, -158.76
1400537307130,715.68, -45.90, -152.46
1400537307130,726.18, -46.14, -145.92
1400537307131,736.26, -46.32, -139.38
1400537307145,745.26, -46.38, -133.26
1400537307199,752.88, -46.50, -127.92
1400537307199,759.60, -46.80, -123.48
1400537307205,764.70, -46.98, -119.70
1400537307267,768.96, -47.22, -116.58
1400537307267,771.72, -47.52, -114.78
1400537307268,773.22, -47.70, -113.94
1400537307388,773.76, -47.76, -114.06
1400537307388,774.06, -48.00, -114.36
1400537307388,774.24, -48.12, -114.66
1400537307388,774.30, -48.06, -114.90
1400537307388,774.66, -48.18, -115.26
1400537307388,774.90, -48.00, -115.62
1400537307449,775.14, -48.12, -115.98
1400537307449,775.26, -48.00, -116.22
1400537307449,775.14, -48.00, -116.22
1400537307516,775.20, -47.94, -116.40
1400537307517,775.26, -47.82, -116.46
1400537307517,775.38, -47.76, -116.58
1400537307528,775.56, -47.76, -116.64
1400537307583,775.44, -47.82, -117.00
1400537307583,775.62, -47.64, -117.06
1400537307588,775.56, -47.70, -117.36
1400537307649,775.68, -47.58, -117.78
1400537307649,775.80, -47.52, -117.90
1400537307649,776.04, -47.70, -118.08
1400537307715,776.16, -47.88, -118.08
1400537307715,776.34, -47.82, -118.44
1400537307716,776.40, -47.88, -118.56
1400537307729,776.40, -48.06, -118.74
1400537307783,776.58, -48.00, -118.86
1400537307783,776.64, -48.12, -118.86
1400537307789,776.64, -48.12, -118.98
1400537307850,776.52, -48.00, -118.98
1400537307850,776.46, -47.88, -119.28
1400537307851,776.46, -48.00, -118.98
1400537307974,776.40, -48.06, -118.62
1400537307974,776.22, -47.82, -118.14
1400537307974,775.98, -48.12, -117.78
1400537307974,775.80, -48.12, -117.36
1400537307975,775.56, -48.06, -117.06
1400537307979,775.50, -48.12, -116.82
1400537307991,775.26, -47.94, -116.28
1400537308055,774.84, -47.52, -115.86
1400537308056,774.60, -47.28, -115.38
1400537308056,774.36, -46.92, -114.84
1400537308172,774.12, -46.32, -114.24
1400537308172,773.94, -46.26, -113.22
1400537308172,773.82, -46.44, -111.90
1400537308172,773.40, -47.10, -110.34
1400537308172,773.16, -48.24, -108.42
1400537308173,772.86, -49.68, -106.26
1400537308231,772.50, -51.78, -103.74
1400537308231,771.78, -54.84, -100.62
1400537308232,771.06, -58.50, -96.48
1400537308298,769.98, -62.88, -91.92
1400537308298,768.78, -67.98, -86.58
1400537308298,767.04, -73.44, -80.28
1400537308313,764.88, -79.74, -73.20
1400537308366,761.82, -85.38, -64.86
1400537308366,758.28, -89.58, -56.16
1400537308374,754.92, -92.94, -47.88
1400537308433,751.80, -95.64, -40.98
1400537308433,748.86, -97.26, -34.92
1400537308434,746.16, -97.98, -29.76
1400537308500,744.24, -97.68, -25.98
1400537308500,742.50, -96.48, -23.40
1400537308501,742.14, -95.28, -22.56
1400537308515,742.26, -95.28, -22.80
1400537308624,742.74, -95.04, -23.34
1400537308624,742.98, -95.10, -23.76
1400537308624,743.28, -95.10, -24.06
1400537308624,743.82, -95.16, -24.60
1400537308625,744.12, -95.34, -24.96
1400537308682,744.60, -95.52, -25.68
1400537308683,745.14, -96.06, -26.40
1400537308683,745.68, -96.36, -27.18
1400537308696,745.92, -96.96, -28.02
1400537308784,746.40, -97.50, -28.62
1400537308784,746.82, -97.86, -29.28
1400537308784,746.82, -97.80, -29.28
1400537308785,746.52, -97.32, -28.86
1400537308796,745.86, -96.24, -27.60
1400537308849,744.54, -94.74, -25.62
1400537308850,742.80, -92.94, -22.98
1400537308857,741.00, -90.54, -19.86
1400537308929,738.78, -87.66, -16.56
1400537308929,736.44, -84.96, -13.14
1400537308929,734.10, -82.44, -10.26
1400537308992,732.36, -80.16, -7.44
1400537308993,0.00, 0.00, 0.00
1400537308994,729.60, -76.20, -3.36
1400537308998,728.76, -74.58, -1.98
1400537309081,728.10, -73.56, -1.02
1400537309081,727.80, -72.96, -0.36
1400537309081,727.74, -72.48, 0.24
1400537309082,727.74, -72.42, 0.42
1400537309149,727.62, -72.90, 0.24
1400537309150,727.92, -73.38, 0.00
1400537309150,728.40, -73.74, -0.42
1400537309159,728.58, -74.16, -0.84
1400537309217,728.82, -74.70, -1.32
1400537309217,729.36, -75.18, -1.74
1400537309219,729.66, -75.54, -2.34
1400537309284,730.08, -75.66, -2.76
1400537309284,730.44, -75.54, -3.06
1400537309285,730.44, -75.54, -3.36
1400537309444,730.44, -75.66, -3.78
1400537309444,730.50, -75.78, -4.02
1400537309444,730.38, -75.60, -4.02
1400537309444,729.66, -75.42, -3.84
1400537309444,729.12, -74.94, -3.48
1400537309444,728.40, -74.58, -2.70
1400537309444,727.62, -74.28, -1.92
1400537309444,726.78, -73.92, -0.96
1400537309502,725.76, -73.86, 0.06
1400537309502,725.16, -73.92, 1.02
1400537309502,724.50, -74.04, 1.56
1400537309568,724.32, -74.22, 1.92
1400537309568,724.08, -74.52, 2.16
1400537309568,723.96, -74.88, 2.10
1400537309635,724.38, -75.06, 1.86
1400537309635,724.80, -75.72, 1.62
1400537309635,725.58, -75.90, 1.14
1400537309642,726.18, -76.02, 0.54
1400537309703,726.84, -76.26, 0.00
1400537309703,727.56, -76.74, -0.48
1400537309703,728.40, -77.28, -1.02
1400537309769,729.54, -77.76, -1.68
1400537309770,730.44, -78.78, -2.28
1400537309770,731.52, -79.62, -2.94
1400537309836,732.36, -80.22, -3.48
1400537309836,733.32, -81.00, -3.78
1400537309836,734.40, -81.72, -4.14
1400537309844,735.30, -82.26, -4.44
1400537309902,736.20, -82.92, -4.62
1400537309903,736.98, -83.46, -4.62
1400537309904,737.46, -83.82, -4.68
1400537309969,738.00, -83.82, -4.56
1400537309970,738.30, -84.00, -4.26
1400537309970,738.66, -84.24, -4.14
1400537310079,739.02, -84.42, -3.90
1400537310079,739.32, -84.48, -3.72
1400537310079,739.56, -84.84, -3.42
1400537310079,739.86, -85.14, -2.88
1400537310079,740.28, -85.08, -2.28
1400537310134,740.40, -85.56, -1.62
1400537310134,740.76, -85.98, -0.96
1400537310134,740.70, -86.46, -0.06
1400537310146,740.70, -86.88, 1.14
1400537310201,740.70, -87.48, 2.04
1400537310201,740.58, -87.78, 3.06
1400537310207,740.22, -87.78, 4.14
1400537310269,739.92, -88.20, 5.34
1400537310269,739.92, -88.56, 6.54
1400537310269,739.98, -88.80, 7.68
1400537310336,740.34, -88.98, 8.58
1400537310336,740.82, -89.28, 9.36
1400537310336,741.54, -89.58, 10.62
1400537310348,742.38, -90.18, 11.94
1400537310402,743.40, -90.78, 12.84
1400537310402,744.48, -91.08, 13.50
1400537310408,745.38, -91.26, 13.98
1400537310467,746.10, -91.50, 14.70
1400537310467,746.94, -91.80, 15.36
1400537310468,747.78, -92.10, 15.96
1400537310534,748.80, -92.52, 16.62
1400537310534,749.94, -92.88, 16.92
1400537310534,751.26, -93.66, 17.28
