1400538621043,749.58, -75.96, 65.64
1400538621043,749.22, -76.08, 65.88
1400538621043,749.22, -76.14, 66.06
1400538621046,748.86, -76.32, 66.18
1400538621148,748.74, -76.32, 66.36
1400538621148,748.74, -76.26, 66.36
1400538621148,748.74, -76.20, 66.48
1400538621148,748.74, -75.96, 66.36
1400538621149,748.74, -75.84, 66.12
1400538621221,748.92, -75.84, 65.58
1400538621221,749.10, -75.78, 65.16
1400538621221,749.76, -75.72, 64.86
1400538621227,750.06, -75.72, 64.20
1400538621289,750.42, -75.96, 63.18
1400538621289,750.72, -76.08, 61.98
1400538621289,750.78, -76.02, 60.30
1400538621358,750.78, -76.02, 58.02
1400538621358,750.42, -75.96, 55.80
1400538621358,750.00, -75.72, 53.46
1400538621368,749.76, -75.48, 51.36
1400538621429,749.64, -75.42, 49.86
1400538621429,749.34, -75.18, 49.08
1400538621429,749.22, -75.12, 49.02
1400538621507,749.28, -75.12, 49.50
1400538621508,749.58, -75.12, 50.70
1400538621508,750.06, -75.06, 51.78
1400538621509,750.48, -75.36, 52.80
1400538621596,750.36, -75.42, 53.46
1400538621596,750.30, -75.54, 53.46
1400538621596,750.30, -75.60, 53.22
1400538621596,750.18, -75.42, 52.56
1400538621680,750.06, -75.42, 52.08
1400538621680,750.06, -75.42, 52.02
1400538621680,750.24, -75.66, 52.20
1400538621681,750.06, -75.36, 52.44
1400538621743,750.30, -75.42, 52.80
1400538621743,750.36, -75.18, 53.28
1400538621743,750.36, -75.00, 53.34
1400538621751,750.42, -75.12, 53.40
1400538621806,750.54, -75.12, 53.28
1400538621806,750.18, -75.24, 52.80
1400538621812,749.94, -75.18, 52.56
1400538621873,749.94, -75.54, 52.38
1400538621873,749.82, -75.54, 52.14
1400538621873,750.06, -75.66, 52.20
1400538621939,750.12, -75.84, 52.62
1400538621939,750.12, -75.90, 52.92
1400538621940,750.00, -75.96, 53.10
1400538621953,750.36, -75.78, 53.28
1400538622019,750.24, -75.72, 53.34
1400538622019,750.30, -75.78, 53.46
1400538622019,750.36, -75.78, 53.46
1400538622033,750.12, -75.90, 53.40
1400538622090,750.12, -75.96, 53.28
1400538622090,750.06, -76.02, 53.28
1400538622093,750.12, -76.02, 53.34
1400538622177,749.88, -76.08, 53.46
1400538622177,749.88, -75.96, 53.16
1400538622177,749.82, -75.72, 52.86
1400538622177,749.88, -75.84, 52.92
1400538622238,750.00, -75.66, 52.74
1400538622238,750.24, -75.66, 52.62
1400538622238,750.36, -75.54, 52.62
1400538622306,750.30, -75.42, 52.62
1400538622306,750.36, -75.54, 52.62
1400538622306,750.36, -75.60, 53.10
1400538622315,750.36, -75.78, 53.22
1400538622375,750.24, -75.60, 53.04
1400538622375,750.30, -75.66, 53.16
1400538622376,750.00, -75.66, 53.16
1400538622438,749.76, -75.60, 53.10
1400538622438,749.82, -75.66, 53.10
1400538622438,749.76, -75.60, 52.98
1400538622505,749.88, -75.60, 52.80
1400538622505,749.94, -75.42, 52.80
1400538622506,750.00, -75.48, 52.98
1400538622517,750.06, -75.54, 52.92
1400538622585,749.94, -75.48, 52.98
1400538622585,750.12, -75.36, 53.22
1400538622585,750.18, -75.30, 53.22
1400538622639,750.18, -75.36, 53.34
1400538622640,750.12, -75.36, 53.28
1400538622640,750.18, -75.30, 53.28
1400538622707,750.18, -75.36, 53.28
1400538622708,750.06, -75.24, 53.40
1400538622708,750.30, -75.30, 53.34
1400538622718,750.24, -75.54, 53.10
1400538622783,750.18, -75.48, 53.22
1400538622783,750.12, -75.42, 53.16
1400538622783,750.12, -75.54, 53.16
1400538622838,749.88, -75.72, 53.16
1400538622838,749.82, -75.60, 53.16
1400538622839,749.94, -75.90, 53.04
1400538622907,749.82, -75.96, 53.16
1400538622908,749.88, -75.78, 53.22
1400538622908,749.88, -75.84, 52.98
1400538622920,749.94, -75.90, 53.16
1400538622995,750.00, -75.90, 53.22
1400538622995,750.00, -75.60, 53.10
1400538622996,750.06, -75.54, 53.04
1400538623000,749.88, -75.42, 53.10
1400538623059,750.12, -75.30, 52.98
1400538623059,750.00, -75.54, 52.86
1400538623063,750.00, -75.48, 53.04
1400538623130,750.00, -75.48, 52.74
1400538623130,750.24, -75.48, 52.80
1400538623130,750.54, -75.66, 52.92
1400538623197,750.54, -75.72, 52.98
1400538623197,750.48, -75.60, 52.92
1400538623197,750.36, -75.72, 52.86
1400538623201,750.48, -75.78, 52.98
1400538623264,750.54, -75.72, 53.16
1400538623264,750.24, -75.54, 53.40
1400538623264,750.00, -75.48, 53.40
1400538623330,749.94, -75.72, 53.40
1400538623331,749.88, -75.66, 53.40
1400538623331,750.00, -75.54, 53.34
1400538623397,750.00, -75.36, 53.46
1400538623397,750.00, -75.06, 53.58
1400538623397,750.24, -75.12, 53.34
1400538623403,750.48, -75.36, 53.22
1400538623473,750.66, -75.30, 53.16
1400538623473,750.60, -75.12, 53.10
1400538623474,750.78, -75.18, 53.16
1400538623483,750.60, -75.42, 53.16
1400538623548,750.66, -75.72, 53.04
1400538623548,750.66, -75.78, 52.80
1400538623549,750.54, -75.84, 52.74
1400538623629,750.66, -75.72, 52.80
1400538623629,750.66, -75.84, 52.74
1400538623629,750.60, -75.72, 52.86
1400538623629,750.36, -75.78, 52.92
1400538623703,750.60, -75.60, 53.04
1400538623703,750.42, -75.30, 53.16
1400538623703,750.36, -75.30, 53.22
1400538623785,750.30, -75.54, 53.46
1400538623785,750.18, -75.54, 53.64
1400538623786,749.88, -75.60, 53.70
1400538623786,749.82, -75.60, 53.52
1400538623786,749.88, -75.60, 53.46
1400538623844,749.76, -75.60, 53.52
1400538623844,749.94, -75.78, 53.58
1400538623846,750.06, -75.90, 53.64
1400538623911,750.18, -75.72, 53.58
1400538623911,750.30, -75.72, 53.34
1400538623911,750.60, -75.66, 53.46
1400538623977,750.72, -75.66, 53.58
1400538623977,750.60, -75.54, 53.58
1400538623977,750.48, -75.78, 53.28
1400538623987,750.36, -75.72, 53.10
1400538624056,750.24, -75.72, 53.16
1400538624056,750.18, -75.90, 53.16
1400538624056,750.24, -75.84, 53.28
1400538624067,750.18, -75.96, 53.16
1400538624135,749.94, -75.78, 52.92
1400538624135,750.00, -75.78, 52.98
1400538624135,750.06, -75.54, 53.22
1400538624194,750.06, -75.48, 53.10
1400538624194,750.18, -75.36, 52.92
1400538624195,750.12, -75.06, 53.04
1400538624261,749.88, -75.30, 52.80
1400538624261,749.82, -75.18, 52.86
1400538624261,749.94, -75.54, 53.04
1400538624269,749.82, -75.72, 53.04
1400538624337,750.00, -75.90, 53.16
1400538624337,750.18, -75.84, 53.40
1400538624337,750.06, -75.84, 53.40
1400538624427,750.12, -76.02, 53.16
1400538624427,750.00, -75.90, 53.40
1400538624428,750.18, -75.78, 53.28
1400538624428,750.30, -75.78, 53.28
1400538624431,750.30, -75.66, 53.22
1400538624502,750.12, -75.66, 52.98
1400538624502,750.00, -75.66, 53.10
1400538624503,750.06, -75.54, 53.10
1400538624604,749.82, -75.66, 53.22
1400538624604,750.12, -75.60, 53.16
1400538624604,750.06, -75.66, 53.28
1400538624604,749.88, -75.54, 53.28
1400538624604,750.06, -75.48, 53.22
1400538624684,750.00, -75.54, 53.34
1400538624684,749.94, -75.60, 53.16
1400538624684,749.88, -75.84, 53.04
1400538624684,749.94, -75.72, 53.04
1400538624744,749.76, -75.72, 52.98
1400538624744,749.70, -75.96, 52.86
1400538624744,749.88, -75.96, 52.86
1400538624752,749.76, -76.14, 52.86
1400538624813,749.82, -75.96, 52.74
1400538624813,749.88, -75.96, 52.68
1400538624813,750.06, -75.96, 52.86
1400538624878,750.06, -75.96, 52.86
1400538624878,750.30, -75.84, 52.80
1400538624878,750.24, -75.78, 52.98
1400538624946,750.12, -75.66, 53.16
1400538624947,750.24, -75.48, 53.28
1400538624947,750.36, -75.66, 53.16
1400538624954,750.36, -75.66, 53.22
1400538625013,750.12, -75.72, 53.22
1400538625014,750.06, -75.78, 53.28
1400538625014,749.94, -75.84, 53.52
1400538625079,750.12, -75.78, 53.28
1400538625079,750.30, -75.90, 53.16
1400538625079,750.42, -76.02, 52.98
1400538625146,750.30, -75.96, 53.10
1400538625146,750.30, -75.96, 53.16
1400538625146,750.30, -75.90, 53.16
1400538625156,750.48, -75.90, 53.22
1400538625213,750.60, -76.02, 53.22
1400538625214,750.36, -76.02, 53.34
1400538625216,750.36, -75.90, 53.28
1400538625278,750.18, -75.78, 53.40
1400538625279,750.30, -75.84, 53.28
1400538625279,750.42, -75.72, 53.22
1400538625397,750.54, -75.78, 53.10
1400538625397,750.36, -75.66, 53.10
1400538625398,750.06, -75.54, 53.04
1400538625398,750.30, -75.72, 53.04
1400538625398,750.30, -75.84, 53.10
1400538625398,750.30, -75.84, 53.10
1400538625462,750.18, -75.72, 53.28
1400538625463,750.18, -75.84, 53.28
1400538625463,750.12, -75.90, 53.22
1400538625530,750.18, -75.96, 53.22
1400538625530,750.36, -75.96, 53.28
1400538625530,750.24, -75.72, 53.10
1400538625538,750.18, -75.72, 53.16
1400538625599,750.12, -75.54, 53.10
1400538625599,750.06, -75.60, 53.16
1400538625600,749.94, -75.78, 53.22
1400538625704,749.88, -75.72, 53.34
1400538625704,750.06, -75.66, 53.34
1400538625704,749.88, -75.54, 53.34
1400538625704,750.00, -75.78, 53.34
1400538625704,750.06, -75.72, 53.28
1400538625761,750.18, -75.90, 53.16
1400538625761,750.36, -75.90, 53.04
1400538625761,750.66, -75.72, 52.80
1400538625830,750.84, -75.72, 52.74
1400538625830,750.96, -75.84, 52.68
1400538625830,750.96, -75.96, 52.74
1400538625895,750.84, -75.96, 52.80
1400538625895,750.78, -76.08, 52.62
1400538625896,750.72, -76.08, 52.74
1400538625901,750.54, -76.02, 52.80
1400538625963,750.36, -76.08, 52.98
1400538625964,750.06, -75.84, 53.16
1400538625964,749.88, -75.66, 52.98
1400538626090,749.76, -75.72, 52.92
1400538626090,749.70, -75.78, 52.92
1400538626091,749.76, -75.72, 52.92
1400538626091,749.64, -75.66, 53.04
1400538626091,749.70, -75.66, 53.04
1400538626091,749.58, -75.48, 53.04
1400538626102,749.76, -75.60, 52.86
1400538626195,749.76, -75.42, 52.98
1400538626195,749.94, -75.36, 52.92
1400538626195,749.94, -75.06, 52.92
1400538626195,750.06, -74.94, 53.10
1400538626203,750.24, -75.06, 53.04
1400538626265,750.24, -75.18, 53.04
1400538626265,750.42, -75.36, 52.98
1400538626265,750.42, -75.36, 53.04
1400538626390,750.36, -75.72, 52.92
1400538626391,750.30, -75.72, 52.98
1400538626391,750.48, -75.72, 53.16
1400538626391,750.18, -75.72, 53.28
1400538626391,750.18, -75.66, 53.16
1400538626391,750.18, -75.72, 53.16
1400538626404,750.00, -75.66, 53.16
1400538626462,750.18, -75.84, 53.22
1400538626462,750.24, -75.72, 53.22
1400538626465,750.42, -75.66, 53.22
1400538626549,750.36, -75.78, 53.16
1400538626549,750.72, -75.90, 52.98
1400538626549,750.66, -76.20, 53.10
1400538626549,750.60, -75.78, 53.10
1400538626657,750.60, -75.90, 53.16
1400538626658,750.60, -75.90, 53.16
1400538626658,750.72, -75.78, 53.22
1400538626658,750.84, -76.02, 53.22
1400538626658,750.90, -76.02, 53.28
1400538626666,750.66, -76.08, 53.16
1400538626789,750.60, -76.02, 53.10
1400538626789,750.72, -76.26, 53.16
1400538626789,750.66, -76.32, 53.22
1400538626789,750.66, -76.26, 53.28
1400538626789,750.36, -76.44, 53.28
1400538626789,750.24, -76.32, 53.28
1400538626845,749.94, -75.96, 53.22
1400538626846,750.06, -75.96, 53.40
1400538626847,750.06, -75.84, 53.40
1400538626912,750.06, -75.66, 53.34
1400538626912,750.24, -75.72, 53.28
1400538626912,750.18, -75.48, 53.16
1400538626998,750.36, -75.42, 53.10
1400538626998,750.42, -75.36, 53.16
1400538626998,750.72, -75.60, 53.10
1400538626999,750.60, -75.66, 53.10
1400538627101,750.60, -75.66, 52.98
1400538627101,750.60, -75.84, 52.86
1400538627102,750.54, -75.72, 52.86
1400538627102,750.48, -75.78, 52.98
1400538627102,750.60, -75.90, 52.98
1400538627163,750.36, -75.96, 53.34
1400538627164,750.30, -75.96, 53.22
1400538627164,750.24, -75.90, 53.16
1400538627170,750.24, -75.84, 53.28
1400538627231,750.30, -75.78, 53.28
1400538627232,750.24, -75.84, 53.34
1400538627232,750.24, -76.02, 53.34
1400538627352,750.12, -75.96, 53.46
1400538627352,750.30, -76.02, 53.04
1400538627352,750.36, -75.96, 53.34
1400538627352,750.54, -75.96, 53.46
1400538627353,750.60, -75.96, 53.34
1400538627353,750.60, -75.96, 53.40
1400538627413,750.54, -75.66, 53.46
1400538627413,750.48, -75.54, 53.40
1400538627413,750.48, -75.48, 53.16
1400538627480,750.36, -75.48, 53.10
1400538627480,750.12, -75.48, 52.98
1400538627481,750.24, -75.48, 52.74
1400538627548,750.12, -75.30, 52.80
1400538627548,750.12, -75.30, 52.80
1400538627548,750.36, -75.42, 52.86
1400538627553,750.54, -75.42, 52.98
1400538627614,750.66, -75.36, 52.98
1400538627614,750.72, -75.36, 53.16
1400538627614,750.90, -75.24, 53.34
1400538627681,750.54, -75.24, 53.64
1400538627681,750.54, -75.24, 53.82
1400538627681,750.42, -75.42, 53.82
1400538627747,750.30, -75.72, 53.64
1400538627748,750.18, -75.78, 53.70
1400538627748,749.94, -75.72, 53.70
1400538627754,750.06, -75.66, 53.70
1400538627814,750.06, -75.84, 53.52
1400538627814,750.06, -75.90, 53.52
1400538627815,750.06, -75.96, 53.46
1400538627881,750.12, -75.78, 53.46
1400538627881,750.12, -75.78, 53.52
1400538627881,750.06, -75.48, 53.46
1400538627948,750.06, -75.60, 53.52
1400538627949,750.06, -75.66, 53.40
1400538627949,750.12, -75.54, 53.46
1400538627956,750.24, -75.48, 53.22
1400538628015,750.42, -75.66, 53.46
1400538628015,750.18, -75.72, 53.40
1400538628016,750.12, -75.72, 53.52
1400538628081,750.18, -76.02, 53.58
1400538628081,750.24, -76.02, 53.76
1400538628081,750.18, -75.90, 54.12
1400538628147,750.12, -75.78, 54.06
1400538628147,750.06, -75.78, 54.18
1400538628148,750.06, -75.54, 54.06
1400538628157,750.36, -75.54, 53.94
1400538628215,750.54, -75.48, 53.88
1400538628215,750.48, -75.30, 53.76
1400538628217,750.54, -75.36, 53.52
1400538628281,750.66, -75.60, 53.28
1400538628281,750.54, -75.72, 53.10
1400538628281,750.66, -75.78, 53.04
1400538628347,750.54, -75.84, 53.04
1400538628348,750.54, -75.96, 53.16
1400538628348,750.48, -75.90, 53.28
1400538628358,750.66, -76.02, 53.04
1400538628416,750.60, -76.02, 53.10
1400538628417,750.48, -75.78, 53.16
1400538628419,750.48, -75.84, 53.16
1400538628481,750.36, -76.02, 53.34
1400538628482,750.42, -76.08, 53.46
1400538628482,750.24, -75.90, 53.28
1400538628608,750.12, -76.02, 53.22
1400538628608,750.06, -75.84, 53.40
1400538628608,750.18, -76.02, 53.40
1400538628608,750.24, -76.20, 53.52
1400538628608,750.30, -76.14, 53.70
1400538628609,750.30, -76.14, 53.64
1400538628620,750.42, -76.02, 53.52
1400538628682,750.60, -75.90, 53.70
1400538628682,750.72, -75.84, 53.94
1400538628683,750.72, -75.96, 53.94
1400538628764,750.66, -75.78, 53.82
1400538628764,750.78, -75.66, 53.64
1400538628765,750.72, -75.66, 53.40
1400538628765,750.66, -75.60, 53.52
1400538628829,750.54, -75.66, 53.52
1400538628830,750.36, -75.72, 53.58
1400538628830,750.36, -75.66, 53.52
1400538628842,750.36, -75.66, 53.46
1400538628898,750.24, -75.60, 53.70
1400538628898,750.06, -75.54, 53.82
1400538628902,750.06, -75.42, 54.18
1400538628986,750.24, -75.42, 53.94
1400538628987,750.06, -75.30, 53.82
1400538628987,750.06, -75.36, 54.00
1400538628987,750.00, -75.30, 53.76
1400538629049,750.00, -75.36, 53.82
1400538629049,750.06, -75.54, 53.64
1400538629049,750.18, -75.60, 53.64
1400538629153,750.36, -75.72, 53.52
1400538629153,750.24, -75.72, 53.34
1400538629153,750.54, -75.84, 52.80
1400538629153,750.36, -75.72, 50.64
1400538629154,749.40, -75.78, 47.16
1400538629217,747.66, -75.24, 42.36
1400538629217,745.44, -74.64, 37.08
1400538629217,743.58, -74.22, 31.98
1400538629224,742.14, -73.62, 27.72
1400538629283,741.24, -73.14, 25.14
1400538629283,740.28, -73.02, 23.76
1400538629285,739.86, -72.84, 22.68
1400538629350,739.86, -72.48, 22.68
1400538629350,740.46, -72.54, 23.22
1400538629350,741.36, -72.78, 23.82
1400538629417,741.60, -72.84, 23.46
1400538629417,741.24, -73.08, 21.30
1400538629417,740.28, -73.14, 17.10
1400538629426,738.42, -72.84, 11.04
1400538629483,735.84, -72.54, 4.56
1400538629483,733.02, -72.18, -2.52
1400538629486,729.72, -71.82, -10.44
1400538629549,725.82, -71.28, -19.26
1400538629549,721.08, -70.68, -28.92
1400538629549,0.00, 0.00, 0.00
1400538629617,707.40, -69.06, -51.54
1400538629617,698.28, -68.22, -64.80
1400538629617,687.60, -67.38, -78.84
1400538629627,674.94, -66.54, -93.66
1400538629683,660.48, -65.34, -108.84
1400538629683,643.38, -64.20, -124.56
1400538629688,623.76, -63.00, -140.58
1400538629751,0.00, 0.00, 0.00
1400538629752,578.22, -60.84, -170.46
1400538629752,554.28, -59.88, -183.06
1400538629853,529.62, -59.04, -194.04
1400538629853,504.72, -58.32, -203.46
1400538629853,479.88, -58.14, -211.50
1400538629853,455.94, -57.78, -217.74
1400538629853,433.56, -57.48, -222.12
1400538629915,0.00, 0.00, 0.00
1400538629915,393.78, -57.06, -227.04
1400538629916,375.60, -56.94, -228.00
1400538629983,359.04, -56.82, -228.06
1400538629983,343.86, -56.58, -227.70
1400538629983,330.36, -56.16, -226.50
1400538629990,318.60, -56.04, -225.12
1400538630049,307.86, -55.98, -223.08
1400538630049,297.90, -55.92, -221.04
1400538630050,288.84, -55.98, -219.06
1400538630154,280.38, -55.92, -217.08
1400538630154,272.16, -55.92, -214.92
1400538630154,264.30, -55.98, -212.88
1400538630154,256.02, -56.40, -210.78
1400538630154,247.74, -56.76, -208.56
1400538630218,239.76, -57.36, -206.52
1400538630218,232.14, -57.66, -204.36
1400538630218,224.76, -57.90, -202.14
1400538630285,0.00, 0.00, 0.00
1400538630285,211.44, -58.80, -197.76
1400538630285,205.68, -59.34, -195.24
1400538630292,200.46, -59.52, -192.72
1400538630351,195.24, -59.64, -190.32
1400538630351,190.14, -59.46, -187.98
1400538630352,185.64, -59.64, -185.70
1400538630418,180.96, -59.82, -183.36
1400538630418,176.28, -59.88, -180.72
1400538630418,171.42, -59.82, -178.26
1400538630487,166.26, -59.82, -175.86
1400538630488,161.04, -59.88, -173.10
1400538630488,156.12, -60.06, -170.04
1400538630493,151.38, -60.30, -166.80
1400538630552,146.34, -60.30, -163.68
1400538630552,141.72, -60.30, -160.68
1400538630554,137.22, -60.54, -157.98
1400538630618,132.96, -60.72, -155.16
1400538630618,128.94, -61.02, -152.34
1400538630618,125.22, -60.96, -149.70
1400538630685,121.08, -60.84, -147.18
1400538630685,117.12, -60.84, -144.60
1400538630685,113.40, -60.90, -141.48
1400538630695,109.56, -60.90, -138.12
1400538630752,105.54, -60.96, -134.52
1400538630752,101.70, -60.90, -131.16
1400538630755,97.92, -60.84, -127.38
1400538630818,94.38, -60.84, -123.96
1400538630818,91.68, -61.08, -120.66
1400538630818,89.16, -61.26, -118.08
1400538630884,86.94, -61.20, -115.74
1400538630884,85.44, -61.26, -113.70
1400538630884,84.60, -61.02, -112.32
1400538630951,84.30, -60.72, -111.24
1400538630951,84.06, -60.36, -110.70
1400538630952,84.12, -60.06, -110.40
1400538630957,84.18, -59.64, -110.16
1400538631019,84.12, -59.10, -110.10
1400538631019,84.36, -58.74, -110.10
1400538631019,84.24, -58.50, -110.10
1400538631085,84.18, -58.14, -110.10
1400538631086,83.88, -57.96, -110.22
1400538631086,83.82, -57.78, -110.28
1400538631151,83.70, -57.78, -110.16
1400538631152,83.58, -57.60, -110.40
1400538631152,83.64, -57.66, -110.34
1400538631158,83.58, -57.66, -110.52
1400538631219,83.52, -57.48, -110.64
1400538631219,83.22, -57.36, -110.58
1400538631219,83.28, -57.18, -110.64
1400538631285,83.28, -57.06, -110.94
1400538631285,82.98, -56.70, -110.94
1400538631285,83.10, -56.70, -110.88
1400538631351,83.04, -56.34, -110.76
1400538631351,83.28, -56.34, -110.52
1400538631351,83.22, -56.28, -110.40
1400538631360,83.70, -56.22, -110.28
1400538631419,83.88, -56.28, -109.68
1400538631419,84.00, -56.40, -109.14
1400538631420,84.36, -56.64, -108.90
1400538631486,84.54, -56.70, -108.60
1400538631486,84.72, -56.70, -108.54
1400538631486,84.96, -56.76, -108.42
1400538631552,85.02, -56.94, -108.36
1400538631552,84.78, -57.18, -108.42
1400538631552,84.30, -57.60, -109.02
1400538631561,83.82, -57.78, -109.86
1400538631619,82.86, -57.84, -110.94
1400538631619,81.60, -58.02, -112.14
1400538631621,80.16, -58.62, -113.52
1400538631686,78.36, -58.92, -115.08
1400538631686,77.04, -59.22, -116.52
1400538631686,75.60, -59.46, -117.90
1400538631752,74.64, -59.58, -118.92
1400538631752,73.68, -59.76, -119.76
1400538631753,73.08, -59.94, -120.18
1400538631762,72.84, -60.00, -120.54
1400538631820,72.60, -60.00, -120.48
1400538631820,72.96, -60.18, -120.36
1400538631823,72.90, -60.30, -120.24
1400538631886,73.14, -60.12, -120.06
1400538631886,73.14, -60.06, -119.94
1400538631886,73.32, -59.94, -119.58
1400538631953,73.44, -59.94, -119.16
1400538631953,73.44, -60.12, -118.80
1400538631953,73.62, -60.18, -118.56
1400538632020,73.44, -60.00, -118.20
1400538632020,73.44, -60.06, -117.90
1400538632020,73.32, -60.00, -117.72
1400538632024,73.08, -59.82, -117.36
1400538632086,72.96, -59.76, -117.00
1400538632086,72.84, -59.76, -116.94
1400538632086,72.90, -59.52, -116.70
1400538632152,72.84, -59.28, -116.58
1400538632153,72.84, -59.22, -116.40
1400538632153,72.72, -59.16, -116.10
1400538632219,72.72, -59.28, -115.74
1400538632219,72.84, -59.58, -115.62
1400538632219,72.84, -59.64, -115.44
1400538632226,72.78, -59.76, -115.20
1400538632286,72.72, -59.76, -115.32
1400538632286,72.84, -59.94, -115.14
1400538632287,72.72, -60.18, -115.08
1400538632354,72.84, -59.76, -115.08
1400538632354,72.78, -59.88, -115.14
1400538632354,72.72, -59.70, -115.08
1400538632420,72.84, -59.82, -115.14
1400538632420,72.84, -59.76, -115.38
1400538632420,72.96, -59.94, -115.50
1400538632427,72.78, -60.00, -115.38
1400538632486,72.54, -59.94, -115.44
1400538632486,72.48, -60.48, -115.68
1400538632488,72.36, -60.60, -115.86
1400538632553,72.36, -60.90, -115.86
1400538632553,72.30, -61.02, -115.98
1400538632554,72.06, -61.14, -115.92
1400538632621,71.76, -61.32, -115.86
1400538632621,71.58, -61.62, -116.40
1400538632621,71.64, -61.68, -116.58
1400538632629,71.28, -61.56, -116.70
1400538632687,71.40, -61.38, -117.06
1400538632687,70.86, -61.44, -117.48
1400538632689,69.78, -61.02, -118.02
1400538632754,67.44, -60.12, -117.90
1400538632754,0.00, 0.00, 0.00
1400538632756,59.76, -56.58, -115.26
1400538632851,54.48, -54.18, -112.80
1400538632851,48.90, -51.48, -109.44
1400538632851,42.24, -48.66, -105.54
1400538632851,35.70, -45.18, -101.04
1400538632851,29.28, -42.00, -96.36
1400538632918,24.00, -39.18, -91.74
1400538632918,19.74, -37.02, -87.48
1400538632918,16.02, -34.80, -83.64
1400538632986,13.08, -33.12, -80.22
1400538632987,10.56, -31.62, -77.52
1400538632987,8.76, -30.36, -74.94
1400538632991,7.02, -29.16, -72.78
1400538633053,5.70, -28.26, -70.80
1400538633053,4.44, -27.66, -69.36
1400538633053,3.18, -26.64, -68.34
1400538633120,2.10, -26.04, -67.26
1400538633120,0.90, -25.38, -66.72
1400538633120,-0.30, -24.78, -66.30
1400538633186,-1.62, -24.18, -66.06
1400538633187,-2.64, -23.76, -65.88
1400538633187,-3.90, -23.22, -65.70
1400538633192,-5.10, -22.62, -65.64
1400538633253,-6.48, -22.20, -65.16
1400538633253,-7.86, -21.78, -65.22
1400538633253,-8.88, -21.36, -64.92
1400538633319,-10.14, -21.18, -64.50
1400538633320,-11.10, -20.82, -64.20
1400538633320,-12.24, -20.70, -63.72
1400538633387,-13.14, -20.58, -63.36
1400538633387,-13.74, -20.52, -62.88
1400538633387,-14.34, -20.52, -62.58
1400538633394,-15.00, -20.52, -61.92
1400538633454,-15.66, -20.64, -61.50
1400538633454,-16.08, -20.70, -61.02
1400538633455,-16.74, -21.12, -60.18
1400538633521,-17.22, -21.54, -59.64
1400538633521,-17.58, -22.14, -58.74
1400538633521,-18.24, -22.62, -57.72
1400538633587,-18.84, -23.16, -56.88
1400538633587,-19.44, -23.64, -56.16
1400538633587,-20.04, -24.00, -55.32
1400538633596,-20.58, -24.48, -54.42
1400538633654,-21.06, -24.78, -54.06
1400538633654,-21.36, -24.96, -53.76
1400538633656,-21.96, -24.96, -53.34
1400538633720,-22.38, -25.08, -52.86
1400538633720,-22.56, -25.20, -52.26
1400538633720,-22.68, -25.38, -51.60
1400538633787,-22.74, -25.74, -51.18
1400538633787,-22.98, -25.86, -50.64
1400538633788,-22.98, -25.68, -50.10
1400538633797,-23.34, -25.86, -49.38
1400538633854,-23.52, -26.16, -48.72
1400538633854,-23.70, -26.16, -48.12
1400538633857,-23.94, -26.22, -47.58
1400538633920,-24.06, -26.34, -46.98
1400538633920,-24.06, -26.70, -46.08
1400538633920,-24.00, -27.06, -45.36
1400538633987,-24.12, -27.54, -44.40
1400538633987,-24.24, -27.84, -43.62
1400538633988,-24.12, -27.84, -43.02
1400538634054,-24.00, -28.14, -42.36
1400538634054,-24.12, -28.20, -41.76
1400538634054,-24.30, -28.38, -41.28
1400538634059,-24.54, -28.32, -40.92
1400538634121,-24.66, -28.32, -40.74
1400538634121,-24.84, -28.50, -40.38
1400538634121,-24.96, -28.62, -39.96
1400538634243,-25.14, -28.98, -39.78
1400538634243,-25.26, -29.10, -39.36
1400538634243,-25.14, -29.34, -39.06
1400538634243,-25.08, -29.52, -38.64
1400538634244,-25.32, -29.82, -38.40
1400538634244,-25.44, -29.88, -38.04
1400538634304,-25.38, -29.88, -37.92
1400538634304,-25.26, -29.88, -37.74
1400538634304,-25.32, -29.88, -37.56
1400538634394,-25.38, -29.88, -37.38
1400538634394,-25.38, -29.82, -37.44
1400538634394,-25.32, -29.82, -37.26
1400538634394,-25.08, -29.64, -37.08
1400538634453,-25.20, -29.52, -36.90
1400538634453,-25.26, -29.58, -36.78
1400538634453,-25.56, -29.46, -36.54
1400538634462,-25.56, -29.52, -36.30
1400538634521,-25.62, -29.46, -36.24
1400538634521,-25.74, -29.52, -35.94
1400538634522,-25.74, -29.34, -35.76
1400538634643,-26.04, -29.16, -35.58
1400538634643,-25.92, -29.04, -35.34
1400538634643,-26.10, -28.92, -35.22
1400538634643,-26.16, -28.86, -35.16
1400538634643,-26.34, -28.68, -35.10
1400538634643,-26.04, -28.86, -35.10
1400538634703,-26.16, -28.86, -35.10
1400538634703,-26.28, -28.74, -35.16
1400538634703,-26.28, -28.92, -35.04
1400538634805,-26.40, -28.98, -35.04
1400538634805,-26.28, -28.98, -35.04
1400538634806,-26.04, -28.92, -34.86
1400538634806,-25.92, -29.10, -34.62
1400538634806,-26.28, -28.98, -34.44
1400538634870,-26.34, -29.04, -34.08
1400538634871,-26.34, -29.22, -33.96
1400538634871,-26.40, -29.16, -33.96
1400538634953,-26.58, -29.10, -33.84
1400538634953,-26.46, -29.10, -33.60
1400538634953,-26.88, -29.10, -33.66
1400538634954,-26.94, -29.04, -33.72
1400538634968,-27.00, -28.92, -33.66
1400538635056,-27.12, -28.62, -33.72
1400538635056,-27.36, -28.44, -33.60
1400538635056,-27.42, -28.38, -33.48
1400538635056,-27.24, -28.20, -33.48
1400538635066,-27.30, -27.84, -33.42
1400538635176,-27.36, -27.84, -33.42
1400538635176,-27.36, -27.66, -33.42
1400538635176,-27.36, -27.30, -33.60
1400538635176,-27.48, -27.18, -33.60
1400538635176,-27.36, -27.06, -33.66
1400538635237,-27.24, -26.76, -34.02
1400538635237,-27.54, -26.82, -34.14
1400538635237,-27.54, -26.94, -34.32
1400538635247,-27.30, -26.70, -34.32
1400538635305,-27.54, -26.70, -34.26
1400538635305,-27.66, -26.88, -34.20
1400538635308,-27.42, -26.70, -34.14
1400538635371,-27.42, -26.82, -34.20
1400538635371,-27.42, -26.82, -33.90
1400538635371,-27.42, -26.70, -33.72
1400538635494,-27.42, -26.70, -33.84
1400538635494,-27.48, -26.64, -33.78
1400538635494,-27.42, -26.58, -33.78
1400538635494,-27.36, -26.58, -33.54
1400538635495,-27.30, -26.64, -33.60
1400538635495,-27.54, -26.70, -33.42
1400538635555,-27.66, -26.70, -33.30
1400538635556,-27.30, -26.88, -33.18
1400538635556,-27.30, -26.76, -32.94
1400538635624,-27.42, -26.76, -32.88
1400538635624,-27.36, -26.58, -33.00
1400538635624,-27.36, -26.28, -32.88
1400538635630,-27.48, -26.34, -32.88
1400538635690,-27.30, -26.28, -32.82
1400538635690,-27.36, -26.22, -32.64
1400538635691,-27.60, -25.80, -32.70
1400538635757,-27.72, -25.92, -32.64
1400538635757,-27.54, -25.92, -32.46
1400538635757,-27.42, -26.04, -32.28
1400538635823,-27.36, -26.22, -32.40
1400538635823,-27.48, -25.98, -32.16
1400538635823,-27.42, -25.98, -32.16
1400538635831,-27.42, -26.04, -32.10
1400538635890,-27.36, -26.22, -31.92
1400538635890,-27.30, -26.10, -31.86
1400538635892,-27.36, -25.98, -31.92
1400538635958,-27.42, -25.86, -31.92
1400538635958,-27.48, -25.86, -32.04
1400538635958,-27.54, -26.16, -32.16
1400538636024,-27.72, -25.98, -32.34
1400538636024,-27.60, -26.04, -32.46
1400538636024,-27.84, -26.10, -32.76
1400538636033,-27.96, -26.04, -32.76
1400538636090,-28.02, -26.22, -32.88
1400538636090,-28.02, -26.22, -32.76
1400538636093,-27.90, -26.16, -32.58
1400538636157,-27.72, -26.10, -32.70
1400538636158,-27.66, -26.04, -32.40
1400538636158,-27.78, -25.86, -32.34
1400538636224,-27.72, -25.74, -32.16
1400538636224,-27.54, -25.80, -32.34
1400538636224,-27.30, -25.56, -32.04
1400538636290,-27.48, -25.62, -32.16
1400538636291,-27.72, -25.68, -32.16
1400538636291,-27.84, -25.50, -31.98
1400538636295,-27.90, -25.50, -32.10
1400538636357,-27.90, -25.62, -32.16
1400538636357,-27.72, -25.62, -32.10
1400538636357,-27.84, -25.62, -31.98
1400538636424,-28.08, -25.56, -32.22
1400538636424,-28.14, -25.56, -31.98
1400538636424,-27.96, -25.56, -31.92
1400538636490,-28.08, -25.80, -31.92
1400538636491,-28.26, -25.86, -31.98
1400538636491,-28.26, -25.86, -31.86
1400538636496,-28.44, -25.98, -31.62
1400538636559,-28.56, -25.80, -31.68
1400538636559,-28.50, -25.92, -31.62
1400538636559,-28.44, -26.04, -31.80
1400538636651,-28.50, -25.92, -31.74
1400538636651,-28.56, -25.92, -31.80
1400538636652,-28.38, -26.04, -31.74
1400538636652,-28.38, -26.10, -31.80
1400538636657,-28.38, -26.10, -31.98
1400538636721,-28.50, -26.22, -31.92
1400538636721,-28.50, -26.28, -31.80
1400538636722,-28.44, -26.34, -31.62
1400538636790,-28.50, -26.34, -31.62
1400538636791,-28.38, -26.22, -31.62
1400538636791,-28.38, -26.22, -31.50
1400538636798,-28.56, -26.04, -31.50
1400538636857,-28.50, -25.98, -31.44
1400538636857,-28.32, -25.92, -31.50
1400538636859,-28.38, -25.92, -31.56
1400538636924,-28.62, -25.68, -31.74
1400538636924,-28.62, -25.68, -31.68
1400538636924,-28.62, -25.80, -31.38
1400538636991,-28.56, -25.50, -31.56
1400538636992,-28.26, -25.44, -31.68
1400538636992,-28.62, -25.50, -32.10
1400538637000,-29.04, -25.56, -32.58
1400538637057,-29.64, -25.44, -33.42
1400538637057,-30.36, -25.62, -34.38
1400538637060,-31.62, -25.62, -36.18
1400538637124,-34.02, -26.22, -39.48
1400538637124,-40.92, -30.24, -49.68
1400538637125,0.00, 0.00, 0.00
1400538637191,-62.22, -38.88, -81.84
1400538637192,-72.78, -43.20, -97.92
1400538637192,-83.10, -47.58, -113.64
1400538637204,-93.30, -51.84, -129.24
1400538637301,-102.78, -56.52, -144.12
1400538637301,-111.66, -60.54, -157.68
1400538637301,-116.16, -61.74, -164.04
1400538637302,-117.48, -62.46, -163.62
1400538637302,-116.04, -61.02, -158.76
1400538637391,-107.82, -57.00, -144.84
1400538637391,-98.40, -53.22, -129.78
1400538637391,-88.74, -49.44, -114.24
1400538637391,-78.96, -45.24, -98.58
1400538637458,-68.82, -41.16, -82.44
1400538637458,-58.26, -36.60, -66.48
1400538637459,-47.28, -32.10, -51.24
1400538637463,-38.34, -29.64, -39.96
1400538637524,-36.30, -29.64, -37.86
1400538637524,-35.46, -29.58, -36.60
1400538637524,-34.74, -29.40, -36.00
1400538637591,-34.32, -29.52, -35.28
1400538637591,-33.84, -29.46, -35.22
1400538637592,-33.66, -29.40, -35.10
1400538637702,-33.66, -29.40, -34.86
1400538637702,-33.66, -29.28, -34.86
1400538637702,-33.60, -29.46, -34.62
1400538637702,-33.72, -29.28, -34.56
1400538637702,-33.60, -29.22, -34.68
1400538637704,-33.60, -28.98, -34.68
1400538637777,-33.72, -28.86, -34.62
1400538637777,-33.72, -28.74, -34.62
1400538637777,-33.42, -28.74, -34.80
1400538637785,-33.42, -28.86, -34.74
1400538637840,-33.42, -28.80, -34.92
1400538637840,-33.24, -28.86, -35.04
1400538637846,-33.36, -28.68, -34.86
1400538637907,-33.30, -28.80, -34.98
1400538637907,-33.24, -28.62, -35.10
1400538637907,-33.12, -28.80, -34.92
1400538638001,-33.12, -28.56, -34.92
1400538638001,-33.00, -28.44, -34.98
1400538638001,-33.12, -28.26, -34.98
1400538638001,-33.00, -28.26, -34.86
1400538638104,-33.00, -28.50, -34.86
1400538638104,-33.06, -28.26, -34.80
1400538638104,-33.12, -28.32, -34.62
1400538638104,-33.24, -28.20, -34.62
1400538638104,-33.48, -28.26, -34.38
1400538638107,-33.48, -28.26, -34.38
1400538638196,-33.48, -28.26, -34.32
1400538638196,-33.54, -28.14, -34.38
1400538638196,-33.54, -27.96, -34.50
1400538638196,-33.48, -27.84, -34.44
1400538638301,-33.18, -27.96, -34.62
1400538638301,-33.24, -28.20, -34.74
1400538638301,-33.24, -28.14, -34.80
1400538638302,-33.30, -28.26, -34.68
1400538638302,-33.12, -28.38, -34.80
1400538638381,-33.06, -28.38, -34.92
1400538638381,-33.06, -28.62, -34.74
1400538638381,-33.06, -28.62, -34.86
1400538638381,-33.30, -28.38, -34.68
1400538638449,-33.12, -28.14, -34.74
1400538638449,-32.94, -28.14, -34.80
1400538638449,-33.06, -27.90, -34.68
1400538638450,-33.06, -27.66, -34.62
1400538638510,-32.82, -27.54, -34.56
1400538638510,-32.76, -27.24, -34.74
1400538638510,-32.82, -27.18, -34.62
1400538638603,-32.58, -27.00, -34.56
1400538638604,-32.70, -26.52, -34.44
1400538638604,-32.76, -26.40, -34.56
1400538638604,-33.36, -26.16, -35.88
1400538638611,-35.76, -26.76, -39.06
1400538638673,-45.00, -32.10, -54.18
1400538638673,-55.32, -36.24, -70.08
1400538638673,-65.70, -40.50, -86.40
1400538638741,-76.14, -45.06, -102.48
1400538638741,-86.40, -49.80, -118.56
1400538638741,-96.78, -54.42, -134.40
1400538638752,-106.80, -59.58, -149.28
1400538638824,-114.96, -64.26, -161.88
1400538638825,-116.10, -63.48, -161.70
1400538638825,-111.66, -60.00, -152.46
1400538638833,-102.54, -56.34, -137.46
1400538638944,-92.82, -52.44, -121.86
1400538638944,-82.68, -48.30, -106.08
1400538638944,-72.48, -43.98, -90.18
1400538638945,-61.86, -39.12, -74.16
1400538638945,-51.24, -34.26, -58.26
1400538639010,-41.10, -30.24, -43.20
1400538639010,-35.16, -29.88, -36.36
1400538639011,-33.84, -29.58, -35.10
1400538639014,-33.12, -29.46, -34.50
1400538639077,-33.06, -29.34, -34.14
1400538639077,-32.88, -29.40, -33.90
1400538639077,-32.82, -29.40, -33.60
1400538639144,-32.88, -29.16, -33.60
1400538639144,-32.70, -28.92, -33.54
1400538639144,-32.94, -28.92, -33.36
1400538639250,-33.06, -29.04, -33.24
1400538639250,-33.18, -28.98, -33.18
1400538639250,-33.06, -29.28, -33.24
1400538639250,-33.18, -29.10, -33.24
1400538639250,-33.18, -29.16, -33.42
1400538639306,-33.24, -29.40, -33.36
1400538639306,-33.30, -29.58, -33.54
1400538639306,-33.00, -29.46, -33.66
1400538639316,-33.06, -29.52, -33.90
1400538639404,-32.94, -29.46, -33.96
1400538639404,-32.88, -29.28, -34.02
1400538639404,-32.82, -29.46, -34.02
1400538639404,-32.64, -29.70, -33.78
1400538639417,-32.82, -29.70, -33.90
1400538639474,-32.94, -29.76, -33.96
1400538639474,-33.06, -30.00, -34.02
1400538639477,-32.94, -29.88, -33.90
1400538639560,-33.06, -30.00, -33.72
1400538639560,-33.00, -30.06, -33.54
1400538639560,-32.94, -30.06, -33.60
1400538639560,-33.06, -29.94, -33.78
1400538639624,-32.82, -29.82, -33.72
1400538639624,-32.82, -29.70, -33.48
1400538639625,-33.00, -29.88, -33.36
1400538639691,-33.00, -30.00, -33.30
1400538639691,-33.00, -29.88, -33.30
1400538639691,-33.42, -29.94, -33.42
1400538639699,-33.42, -30.06, -33.30
1400538639794,-33.42, -30.12, -33.24
1400538639794,-33.60, -30.36, -33.06
1400538639794,-33.48, -30.48, -33.18
1400538639794,-33.24, -30.18, -32.94
1400538639800,-33.30, -30.18, -32.76
1400538639860,-33.36, -30.36, -32.76
1400538639860,-33.06, -30.60, -32.46
1400538639861,-33.06, -30.48, -32.34
1400538639927,-33.06, -30.54, -32.16
1400538639927,-32.94, -30.54, -32.04
1400538639927,-33.18, -30.54, -31.80
1400538639994,-33.30, -30.60, -31.86
1400538639995,-33.36, -30.72, -31.74
1400538639995,-33.36, -30.60, -31.56
1400538640001,-33.72, -30.24, -31.56
1400538640062,-33.90, -30.24, -31.56
1400538640062,-34.14, -30.00, -31.68
1400538640062,-34.32, -29.82, -31.44
1400538640127,-34.44, -29.70, -31.20
1400538640128,-34.68, -29.52, -31.08
1400538640128,-34.92, -29.40, -30.90
1400538640195,-35.22, -29.40, -30.90
1400538640196,-34.98, -29.58, -30.78
1400538640196,-35.04, -29.52, -30.66
1400538640203,-35.10, -29.34, -30.24
1400538640263,-35.04, -28.98, -30.24
1400538640263,-34.98, -28.68, -30.12
1400538640263,-34.92, -28.38, -30.06
1400538640340,-34.86, -27.90, -30.24
1400538640341,-35.82, -27.72, -31.62
1400538640341,-41.46, -31.32, -41.04
1400538640344,-51.60, -35.10, -56.94
1400538640466,-61.80, -39.06, -72.96
1400538640466,-72.00, -43.14, -89.16
1400538640466,-82.32, -47.34, -105.30
1400538640467,-92.52, -51.60, -121.32
1400538640467,-102.90, -56.46, -137.40
1400538640467,-112.32, -61.08, -152.16
1400538640529,-117.30, -61.98, -158.88
1400538640529,-117.42, -62.34, -157.50
1400538640530,-113.76, -59.40, -149.10
1400538640597,-105.06, -56.10, -134.46
1400538640597,-95.88, -52.38, -119.22
1400538640598,-86.28, -48.66, -103.80
1400538640663,-76.20, -44.46, -87.90
1400538640663,-65.94, -40.14, -71.58
1400538640663,-55.50, -35.82, -55.38
1400538640667,-45.36, -31.92, -40.74
1400538640729,-38.94, -31.20, -32.76
1400538640729,-37.62, -30.96, -31.14
1400538640729,-36.66, -30.78, -30.42
1400538640796,-36.30, -30.54, -29.64
1400538640796,-35.88, -30.60, -29.34
1400538640796,-35.64, -30.72, -29.34
1400538640864,-35.64, -30.72, -29.34
1400538640865,-35.58, -30.60, -29.52
1400538640865,-35.46, -30.36, -29.76
1400538640867,-35.34, -30.24, -29.70
1400538640940,-35.34, -30.30, -29.58
1400538640940,-35.16, -30.42, -29.88
1400538640940,-35.16, -30.18, -29.88
1400538640948,-35.34, -30.06, -29.82
1400538641051,-35.28, -29.82, -29.88
1400538641051,-35.22, -29.76, -29.70
1400538641051,-35.28, -29.94, -29.76
1400538641051,-35.04, -29.94, -29.70
1400538641051,-34.92, -29.82, -29.64
1400538641110,-35.04, -29.76, -29.46
1400538641110,-34.98, -29.70, -29.46
1400538641110,-34.80, -29.34, -29.46
1400538641177,-34.74, -29.10, -29.34
1400538641177,-34.68, -28.98, -29.16
1400538641177,-34.68, -28.74, -29.22
1400538641245,-35.04, -28.62, -29.46
1400538641245,-34.86, -28.56, -29.58
1400538641245,-34.68, -28.56, -29.70
1400538641250,-34.62, -28.38, -29.64
1400538641313,-34.62, -28.62, -29.64
1400538641313,-34.68, -28.92, -29.64
1400538641313,-34.86, -28.92, -29.64
1400538641439,-34.62, -29.10, -29.82
1400538641440,-34.68, -29.04, -29.70
1400538641440,-34.86, -29.10, -29.64
1400538641440,-34.86, -29.10, -29.64
1400538641440,-34.98, -29.10, -29.70
1400538641440,-34.92, -28.74, -29.64
1400538641451,-34.80, -28.44, -29.82
1400538641510,-34.74, -28.32, -29.82
1400538641510,-34.80, -28.14, -29.52
1400538641512,-34.44, -28.08, -29.46
1400538641578,-34.44, -27.90, -29.40
1400538641578,-34.56, -27.84, -29.28
1400538641579,-34.50, -27.78, -29.10
1400538641696,-34.32, -28.02, -29.16
1400538641696,-34.26, -27.90, -28.98
1400538641696,-34.26, -27.78, -28.98
1400538641696,-34.02, -27.72, -28.98
1400538641696,-33.90, -27.60, -29.10
1400538641696,-33.90, -27.42, -29.10
1400538641764,-34.44, -27.30, -29.88
1400538641765,-36.96, -27.84, -33.18
1400538641765,-46.38, -33.48, -48.12
1400538641875,-56.94, -37.74, -64.44
1400538641876,-67.50, -42.06, -80.76
1400538641876,-78.06, -46.20, -97.08
1400538641876,-89.10, -51.00, -113.70
1400538641876,-99.72, -55.80, -130.26
1400538641876,-109.98, -60.78, -145.74
1400538641949,-118.38, -65.16, -158.94
1400538641949,-119.88, -64.32, -159.48
1400538641950,-117.00, -61.92, -152.70
1400538641955,-108.12, -58.20, -138.24
1400538642019,-98.88, -54.48, -122.94
1400538642019,-88.80, -49.86, -106.98
1400538642019,-78.60, -45.42, -90.96
1400538642079,-67.98, -40.74, -74.82
1400538642080,-57.36, -36.12, -58.62
1400538642081,-46.68, -31.44, -43.14
1400538642145,-39.30, -29.88, -33.60
1400538642145,-37.74, -29.52, -31.74
1400538642145,-36.84, -29.34, -30.72
1400538642157,-36.42, -29.34, -30.00
1400538642252,-36.06, -29.34, -29.64
1400538642252,-36.06, -29.34, -29.58
1400538642252,-35.82, -29.22, -29.64
1400538642252,-35.88, -29.16, -29.52
1400538642311,-35.82, -29.16, -29.58
1400538642311,-35.94, -29.16, -29.70
1400538642312,-35.88, -28.92, -29.70
1400538642318,-35.52, -28.98, -30.00
1400538642380,-35.64, -28.86, -29.88
1400538642380,-35.58, -28.92, -29.82
1400538642380,-35.76, -28.98, -29.58
1400538642495,-35.64, -29.10, -29.70
1400538642495,-35.58, -29.04, -29.88
1400538642495,-35.58, -29.10, -29.94
1400538642495,-35.40, -29.22, -29.94
1400538642495,-35.64, -29.10, -29.82
1400538642498,-35.52, -29.22, -29.88
1400538642586,-35.34, -29.10, -30.06
1400538642586,-35.16, -28.74, -30.06
1400538642586,-35.22, -28.68, -30.06
1400538642586,-35.16, -28.38, -29.94
1400538642662,-35.22, -28.38, -29.76
1400538642663,-35.28, -28.32, -29.76
1400538642663,-35.22, -28.32, -29.70
1400538642663,-35.22, -28.08, -29.88
1400538642729,-35.22, -27.96, -29.94
1400538642729,-35.22, -28.08, -30.00
1400538642729,-35.16, -27.96, -30.00
1400538642797,-35.04, -28.26, -30.18
1400538642797,-35.04, -28.02, -30.12
1400538642797,-34.86, -27.72, -30.12
1400538642801,-34.86, -27.54, -30.18
1400538642864,-34.80, -27.36, -29.88
1400538642864,-35.16, -27.12, -30.30
1400538642864,-36.78, -27.30, -32.34
1400538642930,-41.04, -28.44, -37.92
1400538642931,-52.08, -32.64, -54.42
1400538642931,-63.00, -37.38, -71.04
1400538642997,-74.16, -42.00, -87.30
1400538642997,-85.20, -46.74, -103.62
1400538642997,-96.36, -51.72, -119.88
1400538643002,-106.08, -55.68, -133.80
1400538643064,-108.12, -54.78, -136.08
1400538643065,-104.22, -53.82, -130.80
1400538643065,-93.06, -49.56, -114.18
1400538643155,-81.78, -45.12, -97.50
1400538643155,-70.50, -40.92, -81.06
1400538643155,-59.10, -36.54, -64.62
1400538643156,-47.52, -31.98, -48.06
1400538643246,-37.32, -28.26, -33.24
1400538643247,-33.48, -29.28, -28.68
1400538643247,-32.88, -29.22, -28.08
1400538643247,-32.76, -29.52, -27.78
1400538643247,-32.94, -29.52, -27.48
1400538643313,-33.18, -29.34, -27.30
1400538643313,-33.18, -29.10, -27.24
1400538643313,-33.60, -29.16, -27.24
1400538643419,-33.48, -29.28, -27.24
1400538643419,-33.60, -29.22, -27.18
1400538643419,-33.54, -29.04, -27.18
1400538643419,-33.54, -28.68, -27.18
1400538643419,-33.54, -28.56, -27.48
1400538643480,-33.36, -28.44, -27.72
1400538643480,-33.48, -28.26, -27.72
1400538643480,-33.36, -27.96, -27.84
1400538643486,-33.36, -27.66, -27.90
1400538643547,-33.30, -27.66, -27.96
1400538643547,-33.30, -27.90, -28.08
1400538643548,-33.36, -27.90, -28.08
1400538643615,-33.30, -28.08, -28.02
1400538643615,-33.12, -28.14, -27.90
1400538643615,-33.00, -28.50, -27.90
1400538643683,-32.88, -28.80, -27.72
1400538643683,-32.70, -28.92, -27.84
1400538643683,-32.70, -28.62, -27.72
1400538643687,-32.70, -28.44, -27.66
1400538643748,-32.64, -28.50, -27.72
1400538643748,-32.46, -28.32, -27.78
1400538643748,-32.52, -28.26, -27.66
1400538643853,-32.40, -28.02, -27.66
1400538643853,-32.28, -27.90, -27.84
1400538643853,-32.34, -27.84, -27.72
1400538643853,-32.22, -27.78, -27.78
1400538643853,-32.22, -27.60, -27.72
1400538643913,-32.04, -27.48, -27.72
1400538643913,-32.22, -27.36, -27.42
1400538643913,-32.22, -27.24, -27.48
1400538643981,-32.28, -27.24, -27.66
1400538643981,-32.52, -27.18, -27.78
1400538643981,-32.64, -26.94, -27.78
1400538643990,-32.70, -27.18, -27.72
1400538644048,-32.58, -27.30, -27.78
1400538644048,-32.64, -27.42, -27.84
1400538644050,-32.46, -27.18, -28.08
1400538644115,-32.58, -27.00, -27.96
1400538644116,-32.58, -26.58, -27.78
1400538644116,-33.30, -26.46, -28.38
1400538644182,-35.22, -26.46, -30.78
1400538644182,-39.48, -27.42, -36.30
1400538644183,-50.04, -31.98, -52.50
1400538644191,-60.96, -36.36, -68.82
1400538644249,-71.76, -40.74, -85.50
1400538644249,-82.32, -45.42, -102.18
1400538644251,-93.06, -50.28, -118.62
1400538644315,-103.26, -55.14, -134.22
1400538644316,-111.18, -59.22, -146.34
1400538644316,-112.38, -58.80, -147.72
1400538644382,-103.38, -54.42, -132.78
1400538644382,-93.42, -50.40, -117.24
1400538644383,-83.10, -46.38, -101.10
1400538644448,-72.78, -42.66, -84.84
1400538644448,-62.34, -38.46, -68.52
1400538644448,-51.66, -34.14, -52.56
1400538644454,-41.88, -30.48, -38.16
1400538644515,-36.66, -30.06, -31.38
1400538644515,-35.64, -30.06, -30.18
1400538644516,-35.10, -29.88, -29.28
1400538644583,-34.92, -30.00, -28.80
1400538644583,-34.80, -29.70, -28.50
1400538644583,-34.62, -29.76, -28.44
1400538644698,-34.62, -29.64, -28.26
1400538644698,-34.74, -29.64, -28.44
1400538644698,-34.68, -29.76, -28.44
1400538644698,-34.50, -29.76, -28.44
1400538644698,-34.62, -29.64, -28.62
1400538644698,-34.56, -29.52, -28.62
1400538644778,-34.62, -29.40, -28.80
1400538644778,-34.56, -29.22, -29.10
1400538644778,-34.44, -29.22, -28.98
1400538644778,-34.20, -29.16, -29.04
1400538644848,-34.38, -28.98, -29.04
1400538644848,-34.26, -28.92, -29.16
1400538644848,-34.14, -28.80, -29.10
1400538644855,-34.14, -28.80, -29.22
1400538644915,-33.78, -28.80, -29.28
1400538644915,-33.78, -28.74, -29.10
1400538644917,-33.90, -28.80, -29.28
1400538645038,-34.08, -28.62, -29.22
1400538645038,-33.84, -28.86, -29.34
1400538645038,-33.96, -28.86, -29.46
1400538645038,-33.96, -28.98, -29.46
1400538645038,-33.84, -28.80, -29.40
1400538645038,-34.08, -28.80, -29.34
1400538645100,-34.08, -28.80, -29.22
1400538645100,-33.96, -28.56, -29.10
1400538645100,-33.96, -28.80, -29.04
1400538645166,-34.02, -28.44, -28.98
1400538645166,-33.96, -28.38, -28.74
1400538645166,-33.84, -28.44, -28.74
1400538645233,-33.96, -28.62, -28.74
1400538645233,-34.02, -28.56, -28.62
1400538645233,-33.90, -28.50, -28.86
1400538645238,-33.90, -28.56, -28.92
1400538645301,-34.02, -28.38, -29.04
1400538645301,-34.02, -28.44, -28.98
1400538645301,-34.20, -28.32, -29.10
1400538645367,-34.38, -28.26, -29.04
1400538645367,-34.26, -28.08, -29.10
1400538645367,-33.96, -28.26, -29.10
1400538645433,-34.08, -28.32, -29.04
1400538645433,-34.20, -28.08, -28.92
1400538645434,-34.08, -27.96, -28.98
1400538645440,-33.96, -28.02, -28.98
1400538645501,-33.72, -28.14, -28.98
1400538645501,-33.48, -27.96, -29.10
1400538645502,-33.30, -27.90, -28.92
1400538645601,-33.36, -27.24, -28.80
1400538645601,-33.24, -26.64, -28.86
1400538645601,-33.72, -26.28, -29.58
1400538645601,-35.28, -26.10, -31.38
1400538645601,-38.70, -26.16, -35.52
1400538645665,-46.02, -29.16, -45.42
1400538645665,-57.12, -33.48, -61.98
1400538645665,-68.22, -37.62, -78.48
1400538645732,-79.38, -42.24, -95.10
1400538645732,-90.66, -46.92, -111.42
1400538645732,-101.10, -51.96, -127.14
1400538645742,-110.70, -56.88, -141.66
1400538645800,-118.26, -61.38, -153.60
1400538645800,-121.98, -63.06, -160.08
1400538645803,-121.62, -63.00, -158.82
1400538645925,-115.98, -58.98, -148.56
1400538645926,-105.78, -55.02, -132.96
1400538645926,-94.86, -50.88, -117.06
1400538645926,-84.00, -46.50, -100.80
1400538645926,-73.02, -42.06, -84.42
1400538645926,-62.34, -37.74, -68.34
1400538645944,-51.48, -33.18, -51.84
1400538646001,-40.80, -29.28, -36.42
1400538646001,-35.52, -29.46, -29.88
1400538646004,-34.92, -29.40, -28.92
1400538646067,-34.62, -29.28, -28.44
1400538646067,-34.62, -29.40, -28.26
1400538646067,-34.38, -29.28, -27.96
1400538646134,-34.08, -29.10, -27.84
1400538646134,-34.20, -29.22, -27.72
1400538646134,-34.32, -29.10, -27.78
1400538646202,-34.38, -29.10, -27.96
1400538646202,-34.02, -28.98, -27.96
1400538646202,-33.90, -28.92, -27.96
1400538646205,-33.90, -28.92, -28.02
1400538646270,-34.02, -28.86, -28.20
1400538646270,-34.02, -28.86, -28.20
1400538646271,-33.90, -28.80, -28.50
1400538646335,-33.72, -28.74, -28.56
1400538646335,-33.96, -28.68, -28.74
1400538646335,-34.20, -28.86, -28.74
1400538646447,-34.14, -28.98, -28.80
1400538646447,-33.96, -28.98, -28.98
1400538646447,-33.78, -29.10, -28.98
1400538646447,-33.78, -28.98, -28.98
1400538646448,-33.78, -28.98, -28.92
1400538646448,-33.54, -28.86, -28.92
1400538646516,-33.24, -28.80, -28.74
1400538646516,-33.24, -28.74, -28.74
1400538646516,-33.36, -28.68, -28.80
1400538646528,-33.30, -28.62, -28.56
1400538646644,-33.42, -28.50, -28.44
1400538646644,-33.48, -28.38, -28.56
1400538646644,-33.30, -28.26, -28.44
1400538646644,-33.48, -28.14, -28.44
1400538646645,-33.66, -28.14, -28.68
1400538646648,-33.48, -27.84, -28.62
1400538646716,-33.54, -27.72, -28.44
1400538646717,-33.54, -27.48, -28.44
1400538646717,-33.42, -27.12, -28.50
1400538646784,-33.24, -27.06, -28.26
1400538646784,-33.18, -26.70, -28.38
1400538646784,-33.78, -26.64, -29.22
1400538646789,-36.54, -27.36, -32.70
1400538646853,-47.28, -31.68, -49.50
1400538646853,-58.02, -35.88, -66.06
1400538646853,-68.76, -40.26, -82.56
1400538646954,-79.80, -44.82, -99.06
1400538646954,-90.84, -49.38, -115.80
1400538646954,-101.76, -54.18, -132.12
1400538646954,-111.90, -58.74, -147.48
1400538646954,-118.02, -61.08, -156.90
1400538647018,-110.10, -56.46, -143.46
1400538647019,-99.90, -52.62, -127.98
1400538647019,-89.70, -48.60, -112.08
1400538647085,-78.96, -44.64, -96.00
1400538647085,-68.34, -40.68, -79.50
1400538647085,-57.66, -36.54, -63.18
1400538647093,-47.04, -32.58, -46.92
1400538647199,-38.10, -29.76, -34.02
1400538647199,-35.46, -30.30, -30.66
1400538647199,-34.80, -30.12, -29.64
1400538647199,-34.44, -30.36, -29.04
1400538647199,-34.32, -29.94, -28.80
1400538647304,-34.26, -29.76, -28.56
1400538647304,-34.26, -29.46, -28.32
1400538647304,-34.44, -29.40, -28.20
1400538647304,-34.32, -29.16, -28.14
1400538647304,-34.20, -29.16, -28.32
1400538647368,-34.32, -29.10, -28.32
1400538647368,-34.20, -28.92, -28.32
1400538647368,-34.26, -28.98, -28.26
1400538647373,-33.84, -28.98, -28.38
1400538647434,-33.84, -29.22, -28.68
1400538647434,-33.60, -29.10, -28.80
1400538647434,-33.66, -29.34, -28.80
1400538647500,-33.72, -29.46, -28.62
1400538647500,-33.36, -29.58, -28.62
1400538647500,-33.36, -29.64, -28.68
1400538647603,-33.18, -29.58, -28.56
1400538647603,-33.30, -29.52, -28.62
1400538647603,-33.24, -29.52, -28.50
1400538647603,-33.24, -29.40, -28.74
1400538647603,-33.24, -29.28, -28.74
1400538647669,-33.24, -29.58, -28.68
1400538647670,-33.60, -29.64, -28.80
1400538647670,-33.60, -29.52, -28.68
1400538647676,-33.60, -29.64, -28.68
1400538647735,-33.72, -29.70, -28.68
1400538647735,-33.66, -29.64, -28.56
1400538647736,-33.84, -29.76, -28.56
1400538647802,-33.60, -29.40, -28.50
1400538647802,-33.42, -28.98, -28.56
1400538647802,-33.18, -28.92, -28.44
1400538647869,-33.12, -28.80, -28.62
1400538647869,-33.24, -28.62, -28.74
1400538647869,-33.18, -28.50, -28.74
1400538647877,-33.12, -28.38, -28.80
1400538647935,-32.88, -28.26, -28.44
1400538647936,-33.00, -28.56, -28.32
1400538647938,-33.18, -28.44, -28.38
1400538648002,-33.18, -28.32, -28.32
1400538648002,-33.24, -28.14, -28.32
1400538648003,-33.06, -28.14, -28.20
1400538648070,-33.18, -28.02, -28.20
1400538648070,-33.24, -28.02, -28.08
1400538648070,-33.48, -27.78, -28.14
1400538648079,-33.42, -27.42, -28.08
1400538648136,-34.50, -27.54, -29.46
1400538648136,-39.12, -29.16, -35.22
1400538648139,-50.16, -33.78, -51.96
1400538648203,-61.32, -38.22, -68.64
1400538648203,-72.36, -42.48, -85.14
1400538648204,-83.22, -47.10, -101.94
1400538648280,-94.20, -51.84, -118.62
1400538648280,-105.24, -56.64, -135.18
1400538648280,-112.68, -59.28, -146.58
1400538648281,-111.30, -57.54, -145.20
1400538648399,-101.46, -53.28, -129.90
1400538648400,-91.26, -49.26, -114.24
1400538648400,-80.64, -45.24, -98.28
1400538648401,-70.14, -41.10, -82.02
1400538648401,-59.52, -36.90, -65.94
1400538648402,-48.90, -32.76, -49.74
1400538648472,-40.44, -30.48, -37.08
1400538648472,-37.32, -31.02, -33.00
1400538648472,-36.12, -31.14, -31.62
1400538648593,-35.40, -31.26, -30.78
1400538648593,-34.98, -31.26, -30.18
1400538648593,-34.80, -31.08, -30.06
1400538648593,-34.56, -30.96, -29.82
1400538648593,-34.62, -31.02, -29.58
1400538648593,-34.62, -30.84, -29.58
1400538648651,-34.74, -30.66, -29.34
1400538648651,-34.86, -30.60, -29.22
1400538648651,-34.98, -30.42, -29.28
1400538648662,-35.10, -30.36, -29.28
1400538648720,-35.10, -30.48, -28.98
1400538648720,-35.04, -30.54, -28.98
1400538648723,-34.92, -30.42, -29.10
1400538648834,-34.98, -30.30, -29.22
1400538648834,-34.86, -30.42, -29.34
1400538648834,-34.68, -30.30, -29.46
1400538648834,-34.50, -30.36, -29.46
1400538648834,-34.44, -30.30, -29.70
1400538648844,-34.26, -30.12, -29.76
1400538648902,-34.14, -30.18, -29.76
1400538648902,-34.02, -30.00, -29.88
1400538648904,-33.90, -30.12, -29.70
1400538649004,-33.78, -30.06, -29.70
1400538649004,-33.90, -30.12, -29.58
1400538649004,-34.20, -30.12, -29.52
1400538649004,-34.20, -30.00, -29.46
1400538649005,-34.20, -29.94, -29.46
1400538649069,-34.26, -29.76, -29.22
1400538649069,-34.38, -29.88, -29.16
1400538649069,-34.44, -29.76, -29.04
1400538649146,-34.50, -29.70, -28.86
1400538649146,-34.32, -29.70, -29.10
1400538649147,-34.02, -29.52, -29.10
1400538649147,-33.72, -29.82, -28.80
1400538649242,-33.54, -29.88, -28.92
1400538649242,-33.42, -29.76, -29.22
1400538649242,-33.36, -29.70, -29.28
1400538649242,-33.18, -29.76, -29.28
1400538649304,-33.18, -29.64, -29.22
1400538649304,-33.12, -29.46, -29.10
1400538649304,-33.18, -29.46, -29.04
1400538649307,-33.24, -29.22, -29.22
1400538649371,-33.36, -29.10, -29.10
1400538649372,-33.42, -28.98, -28.86
1400538649372,-33.42, -28.62, -28.62
1400538649437,-33.30, -28.20, -28.62
1400538649438,-33.84, -28.08, -29.40
1400538649438,-35.88, -28.14, -31.74
1400538649505,-41.28, -30.30, -38.64
1400538649506,-52.62, -34.80, -55.32
1400538649506,-63.78, -39.30, -72.00
1400538649509,-75.24, -43.98, -88.98
1400538649572,-86.58, -48.90, -105.84
1400538649572,-98.16, -54.00, -122.76
1400538649572,-108.72, -58.98, -138.78
1400538649693,-118.02, -63.78, -152.94
1400538649694,-123.54, -66.48, -162.12
1400538649694,-120.54, -64.14, -156.36
1400538649694,-111.06, -59.94, -141.48
1400538649694,-100.80, -55.86, -125.64
1400538649694,-90.06, -51.60, -109.50
1400538649753,-79.26, -47.10, -93.00
1400538649753,-68.46, -42.60, -76.74
1400538649753,-57.72, -38.10, -60.30
1400538649822,-47.16, -33.60, -44.40
1400538649822,-39.24, -31.68, -33.72
1400538649822,-37.62, -31.74, -31.92
1400538649832,-36.60, -31.50, -30.90
1400538649944,-36.24, -31.26, -30.24
1400538649944,-36.06, -31.26, -29.94
1400538649944,-36.12, -31.20, -29.52
1400538649944,-35.88, -30.96, -29.40
1400538649944,-35.70, -30.84, -29.40
1400538650002,-35.52, -30.96, -29.16
1400538650003,-35.64, -30.78, -29.28
1400538650003,-35.64, -30.84, -29.16
1400538650012,-35.52, -30.84, -29.28
1400538650069,-35.34, -30.84, -29.28
1400538650070,-35.22, -30.72, -29.34
1400538650073,-35.22, -30.90, -29.34
1400538650139,-35.22, -30.90, -29.28
1400538650139,-35.34, -30.66, -29.16
1400538650139,-35.40, -30.72, -29.16
1400538650208,-35.64, -30.60, -29.28
1400538650208,-35.64, -30.60, -29.34
1400538650208,-35.64, -30.48, -29.40
1400538650214,-35.52, -30.72, -29.46
1400538650276,-35.46, -30.84, -29.46
1400538650277,-35.58, -30.78, -29.34
1400538650277,-35.58, -30.66, -29.64
1400538650399,-35.34, -30.60, -29.76
1400538650400,-35.10, -30.54, -29.70
1400538650400,-34.98, -30.78, -29.52
1400538650400,-34.92, -30.90, -29.76
1400538650400,-35.16, -30.84, -29.82
1400538650400,-35.22, -30.48, -29.76
1400538650416,-35.10, -30.48, -29.88
1400538650505,-35.04, -30.60, -29.58
1400538650505,-35.10, -30.48, -29.58
1400538650505,-35.34, -30.54, -29.70
1400538650506,-35.28, -30.24, -30.00
1400538650573,-35.10, -30.24, -29.52
1400538650573,-35.04, -30.12, -29.52
1400538650573,-35.04, -30.18, -29.52
1400538650576,-35.04, -30.18, -29.76
1400538650637,-34.98, -30.06, -29.70
1400538650637,-35.04, -30.00, -29.64
1400538650637,-34.86, -29.64, -29.46
1400538650703,-35.10, -29.64, -29.22
1400538650704,-35.46, -29.52, -29.40
1400538650704,-35.46, -29.46, -29.40
1400538650794,-35.34, -29.40, -29.52
1400538650794,-35.22, -29.16, -29.16
1400538650795,-35.16, -29.16, -29.34
1400538650795,-34.98, -29.28, -29.16
1400538650798,-34.98, -29.34, -29.10
1400538650855,-34.80, -28.92, -28.98
1400538650856,-34.38, -28.62, -29.04
1400538650858,-34.26, -28.26, -29.22
1400538650964,-34.80, -28.26, -29.88
1400538650964,-38.04, -29.28, -33.90
1400538650964,-48.72, -33.06, -50.46
1400538650964,-59.28, -37.02, -67.20
1400538650964,-69.54, -41.34, -83.70
1400538651023,-79.98, -45.72, -100.38
1400538651024,-90.54, -50.22, -116.82
1400538651024,-101.16, -55.08, -133.08
1400538651089,-111.18, -59.70, -148.62
1400538651090,-118.56, -63.60, -161.10
1400538651090,-117.54, -63.42, -158.70
1400538651200,-111.18, -59.52, -147.42
1400538651200,-102.06, -55.80, -132.42
1400538651200,-92.16, -52.38, -116.76
1400538651200,-82.38, -48.36, -100.92
1400538651200,-72.30, -44.28, -84.90
1400538651201,-62.04, -40.08, -68.88
1400538651306,-51.78, -35.64, -52.80
1400538651306,-42.54, -32.16, -39.06
1400538651306,-38.64, -32.46, -34.14
1400538651306,-37.56, -32.46, -33.00
1400538651306,-37.14, -32.22, -32.40
1400538651374,-36.84, -32.28, -31.98
1400538651374,-36.42, -32.10, -31.74
1400538651374,-36.42, -32.10, -31.56
1400538651382,-36.48, -32.10, -31.50
1400538651439,-36.54, -32.10, -31.32
1400538651439,-36.54, -31.98, -31.20
1400538651443,-36.78, -31.86, -31.02
1400538651506,-36.84, -31.74, -30.78
1400538651506,-36.90, -31.74, -30.90
1400538651506,-37.20, -31.74, -30.66
1400538651603,-37.08, -31.56, -30.48
1400538651603,-37.02, -31.68, -30.60
1400538651603,-36.90, -31.62, -30.60
1400538651603,-36.78, -31.62, -30.72
1400538651604,-36.66, -31.50, -30.66
1400538651671,-36.54, -31.68, -30.84
1400538651671,-36.60, -31.74, -30.84
1400538651672,-36.36, -31.74, -31.14
1400538651739,-36.18, -31.62, -31.44
1400538651739,-36.36, -31.50, -31.14
1400538651739,-36.24, -31.68, -31.14
1400538651745,-36.42, -31.80, -31.02
1400538651807,-36.42, -31.92, -31.14
1400538651807,-36.48, -31.80, -30.96
1400538651807,-36.42, -31.80, -30.90
1400538651874,-36.54, -32.04, -30.84
1400538651874,-36.72, -32.40, -30.84
1400538651874,-36.48, -32.58, -30.84
1400538651940,-36.60, -32.46, -30.78
1400538651940,-36.48, -32.64, -30.72
1400538651940,-36.54, -32.76, -30.84
1400538651946,-36.72, -32.70, -30.96
1400538652008,-36.72, -32.64, -30.72
1400538652008,-36.78, -32.40, -30.54
1400538652008,-36.66, -32.16, -30.36
1400538652074,-36.84, -32.10, -30.42
1400538652074,-36.90, -32.04, -30.48
1400538652075,-37.14, -31.92, -30.48
1400538652194,-37.14, -31.92, -30.54
1400538652195,-36.90, -31.86, -30.54
1400538652195,-37.02, -31.74, -30.78
1400538652195,-37.02, -31.62, -30.90
1400538652195,-37.02, -31.44, -30.90
1400538652195,-36.84, -31.20, -30.72
1400538652258,-36.72, -30.84, -30.78
1400538652258,-37.38, -30.60, -32.10
1400538652258,-42.00, -32.40, -38.28
1400538652324,-52.32, -36.30, -54.60
1400538652325,-62.34, -40.32, -70.74
1400538652325,-72.36, -44.40, -87.12
1400538652329,-82.86, -48.54, -103.62
1400538652443,-93.12, -52.62, -120.18
1400538652444,-103.56, -57.30, -136.26
1400538652444,-112.98, -61.80, -151.38
1400538652444,-118.62, -64.32, -161.40
1400538652444,-118.08, -64.32, -159.78
1400538652449,-114.06, -61.38, -151.98
1400538652506,-105.24, -57.84, -137.10
1400538652506,-95.70, -54.06, -121.80
1400538652510,-86.04, -50.22, -106.08
1400538652572,-76.02, -46.20, -90.18
1400538652573,-66.00, -42.30, -73.98
1400538652573,-55.86, -38.10, -57.84
1400538652696,-46.20, -34.44, -43.26
1400538652696,-40.26, -33.60, -34.86
1400538652696,-39.24, -33.36, -33.42
1400538652696,-38.46, -33.36, -32.40
1400538652696,-37.98, -33.60, -31.80
1400538652696,-37.80, -33.60, -31.38
1400538652776,-37.44, -33.30, -31.08
1400538652776,-37.26, -33.24, -30.96
1400538652777,-37.32, -33.30, -30.78
1400538652777,-37.14, -33.42, -30.72
1400538652854,-36.84, -33.54, -30.48
1400538652854,-36.84, -33.42, -30.24
1400538652854,-36.66, -33.24, -30.06
1400538652854,-36.60, -33.06, -30.24
1400538652923,-36.54, -33.06, -29.94
1400538652923,-36.78, -33.18, -29.94
1400538652923,-36.72, -33.06, -30.06
1400538652933,-36.72, -33.12, -30.00
1400538652991,-36.66, -33.18, -29.88
1400538652991,-36.42, -33.36, -29.88
1400538652994,-36.42, -33.42, -30.00
1400538653057,-36.54, -33.78, -29.82
1400538653058,-36.72, -33.96, -30.00
1400538653058,-36.48, -33.90, -29.70
1400538653124,-36.48, -33.96, -29.64
1400538653124,-36.30, -33.90, -29.64
1400538653124,-36.30, -33.72, -29.82
1400538653135,-36.24, -33.66, -29.94
1400538653245,-36.24, -33.66, -29.94
1400538653245,-36.12, -33.42, -29.82
1400538653245,-36.12, -33.30, -30.06
1400538653245,-36.12, -33.30, -30.00
1400538653245,-36.12, -33.12, -29.88
1400538653307,-36.24, -33.00, -29.88
1400538653307,-36.18, -32.82, -29.82
1400538653307,-36.18, -32.76, -29.94
1400538653316,-36.24, -32.64, -29.88
1400538653373,-36.00, -32.58, -29.88
1400538653373,-36.00, -32.64, -29.76
1400538653376,-35.82, -32.58, -29.88
1400538653441,-35.64, -32.70, -30.00
1400538653442,-35.46, -32.64, -30.12
1400538653442,-35.46, -32.58, -30.18
1400538653550,-35.34, -32.34, -30.00
1400538653550,-35.28, -32.16, -30.12
1400538653550,-35.28, -32.10, -30.12
1400538653551,-34.92, -31.86, -30.06
1400538653551,-34.98, -31.62, -30.06
1400538653631,-34.98, -31.44, -29.94
1400538653631,-34.86, -31.44, -29.88
1400538653631,-34.74, -31.50, -29.82
1400538653631,-34.86, -31.38, -29.94
1400538653690,-34.74, -31.32, -29.82
1400538653690,-34.74, -31.20, -29.76
1400538653690,-34.86, -31.38, -29.82
1400538653699,-34.68, -31.20, -29.82
1400538653793,-34.68, -30.72, -29.76
1400538653793,-35.22, -30.30, -30.36
1400538653793,-36.90, -30.48, -32.76
1400538653793,-43.14, -33.96, -41.40
1400538653799,-54.24, -38.40, -58.08
1400538653858,-65.04, -42.96, -74.76
1400538653858,-75.78, -47.58, -91.50
1400538653860,-86.46, -52.62, -108.06
1400538653925,-97.26, -57.90, -124.80
1400538653925,-107.76, -63.06, -141.00
1400538653925,-117.06, -68.04, -155.58
1400538653993,-121.68, -69.96, -163.44
1400538653993,-120.84, -70.20, -161.16
1400538653993,-114.60, -65.94, -149.64
1400538654001,-105.42, -61.92, -134.28
1400538654058,-95.76, -57.78, -118.56
1400538654058,-85.80, -53.52, -102.42
1400538654061,-75.24, -49.26, -85.92
1400538654126,-64.92, -44.64, -69.24
1400538654127,-54.42, -39.84, -52.98
1400538654128,-44.70, -35.70, -38.58
1400538654193,-40.56, -35.94, -33.66
1400538654193,-39.48, -35.70, -32.28
1400538654193,-38.94, -35.52, -31.56
1400538654203,-38.52, -35.40, -31.26
1400538654260,-38.64, -35.34, -31.02
1400538654260,-38.46, -35.34, -31.02
1400538654263,-38.34, -35.40, -30.66
1400538654327,-38.46, -35.52, -30.84
1400538654327,-38.34, -35.28, -30.72
1400538654327,-38.22, -35.52, -30.90
1400538654445,-38.22, -35.58, -30.96
1400538654445,-38.22, -35.58, -30.78
1400538654445,-38.10, -35.46, -30.90
1400538654445,-38.04, -35.40, -30.84
1400538654445,-37.98, -35.22, -31.08
1400538654445,-37.62, -35.22, -31.02
1400538654508,-37.62, -35.22, -31.20
1400538654508,-37.68, -34.98, -30.72
1400538654508,-37.74, -35.16, -30.84
1400538654576,-37.50, -35.16, -30.90
1400538654576,-37.56, -35.10, -30.90
1400538654576,-37.62, -35.10, -30.66
1400538654585,-37.74, -35.28, -30.78
1400538654644,-37.80, -35.40, -30.78
1400538654644,-37.86, -35.40, -30.66
1400538654646,-37.86, -35.40, -30.90
1400538654756,-38.04, -35.10, -30.78
1400538654756,-38.16, -34.86, -31.08
1400538654756,-38.04, -34.86, -31.08
1400538654756,-38.04, -34.68, -31.26
1400538654757,-37.86, -34.38, -31.02
1400538654766,-37.92, -33.96, -31.20
1400538654827,-37.74, -33.90, -31.02
1400538654827,-37.68, -33.84, -31.02
1400538654827,-37.44, -33.84, -31.08
1400538654893,-37.32, -33.96, -30.78
1400538654893,-37.44, -33.90, -30.72
1400538654893,-37.44, -33.90, -30.72
1400538654960,-37.44, -33.90, -30.90
1400538654960,-37.50, -34.08, -30.84
1400538654960,-37.62, -34.14, -30.90
1400538654968,-37.68, -34.20, -31.02
1400538655027,-37.56, -34.14, -30.90
1400538655027,-37.56, -34.02, -30.84
1400538655028,-37.44, -34.08, -31.02
1400538655094,-37.38, -34.08, -30.96
1400538655094,-37.20, -34.20, -30.90
1400538655094,-37.08, -33.96, -30.90
1400538655160,-36.84, -33.72, -31.08
1400538655160,-36.72, -33.42, -31.08
1400538655160,-36.66, -33.06, -31.26
1400538655169,-36.78, -32.76, -31.44
1400538655227,-37.68, -32.46, -32.40
1400538655228,-40.20, -32.88, -35.82
1400538655230,-49.32, -38.58, -51.00
1400538655294,-59.82, -42.78, -67.38
1400538655294,-70.14, -46.98, -83.88
1400538655295,-80.64, -51.24, -100.26
1400538655401,-91.20, -55.98, -116.64
1400538655401,-101.46, -60.78, -132.96
1400538655401,-110.94, -65.76, -148.26
1400538655401,-118.68, -70.14, -161.10
1400538655401,-117.84, -67.08, -158.40
1400538655458,-109.20, -63.00, -144.24
1400538655459,-99.90, -59.28, -128.52
1400538655459,-89.76, -55.38, -112.62
1400538655526,-79.50, -51.42, -96.42
1400538655527,-69.42, -47.16, -80.28
1400538655527,-59.34, -42.60, -63.96
1400538655534,-49.20, -37.98, -47.76
1400538655593,-41.28, -35.52, -35.34
1400538655593,-39.54, -35.76, -33.12
1400538655593,-39.00, -35.58, -32.22
1400538655661,-38.82, -35.52, -31.56
1400538655661,-38.76, -35.46, -31.20
1400538655661,-38.58, -35.58, -30.84
1400538655754,-38.28, -35.52, -30.72
1400538655754,-38.34, -35.46, -30.60
1400538655754,-38.10, -35.52, -30.48
1400538655755,-38.16, -35.46, -30.36
1400538655755,-37.98, -35.58, -30.24
1400538655827,-37.68, -35.70, -30.36
1400538655828,-37.62, -35.52, -30.48
1400538655828,-37.62, -35.40, -30.54
1400538655834,-37.68, -35.64, -30.60
1400538655895,-37.38, -35.70, -30.72
1400538655895,-37.50, -35.58, -30.90
1400538655895,-37.44, -35.70, -31.02
1400538656010,-37.32, -35.64, -31.14
1400538656010,-37.62, -35.58, -31.26
1400538656010,-37.50, -35.64, -31.14
1400538656010,-37.50, -35.58, -31.20
1400538656010,-37.56, -35.46, -31.20
1400538656016,-37.62, -35.34, -31.26
1400538656078,-37.44, -35.58, -31.20
1400538656078,-37.44, -35.64, -31.08
1400538656078,-37.44, -35.58, -31.08
1400538656196,-37.26, -35.64, -30.90
1400538656196,-37.14, -35.34, -30.96
1400538656196,-37.20, -35.40, -30.96
1400538656196,-36.96, -35.34, -30.96
1400538656196,-36.78, -35.34, -30.72
1400538656197,-36.90, -35.10, -30.66
1400538656263,-36.72, -34.86, -30.84
1400538656263,-36.72, -34.86, -30.66
1400538656263,-36.54, -34.80, -30.66
1400538656389,-36.48, -34.86, -30.78
1400538656389,-36.54, -34.80, -30.66
1400538656389,-36.60, -34.62, -30.60
1400538656389,-36.78, -34.56, -30.48
1400538656389,-36.78, -34.56, -30.48
1400538656389,-36.90, -34.50, -30.24
1400538656398,-36.84, -34.50, -30.30
1400538656460,-36.90, -34.38, -30.36
1400538656460,-36.96, -34.38, -30.24
1400538656460,-36.72, -34.38, -30.42
1400538656536,-36.72, -34.38, -30.54
1400538656536,-36.60, -34.26, -30.84
1400538656536,-36.66, -34.14, -31.08
1400538656608,-36.48, -34.02, -31.14
1400538656608,-36.54, -33.90, -31.32
1400538656608,-36.72, -33.90, -31.38
1400538656608,-36.72, -33.96, -31.44
1400538656620,-36.84, -33.90, -31.14
1400538656679,-36.84, -33.78, -31.08
1400538656679,-36.90, -33.78, -30.96
1400538656680,-36.84, -33.66, -30.78
1400538656796,-36.90, -33.48, -30.72
1400538656796,-36.78, -33.12, -30.36
1400538656796,-36.90, -33.06, -30.36
1400538656796,-37.56, -32.64, -31.02
1400538656796,-38.64, -32.58, -32.64
1400538656801,-40.80, -33.06, -35.52
1400538656863,-47.22, -36.18, -44.28
1400538656863,-58.14, -40.92, -61.08
1400538656863,-68.94, -46.02, -77.94
1400538656929,-80.04, -50.94, -95.10
1400538656929,-90.60, -55.62, -111.72
1400538656929,-100.86, -60.84, -127.92
1400538656996,-110.70, -66.00, -143.28
1400538656996,-119.58, -70.86, -157.02
1400538656996,-124.20, -73.26, -164.94
1400538657002,-123.36, -72.78, -162.54
1400538657063,-116.10, -67.86, -149.94
1400538657063,-106.32, -63.66, -134.10
1400538657064,-96.30, -59.58, -118.26
1400538657189,-86.10, -55.20, -101.64
1400538657189,-75.60, -50.64, -85.08
1400538657190,-64.92, -45.78, -68.58
1400538657191,-54.12, -40.86, -51.96
1400538657191,-44.10, -37.02, -37.80
1400538657191,-40.80, -37.50, -33.60
1400538657203,-39.96, -37.50, -32.46
1400538657260,-39.48, -37.32, -31.62
1400538657260,-39.18, -37.08, -31.44
1400538657264,-39.00, -37.08, -31.08
1400538657328,-39.00, -37.02, -30.90
1400538657328,-38.94, -36.66, -30.72
1400538657328,-39.12, -36.78, -30.60
1400538657452,-39.24, -36.84, -30.66
1400538657452,-39.18, -36.54, -30.78
1400538657452,-39.12, -36.60, -30.90
1400538657452,-39.18, -36.72, -30.78
1400538657452,-39.24, -36.54, -30.90
1400538657452,-39.12, -36.66, -30.90
1400538657552,-39.06, -36.90, -30.90
1400538657552,-38.94, -36.84, -30.90
1400538657552,-38.76, -36.66, -31.14
1400538657552,-38.94, -36.90, -31.14
1400538657552,-38.94, -36.96, -31.20
1400538657612,-38.70, -36.72, -31.32
1400538657612,-38.76, -36.66, -31.26
1400538657612,-38.76, -36.42, -31.20
1400538657680,-38.88, -36.12, -31.26
1400538657680,-39.00, -35.94, -31.26
1400538657680,-39.00, -35.94, -30.90
1400538657687,-38.64, -35.64, -30.90
1400538657746,-38.64, -35.46, -30.78
1400538657746,-38.88, -35.40, -30.78
1400538657747,-38.70, -35.40, -30.78
1400538657813,-38.64, -35.34, -30.78
1400538657813,-38.40, -35.40, -30.78
1400538657813,-38.28, -35.40, -30.72
1400538657880,-38.10, -35.22, -30.72
1400538657880,-38.34, -35.16, -30.60
1400538657880,-38.28, -35.10, -30.60
1400538657888,-37.98, -35.04, -30.54
1400538657947,-37.98, -34.86, -30.42
1400538657947,-37.98, -34.86, -30.42
1400538657949,-38.10, -35.10, -30.48
1400538658013,-38.04, -34.80, -30.60
1400538658013,-38.04, -34.74, -30.66
1400538658013,-37.86, -34.74, -30.60
1400538658080,-38.04, -34.62, -30.66
1400538658080,-38.16, -34.50, -30.66
1400538658080,-38.40, -34.56, -30.84
1400538658147,-38.34, -34.32, -30.84
1400538658147,-38.34, -34.02, -30.90
1400538658147,-38.52, -34.26, -30.78
1400538658150,-38.70, -34.20, -30.78
1400538658214,-38.76, -34.20, -30.90
1400538658214,-38.58, -34.02, -30.72
1400538658214,-38.58, -34.20, -30.72
1400538658291,-38.40, -34.08, -30.66
1400538658291,-38.46, -34.02, -30.66
1400538658291,-38.40, -33.84, -30.60
1400538658292,-38.46, -33.72, -30.60
1400538658369,-38.22, -33.72, -30.66
1400538658369,-38.10, -33.60, -30.54
1400538658369,-38.22, -33.60, -30.48
1400538658372,-38.10, -33.24, -30.54
1400538658431,-38.10, -33.06, -30.30
1400538658431,-38.16, -33.30, -30.36
1400538658432,-38.16, -33.36, -30.30
1400538658497,-38.10, -33.42, -30.18
1400538658498,-38.28, -33.48, -30.06
1400538658498,-38.16, -33.66, -30.24
1400538658604,-38.04, -33.78, -30.30
1400538658604,-38.22, -34.02, -30.24
1400538658604,-38.16, -34.02, -30.36
1400538658604,-38.16, -33.78, -30.12
1400538658604,-38.16, -33.72, -30.24
1400538658663,-38.34, -33.54, -30.84
1400538658663,-39.00, -33.36, -31.86
1400538658663,-40.86, -33.54, -33.96
1400538658731,-44.22, -34.32, -38.22
1400538658731,-54.00, -39.96, -54.36
1400538658731,-64.68, -44.70, -71.04
1400538658735,-75.06, -49.74, -88.08
1400538658845,-85.62, -54.66, -104.52
1400538658845,-96.12, -59.58, -120.72
1400538658845,-106.08, -64.68, -136.50
1400538658845,-114.96, -69.48, -150.96
1400538658846,-122.34, -74.10, -163.44
1400538658855,-122.88, -73.56, -163.38
1400538658912,-120.48, -71.46, -157.50
1400538658912,-111.60, -67.14, -142.38
1400538658916,-102.00, -62.76, -126.72
1400538658981,-91.92, -58.44, -110.82
1400538658981,-81.72, -54.12, -94.62
1400538658981,-71.58, -49.74, -78.48
1400538659047,-61.14, -45.00, -61.98
1400538659049,-50.94, -40.38, -46.14
1400538659049,-42.84, -38.46, -35.52
1400538659057,-41.52, -38.34, -34.08
1400538659114,-40.92, -38.34, -33.48
1400538659114,-40.38, -38.28, -32.70
1400538659117,-40.26, -38.22, -32.16
1400538659181,-40.08, -38.10, -31.68
1400538659181,-40.20, -37.86, -31.56
1400538659181,-40.02, -37.74, -31.56
1400538659248,-40.20, -37.68, -31.38
1400538659248,-40.26, -37.68, -31.14
1400538659248,-40.14, -37.80, -31.02
1400538659352,-40.20, -37.98, -31.14
1400538659352,-39.90, -37.86, -31.14
1400538659352,-40.02, -37.62, -31.26
1400538659352,-40.02, -37.80, -31.20
1400538659352,-40.14, -37.80, -31.14
1400538659412,-40.02, -37.92, -31.56
1400538659412,-40.02, -37.98, -31.62
1400538659412,-40.14, -37.86, -31.56
1400538659419,-40.26, -37.92, -31.38
1400538659479,-40.50, -38.10, -31.50
1400538659479,-40.50, -38.34, -31.38
1400538659480,-40.56, -38.40, -31.38
1400538659582,-40.56, -38.46, -31.44
1400538659582,-40.80, -38.46, -31.14
1400538659582,-40.86, -38.70, -31.20
1400538659582,-41.10, -38.70, -31.32
1400538659582,-41.10, -38.52, -31.38
1400538659648,-41.22, -38.46, -31.32
1400538659648,-41.46, -38.52, -31.44
1400538659648,-41.70, -38.52, -31.68
1400538659715,-41.76, -38.58, -31.62
1400538659715,-41.94, -38.58, -31.74
1400538659715,-42.12, -38.46, -31.80
1400538659721,-42.18, -38.58, -31.74
1400538659782,-42.36, -38.64, -31.92
1400538659782,-42.60, -38.70, -32.04
1400538659782,-42.66, -38.76, -32.04
1400538659849,-42.72, -38.64, -31.98
1400538659849,-42.84, -38.70, -32.10
1400538659849,-42.78, -38.76, -32.10
1400538659915,-42.84, -38.70, -32.16
1400538659915,-42.78, -38.64, -32.28
1400538659915,-42.84, -38.64, -32.22
1400538659923,-42.60, -38.58, -32.22
1400538659981,-42.60, -38.58, -32.22
1400538659982,-42.60, -38.52, -32.28
1400538659983,-42.84, -38.64, -32.22
1400538660052,-43.14, -38.64, -32.22
1400538660052,-43.50, -38.70, -32.28
1400538660052,-43.62, -38.88, -32.16
1400538660115,-43.80, -39.18, -32.34
1400538660115,-44.22, -39.36, -32.22
1400538660116,-44.46, -39.36, -32.22
1400538660124,-44.58, -39.36, -32.16
1400538660181,-44.64, -39.42, -31.92
1400538660181,-44.64, -39.78, -31.92
1400538660185,-44.64, -39.96, -31.74
1400538660248,-44.70, -39.84, -31.86
1400538660248,-44.58, -39.72, -31.80
1400538660248,-44.34, -39.84, -32.10
1400538660313,-44.28, -40.32, -32.10
1400538660313,-44.16, -40.62, -32.22
1400538660313,-43.86, -40.74, -32.52
1400538660389,-43.68, -40.74, -32.64
1400538660390,-43.80, -40.86, -32.94
1400538660390,-43.92, -41.04, -33.06
1400538660390,-43.92, -41.22, -33.12
1400538660452,-44.04, -41.16, -33.12
1400538660452,-44.22, -41.10, -33.12
1400538660452,-44.28, -41.04, -33.18
1400538660554,-44.70, -40.98, -33.18
1400538660555,-44.88, -40.98, -33.36
1400538660555,-44.76, -40.92, -33.30
1400538660555,-44.88, -40.86, -33.42
1400538660555,-45.00, -40.98, -33.36
1400538660617,-45.06, -41.10, -33.60
1400538660617,-44.88, -41.16, -33.48
1400538660617,-44.94, -41.40, -33.72
1400538660741,-44.88, -41.46, -33.72
1400538660741,-45.06, -41.64, -33.78
1400538660741,-45.06, -41.82, -33.78
1400538660741,-44.94, -42.06, -33.90
1400538660742,-45.00, -41.88, -34.14
1400538660742,-44.82, -42.12, -34.14
1400538660749,-45.00, -42.12, -34.38
1400538660813,-45.06, -41.94, -34.38
1400538660814,-45.00, -41.94, -34.44
1400538660814,-44.70, -41.94, -34.38
1400538660880,-44.64, -41.88, -34.38
1400538660880,-44.70, -42.06, -34.20
1400538660880,-44.70, -42.24, -33.96
1400538660890,-44.88, -42.18, -33.66
1400538660983,-44.76, -42.36, -33.72
1400538660983,-44.64, -42.60, -33.42
1400538660983,-44.70, -42.90, -33.36
1400538660984,-44.82, -42.96, -33.36
1400538660991,-44.94, -43.08, -33.48
1400538661050,-44.88, -43.20, -33.54
1400538661051,-44.70, -43.38, -33.72
1400538661051,-44.52, -43.56, -33.96
1400538661153,-44.40, -43.74, -34.14
1400538661153,-44.28, -43.92, -34.62
1400538661154,-44.04, -43.80, -35.10
1400538661154,-43.98, -43.98, -35.46
1400538661154,-43.80, -43.74, -35.52
1400538661216,-43.74, -43.38, -35.88
1400538661216,-43.80, -43.38, -36.24
1400538661216,-43.86, -43.26, -36.66
1400538661283,-44.04, -43.08, -36.84
1400538661283,-44.16, -42.96, -37.08
1400538661283,-44.40, -43.32, -37.32
1400538661349,-44.64, -43.44, -37.44
1400538661349,-45.30, -43.92, -37.92
1400538661349,-45.78, -44.46, -38.16
1400538661353,-46.38, -44.76, -38.22
1400538661416,-46.86, -45.24, -38.28
1400538661416,-47.52, -45.66, -38.52
1400538661416,-48.48, -46.14, -38.52
1400538661483,-49.32, -46.20, -38.40
1400538661484,-50.10, -46.44, -38.64
1400538661484,-50.76, -46.74, -38.46
1400538661549,-51.54, -47.22, -38.70
1400538661550,-52.38, -47.76, -38.88
1400538661550,-53.28, -48.12, -39.42
1400538661555,-54.06, -48.72, -39.66
1400538661616,-54.66, -49.20, -40.08
1400538661616,-55.32, -49.92, -40.62
1400538661617,-56.10, -50.70, -40.98
1400538661683,-56.88, -51.54, -41.22
1400538661684,-57.48, -52.50, -41.40
1400538661684,-58.20, -53.34, -41.52
1400538661797,-58.98, -54.60, -41.28
1400538661798,-59.76, -55.68, -41.04
1400538661798,-60.36, -56.70, -40.92
1400538661798,-61.02, -57.54, -40.92
1400538661799,-61.50, -58.38, -41.22
1400538661799,-61.86, -59.10, -42.00
1400538661867,-62.10, -59.52, -42.78
1400538661867,-62.28, -59.76, -43.74
1400538661867,-62.46, -59.52, -45.12
1400538661878,-62.34, -59.52, -46.74
1400538661957,-62.58, -59.46, -48.48
1400538661957,-62.52, -59.46, -50.28
1400538661957,-62.34, -59.34, -51.96
1400538661958,-62.52, -59.40, -53.46
1400538662017,-62.64, -59.10, -55.14
1400538662018,-62.70, -59.16, -56.76
1400538662018,-62.88, -59.22, -58.08
1400538662084,-63.36, -59.34, -59.28
1400538662084,-63.60, -59.64, -60.36
1400538662085,-64.20, -59.76, -61.32
1400538662150,-65.10, -59.76, -62.22
1400538662150,-65.70, -59.94, -63.24
1400538662150,-66.42, -60.30, -63.90
1400538662159,-67.32, -60.90, -64.80
1400538662217,-68.10, -61.26, -65.40
1400538662217,-68.70, -61.32, -66.24
1400538662219,-69.66, -61.44, -66.66
1400538662284,-70.44, -61.68, -67.26
1400538662284,-71.16, -61.74, -67.74
1400538662284,-71.82, -61.74, -68.04
1400538662398,-72.72, -61.80, -68.64
1400538662398,-73.38, -61.44, -68.94
1400538662398,-73.98, -61.44, -69.60
1400538662398,-74.64, -61.62, -70.50
1400538662399,-74.10, -60.84, -71.04
1400538662400,-72.96, -60.30, -70.50
1400538662503,-72.00, -59.94, -70.26
1400538662503,-70.80, -59.64, -69.78
1400538662503,-69.30, -59.34, -69.00
1400538662503,-67.98, -59.16, -68.58
1400538662503,-66.84, -58.74, -67.68
1400538662568,-65.34, -58.08, -66.36
1400538662568,-64.68, -58.38, -65.82
1400538662568,-64.74, -58.62, -65.94
1400538662656,-64.50, -58.86, -66.00
1400538662656,-64.56, -58.86, -66.12
1400538662656,-64.56, -58.80, -66.30
1400538662657,-64.38, -58.50, -66.06
1400538662716,-64.20, -58.80, -66.24
1400538662716,-64.32, -59.04, -66.30
1400538662716,-64.20, -59.22, -66.18
1400538662723,-64.08, -59.16, -66.30
1400538662807,-63.96, -59.34, -66.18
1400538662808,-63.72, -59.46, -66.24
1400538662808,-63.72, -59.70, -66.30
1400538662808,-63.60, -60.06, -66.78
1400538662870,-63.24, -59.94, -67.14
1400538662870,-63.18, -60.24, -67.62
1400538662870,-63.24, -60.24, -67.74
1400538662935,-63.06, -60.48, -67.86
1400538662935,-63.18, -60.30, -68.10
1400538662935,-63.06, -60.30, -68.16
1400538663005,-62.82, -60.48, -68.10
1400538663006,-63.00, -60.48, -67.86
1400538663006,-63.00, -60.42, -67.50
1400538663006,-62.82, -60.30, -67.26
1400538663067,-62.70, -60.30, -67.56
1400538663068,-62.64, -60.30, -67.44
1400538663068,-62.52, -60.48, -67.20
1400538663197,-62.64, -60.66, -67.02
1400538663197,-62.70, -60.66, -67.08
1400538663197,-62.58, -60.78, -67.26
1400538663197,-62.76, -60.96, -67.44
1400538663198,-62.70, -61.08, -67.44
1400538663198,-62.52, -61.26, -67.20
1400538663206,-62.52, -61.38, -67.38
1400538663268,-62.40, -61.14, -67.38
1400538663268,-62.34, -61.02, -67.74
1400538663268,-62.34, -60.96, -67.98
1400538663335,-62.22, -60.72, -67.92
1400538663335,-62.16, -60.66, -67.80
1400538663335,-62.22, -60.54, -67.80
1400538663402,-62.46, -60.60, -67.86
1400538663402,-62.52, -60.54, -67.92
1400538663402,-62.52, -60.60, -67.92
1400538663408,-62.46, -60.54, -67.80
1400538663469,-62.46, -60.48, -67.56
1400538663469,-62.58, -60.42, -67.32
1400538663469,-62.76, -60.18, -67.26
1400538663556,-62.82, -60.42, -67.14
1400538663556,-62.76, -60.42, -67.14
1400538663556,-62.64, -60.36, -67.02
1400538663556,-62.70, -60.36, -67.08
1400538663650,-62.94, -60.42, -67.02
1400538663650,-62.94, -60.48, -67.20
1400538663651,-62.88, -60.36, -67.20
1400538663651,-62.64, -60.66, -67.38
1400538663651,-62.52, -60.54, -67.44
1400538663718,-62.52, -60.36, -67.62
1400538663718,-62.34, -60.36, -67.56
1400538663719,-62.16, -60.42, -67.50
1400538663835,-61.98, -60.36, -67.56
1400538663835,-61.74, -60.36, -67.38
1400538663835,-61.74, -60.42, -67.44
1400538663836,-61.80, -60.36, -67.50
1400538663836,-61.92, -60.42, -67.44
1400538663836,-61.86, -60.36, -67.32
1400538663902,-62.10, -60.48, -67.38
1400538663902,-62.34, -60.54, -67.26
1400538663903,-62.52, -60.54, -67.20
1400538663911,-62.64, -60.78, -67.38
1400538663969,-62.88, -60.90, -67.50
1400538663969,-62.94, -60.96, -67.38
1400538663972,-62.94, -61.02, -67.50
1400538664036,-63.18, -61.02, -67.56
1400538664036,-63.24, -61.14, -67.56
1400538664036,-63.06, -61.08, -67.68
1400538664102,-62.94, -61.26, -67.56
1400538664102,-62.82, -61.08, -67.38
1400538664102,-62.70, -60.96, -66.96
1400538664169,-62.64, -60.90, -66.66
1400538664170,-62.70, -60.66, -66.30
1400538664170,-62.64, -60.72, -66.12
1400538664173,-62.58, -60.36, -65.94
1400538664236,-62.58, -60.18, -65.28
1400538664236,-62.58, -59.88, -64.74
1400538664236,-62.82, -59.34, -64.08
1400538664302,-62.58, -58.98, -63.54
1400538664302,-62.46, -58.62, -63.00
1400538664302,-61.98, -58.20, -62.52
1400538664369,-61.38, -57.60, -61.92
1400538664370,-60.60, -56.94, -60.84
1400538664370,-59.58, -56.40, -60.12
1400538664375,-58.44, -55.98, -58.92
1400538664437,-57.12, -55.38, -57.66
1400538664437,-55.80, -55.14, -56.40
1400538664437,-54.60, -54.48, -54.96
1400538664555,-53.40, -53.94, -53.76
1400538664556,-52.44, -53.52, -52.32
1400538664556,-51.66, -53.40, -51.54
1400538664556,-51.36, -53.22, -50.94
1400538664556,-51.36, -52.86, -51.06
1400538664556,-51.72, -53.22, -51.36
1400538664620,-52.44, -53.58, -52.08
1400538664620,-52.80, -54.30, -52.74
1400538664620,-52.86, -55.14, -52.92
1400538664749,-52.80, -55.74, -53.04
1400538664749,-52.50, -56.40, -52.80
1400538664749,-52.08, -57.12, -52.44
1400538664749,-51.42, -58.02, -51.84
1400538664749,-50.34, -58.56, -51.78
1400538664750,-49.44, -59.04, -51.54
1400538664757,-48.84, -59.46, -51.42
1400538664820,-48.36, -59.76, -51.84
1400538664820,-48.30, -60.36, -52.56
1400538664820,-48.54, -60.78, -53.22
1400538664886,-49.02, -61.02, -54.24
1400538664886,-49.74, -61.44, -55.50
1400538664886,-50.64, -62.04, -56.16
1400538664953,-51.30, -62.88, -57.00
1400538664954,-51.78, -63.54, -58.08
1400538664954,-51.90, -63.84, -58.74
1400538664959,-51.42, -63.60, -59.10
1400538665020,-51.24, -63.60, -59.52
1400538665020,-50.94, -63.66, -59.40
1400538665020,-50.76, -63.42, -58.26
1400538665087,-50.22, -62.58, -57.24
1400538665087,-49.56, -61.62, -55.68
1400538665088,-49.08, -60.72, -54.42
1400538665199,-48.96, -60.06, -53.40
1400538665199,-47.70, -59.16, -51.48
1400538665200,-43.74, -57.42, -48.78
1400538665200,-38.52, -55.56, -47.10
1400538665200,-31.56, -53.46, -46.20
1400538665201,-23.16, -51.66, -46.62
1400538665269,-12.96, -49.68, -48.66
1400538665269,0.00, 0.00, 0.00
1400538665269,15.42, -46.02, -57.96
1400538665337,33.06, -44.82, -66.42
1400538665337,49.50, -44.52, -76.74
1400538665337,66.06, -44.16, -87.06
1400538665342,82.92, -43.86, -98.04
1400538665403,99.36, -43.86, -108.30
1400538665404,115.08, -43.74, -117.90
1400538665404,129.78, -43.44, -126.06
1400538665504,142.98, -43.32, -132.54
1400538665505,154.86, -43.38, -138.42
1400538665505,0.00, 0.00, 0.00
1400538665505,181.80, -43.68, -149.70
1400538665505,195.66, -44.10, -155.04
1400538665586,209.94, -44.34, -160.32
1400538665587,224.88, -44.70, -165.18
1400538665587,240.66, -45.18, -169.80
1400538665587,256.68, -45.60, -174.12
1400538665699,272.82, -45.96, -177.84
1400538665699,288.90, -46.32, -181.14
1400538665699,304.98, -46.86, -183.72
1400538665700,0.00, 0.00, 0.00
1400538665700,338.34, -48.00, -188.04
1400538665704,355.38, -48.54, -189.48
1400538665771,372.24, -48.96, -190.56
1400538665772,388.86, -49.74, -191.28
1400538665772,405.54, -50.52, -191.76
1400538665838,422.58, -51.00, -191.58
1400538665838,439.80, -51.24, -190.80
1400538665838,457.44, -51.24, -189.48
1400538665845,0.00, 0.00, 0.00
1400538665904,490.74, -51.54, -185.88
1400538665904,507.00, -51.84, -183.48
1400538665906,523.44, -51.84, -180.54
1400538666000,539.34, -51.84, -177.06
1400538666000,553.92, -51.96, -173.94
1400538666000,567.12, -52.32, -170.58
1400538666000,579.72, -52.86, -167.22
1400538666006,591.96, -53.28, -163.56
1400538666069,603.90, -53.76, -159.60
1400538666069,614.94, -54.18, -155.64
1400538666069,625.50, -54.54, -151.80
1400538666136,635.46, -55.08, -147.84
1400538666136,645.48, -55.50, -143.22
1400538666136,0.00, 0.00, 0.00
1400538666147,663.78, -56.22, -134.64
1400538666204,672.54, -56.52, -130.62
1400538666204,681.00, -56.76, -126.30
1400538666208,689.16, -57.18, -121.86
1400538666270,696.60, -57.66, -117.66
1400538666271,703.74, -57.96, -113.52
1400538666271,710.58, -58.02, -109.62
1400538666396,717.96, -58.14, -104.82
1400538666396,725.10, -58.32, -99.96
1400538666397,732.06, -58.62, -95.16
1400538666397,738.72, -58.86, -90.42
1400538666397,745.38, -59.04, -85.62
1400538666397,752.16, -59.04, -80.04
1400538666453,759.06, -59.22, -74.28
1400538666453,765.30, -59.70, -68.88
1400538666454,770.46, -60.06, -64.38
1400538666521,774.90, -60.48, -60.36
1400538666522,778.62, -60.66, -56.88
1400538666522,781.56, -61.14, -53.94
1400538666530,783.96, -61.20, -51.72
1400538666590,785.16, -61.56, -50.34
1400538666590,785.52, -61.62, -49.56
1400538666591,785.28, -61.86, -49.44
1400538666654,784.08, -61.92, -49.86
1400538666655,782.28, -61.92, -51.30
1400538666655,779.46, -62.04, -53.34
1400538666722,775.74, -61.86, -56.34
1400538666722,771.36, -61.92, -59.70
1400538666722,766.68, -61.92, -63.66
1400538666732,762.12, -61.50, -67.86
1400538666789,757.86, -61.44, -71.46
1400538666789,754.74, -61.26, -74.40
1400538666792,752.82, -61.20, -75.72
1400538666855,752.64, -61.08, -76.02
1400538666855,753.60, -60.84, -75.00
1400538666855,755.40, -60.78, -73.44
1400538666953,757.50, -60.48, -71.46
1400538666953,759.78, -60.72, -69.72
1400538666953,761.82, -60.48, -68.16
1400538666953,762.90, -60.60, -67.14
1400538666953,763.38, -60.60, -66.96
1400538667055,762.78, -60.48, -67.32
1400538667055,761.88, -60.78, -68.16
1400538667056,760.92, -60.72, -68.94
1400538667056,760.80, -60.78, -69.36
1400538667056,761.10, -60.78, -68.58
1400538667125,762.72, -60.66, -66.84
1400538667125,765.60, -60.54, -64.02
1400538667125,768.78, -60.66, -60.90
1400538667231,771.90, -60.96, -57.84
1400538667232,775.14, -61.14, -54.72
1400538667232,778.26, -61.56, -51.54
1400538667232,780.60, -61.74, -49.02
1400538667232,782.40, -62.04, -47.40
1400538667235,783.06, -62.52, -46.32
1400538667305,783.12, -62.88, -46.38
1400538667305,783.00, -63.06, -46.38
1400538667305,783.12, -63.00, -46.08
1400538667374,783.12, -63.06, -45.90
1400538667374,783.12, -62.82, -46.02
1400538667375,783.00, -62.76, -45.78
1400538667376,783.06, -62.76, -45.72
1400538667439,782.88, -62.76, -45.96
1400538667439,782.34, -62.58, -46.20
1400538667439,781.86, -62.40, -46.50
1400538667506,781.26, -61.80, -46.44
1400538667506,780.60, -61.08, -45.66
1400538667506,779.94, -60.18, -44.04
1400538667573,779.40, -58.98, -42.06
1400538667573,778.56, -57.42, -39.42
1400538667573,777.36, -55.32, -36.24
1400538667578,776.28, -53.34, -32.82
1400538667640,775.50, -51.24, -29.10
1400538667641,774.66, -49.68, -25.50
1400538667641,773.94, -48.12, -22.50
1400538667749,773.28, -46.98, -20.28
1400538667749,772.56, -45.96, -18.54
1400538667749,771.96, -45.24, -17.28
1400538667749,771.96, -45.06, -16.38
1400538667750,772.08, -44.94, -15.42
1400538667759,772.02, -44.70, -14.94
1400538667822,771.96, -44.58, -14.64
1400538667822,772.14, -44.76, -14.40
1400538667822,772.20, -44.82, -13.92
1400538667890,772.26, -45.12, -13.56
1400538667891,772.26, -45.36, -13.26
1400538667891,772.20, -45.42, -12.84
1400538667900,772.38, -45.60, -12.66
1400538668000,772.56, -45.90, -12.48
1400538668000,772.68, -46.08, -12.54
1400538668000,772.56, -46.14, -12.48
1400538668000,772.56, -46.08, -12.60
1400538668001,772.56, -45.96, -12.36
1400538668104,772.62, -46.14, -12.42
1400538668104,772.86, -46.50, -12.66
1400538668104,772.74, -47.46, -12.78
1400538668105,772.80, -49.32, -12.72
1400538668105,773.16, -51.78, -12.72
1400538668172,773.52, -54.66, -12.66
1400538668172,774.00, -58.32, -12.72
1400538668172,774.36, -62.70, -13.20
1400538668182,775.08, -67.68, -13.26
1400538668240,775.62, -73.08, -13.44
1400538668240,776.40, -78.24, -13.44
1400538668242,776.94, -82.62, -13.68
1400538668306,777.18, -86.52, -13.68
1400538668307,777.72, -90.30, -13.86
1400538668307,778.08, -93.18, -13.92
1400538668402,778.74, -95.28, -13.80
1400538668402,778.98, -96.60, -13.68
1400538668402,779.28, -97.62, -13.26
1400538668402,779.22, -98.10, -13.20
1400538668403,779.34, -98.34, -12.84
1400538668471,779.34, -98.58, -12.36
1400538668471,779.16, -98.28, -11.64
1400538668472,778.74, -98.10, -10.86
1400538668539,778.32, -97.80, -10.14
1400538668539,777.96, -97.74, -9.48
1400538668539,777.42, -97.44, -9.06
1400538668544,777.18, -97.20, -8.34
1400538668608,776.76, -96.96, -7.74
1400538668608,776.58, -96.78, -7.26
1400538668608,776.40, -96.72, -6.78
1400538668673,776.28, -96.48, -6.30
1400538668673,775.86, -96.60, -5.52
1400538668673,775.38, -96.12, -4.50
1400538668742,775.02, -95.64, -3.36
1400538668742,774.54, -95.16, -2.34
1400538668742,774.18, -94.92, -1.14
1400538668746,773.76, -94.44, 0.00
1400538668812,773.22, -94.08, 0.96
1400538668812,772.98, -93.96, 1.74
1400538668812,772.92, -93.48, 2.22
1400538668874,772.80, -93.36, 2.58
1400538668874,772.68, -93.24, 2.70
1400538668874,772.74, -93.00, 3.18
1400538668940,772.50, -92.88, 3.54
1400538668940,772.32, -92.82, 4.08
1400538668940,772.08, -92.58, 4.86
1400538668947,771.66, -92.52, 5.94
1400538669008,771.54, -92.58, 7.20
1400538669008,771.30, -92.70, 8.58
1400538669008,770.82, -92.82, 10.02
