1400614231973,155.19, 950.81, -1881.94
1400614231973,155.00, 950.56, -1881.81
1400614231974,155.06, 950.50, -1881.69
1400614231981,155.00, 950.31, -1881.56
1400614232043,155.00, 950.19, -1881.44
1400614232043,155.00, 950.06, -1881.12
1400614232044,155.00, 950.06, -1880.94
1400614232093,154.75, 949.94, -1880.75
1400614232094,154.94, 949.75, -1880.62
1400614232102,154.94, 949.56, -1880.38
1400614232164,155.00, 949.19, -1880.00
1400614232164,155.06, 948.94, -1879.81
1400614232164,155.19, 948.94, -1879.75
1400614232224,155.38, 948.75, -1879.75
1400614232224,155.50, 948.31, -1879.75
1400614232225,155.62, 948.31, -1879.62
1400614232292,155.69, 948.50, -1879.69
1400614232292,155.75, 948.38, -1879.62
1400614232293,155.94, 948.31, -1879.75
1400614232303,156.00, 948.38, -1879.62
1400614232354,155.88, 948.06, -1879.62
1400614232354,155.75, 947.81, -1879.19
1400614232418,155.81, 947.81, -1878.88
1400614232418,155.88, 947.44, -1878.56
1400614232418,155.69, 947.00, -1878.12
1400614232478,155.81, 947.12, -1877.81
1400614232478,155.62, 947.19, -1877.44
1400614232478,155.56, 946.94, -1877.19
1400614232484,155.69, 946.94, -1876.88
1400614232534,155.62, 947.06, -1876.75
1400614232535,155.38, 947.06, -1876.44
1400614232580,155.12, 947.31, -1876.19
1400614232581,155.06, 947.56, -1875.75
1400614232631,154.69, 947.44, -1875.44
1400614232631,154.81, 947.31, -1875.12
1400614232631,154.50, 947.31, -1874.94
1400614232681,154.38, 947.44, -1874.56
1400614232681,154.19, 947.44, -1874.56
1400614232728,154.19, 947.50, -1874.56
1400614232728,153.94, 947.25, -1874.25
1400614232728,153.88, 947.38, -1874.50
1400614232776,154.00, 947.44, -1874.75
1400614232776,153.56, 947.44, -1874.94
1400614232826,153.56, 947.44, -1874.81
1400614232826,153.25, 947.38, -1874.81
1400614232826,153.38, 947.44, -1874.81
1400614232876,153.31, 947.50, -1874.69
1400614232876,153.56, 947.62, -1875.00
1400614232924,153.44, 947.50, -1875.06
1400614232924,153.31, 947.75, -1875.06
1400614232926,153.50, 947.94, -1875.31
1400614232975,153.62, 948.25, -1875.69
1400614232975,153.88, 948.44, -1875.94
1400614233026,154.00, 948.50, -1876.00
1400614233026,153.94, 948.25, -1876.19
1400614233026,154.00, 948.31, -1876.25
1400614233110,153.94, 948.25, -1876.19
1400614233110,153.81, 948.12, -1876.19
1400614233110,153.81, 948.00, -1875.81
1400614233111,153.88, 947.81, -1875.62
1400614233174,154.00, 947.94, -1875.44
1400614233174,153.94, 947.94, -1875.38
1400614233174,153.88, 948.06, -1875.50
1400614233187,153.62, 948.25, -1875.50
1400614233236,153.94, 948.44, -1875.44
1400614233236,154.19, 948.38, -1875.50
1400614233314,154.25, 948.50, -1875.88
1400614233314,154.12, 948.44, -1876.12
1400614233314,153.94, 948.31, -1876.25
1400614233314,154.00, 948.44, -1876.50
1400614233371,153.94, 948.56, -1876.38
1400614233371,154.06, 948.50, -1876.38
1400614233371,153.94, 948.50, -1876.38
1400614233431,153.88, 948.56, -1876.38
1400614233432,153.69, 948.81, -1876.25
1400614233432,154.00, 948.75, -1876.06
1400614233513,154.19, 948.75, -1875.88
1400614233513,153.88, 948.81, -1875.81
1400614233513,154.06, 948.94, -1876.00
1400614233513,154.06, 949.06, -1876.06
1400614233581,154.31, 949.19, -1876.31
1400614233582,154.69, 949.81, -1876.69
1400614233582,155.00, 950.12, -1877.12
1400614233640,155.19, 950.88, -1877.94
1400614233640,155.31, 951.62, -1879.00
1400614233640,156.00, 952.38, -1880.12
1400614233650,156.56, 953.38, -1881.12
1400614233715,157.31, 954.44, -1882.50
1400614233715,158.00, 955.81, -1884.06
1400614233715,158.81, 956.75, -1885.38
1400614233730,159.56, 958.00, -1886.94
1400614233803,160.25, 959.25, -1888.44
1400614233803,161.12, 960.62, -1889.94
1400614233803,161.81, 962.19, -1891.62
1400614233875,162.88, 963.69, -1893.88
1400614233875,163.81, 965.56, -1896.12
1400614233875,164.69, 967.38, -1899.00
1400614233875,165.88, 969.88, -1902.62
1400614233920,167.44, 972.94, -1906.94
1400614233921,168.88, 976.44, -1912.38
1400614233978,170.75, 980.06, -1918.00
1400614233978,172.81, 984.12, -1924.50
1400614233978,174.94, 988.56, -1931.31
1400614233991,177.06, 993.12, -1938.69
1400614234035,179.38, 997.69, -1945.88
1400614234035,181.31, 1001.88, -1952.88
1400614234093,183.12, 1006.00, -1959.62
1400614234093,185.44, 1009.62, -1965.94
1400614234095,187.62, 1013.38, -1972.75
1400614234176,189.69, 1017.06, -1979.50
1400614234176,191.75, 1020.75, -1986.38
1400614234176,193.88, 1024.44, -1994.00
1400614234177,196.38, 1028.44, -2002.50
1400614234248,202.38, 1037.94, -2023.62
1400614234248,205.56, 1043.44, -2036.25
1400614234253,208.69, 1049.19, 2045.75
1400614234306,212.56, 1055.19, 2030.31
1400614234307,216.44, 1061.25, 2013.25
1400614234312,220.56, 1067.69, 1995.06
1400614234372,224.56, 1074.12, 1976.06
1400614234372,228.44, 1080.44, 1956.75
1400614234439,236.62, 1092.31, 1915.75
1400614234439,240.69, 1098.31, 1894.25
1400614234439,244.31, 1104.06, 1872.38
1400614234523,248.19, 1109.62, 1850.19
1400614234523,252.38, 1114.69, 1826.81
1400614234523,260.50, 1123.81, 1774.44
1400614234580,264.56, 1128.19, 1745.06
1400614234581,268.69, 1132.56, 1713.19
1400614234630,277.81, 1139.81, 1637.38
1400614234630,282.56, 1142.62, 1590.12
1400614234675,292.06, 1145.62, 1472.25
1400614234726,301.00, 1142.25, 1317.25
1400614234795,298.88, 1064.31, 733.75
1400614234937,94.12, 379.50, 613.69
1400614234993,133.50, 517.31, 870.62
1400614234995,70.12, 337.50, 552.38
1400614235054,40.94, 252.38, 420.62
1400614235058,-3.94, 116.38, 230.56
1400614235105,-17.31, 72.75, 177.06
1400614235105,-29.00, 30.19, 128.12
1400614235186,-37.69, -8.44, 89.75
1400614235187,-43.19, -41.00, 59.88
1400614235187,-47.62, -67.75, 33.75
1400614235187,-51.19, -84.88, 15.19
1400614235234,-54.44, -94.00, 5.31
1400614235234,-57.56, -101.31, -3.00
1400614235236,-60.19, -106.94, -8.88
1400614235280,-61.94, -111.88, -11.81
1400614235280,-62.69, -116.19, -13.19
1400614235329,-63.19, -120.12, -12.69
1400614235329,-63.38, -124.06, -8.94
1400614235413,-62.06, -127.38, -0.62
1400614235413,-60.62, -130.62, 8.69
1400614235413,-59.19, -133.81, 17.31
1400614235413,-57.38, -137.06, 25.88
1400614235466,-56.31, -140.00, 33.31
1400614235466,-55.00, -142.56, 41.44
1400614235466,-53.69, -145.56, 50.25
1400614235510,-52.31, -148.69, 58.38
1400614235510,-51.31, -151.44, 65.38
1400614235563,-50.00, -154.12, 71.88
1400614235563,-48.81, -156.38, 77.75
1400614235563,-48.12, -157.75, 81.75
1400614235610,-47.50, -158.94, 84.31
1400614235610,-47.19, -159.88, 84.44
1400614235657,-46.81, -160.00, 82.50
1400614235657,-45.62, -158.88, 79.12
1400614235660,-43.25, -157.88, 74.38
1400614235708,-40.50, -156.19, 68.94
1400614235708,-37.69, -154.06, 62.00
1400614235756,-34.12, -151.50, 53.94
1400614235756,-27.25, -149.00, 47.31
1400614235759,-18.44, -146.38, 42.62
1400614235808,-9.69, -143.62, 39.31
1400614235809,-1.12, -141.62, 37.94
1400614235853,6.94, -139.94, 38.94
1400614235853,14.56, -138.56, 41.75
1400614235932,22.19, -137.94, 46.38
1400614235932,29.25, -138.00, 52.19
1400614235932,33.19, -137.88, 56.62
1400614235932,34.31, -137.69, 59.50
1400614235941,35.69, -137.62, 61.56
1400614235989,36.69, -137.56, 63.44
1400614235989,36.81, -137.31, 64.62
1400614236031,37.12, -137.38, 65.62
1400614236032,37.12, -137.50, 66.56
1400614236081,37.06, -137.50, 67.50
1400614236081,36.94, -137.19, 68.56
1400614236081,37.00, -137.19, 69.25
1400614236133,36.75, -137.00, 70.31
1400614236133,36.38, -137.12, 71.25
1400614236210,36.00, -137.00, 71.94
1400614236210,35.69, -137.25, 72.50
1400614236211,35.50, -136.88, 73.56
1400614236211,34.81, -136.88, 75.31
1400614236270,33.75, -137.06, 76.25
1400614236270,32.69, -136.56, 76.88
1400614236270,31.12, -136.19, 77.19
1400614236281,29.31, -135.69, 77.75
1400614236332,27.56, -135.25, 78.38
1400614236332,25.88, -134.75, 79.12
1400614236380,24.25, -134.81, 79.31
1400614236380,23.00, -134.56, 79.06
1400614236430,21.69, -134.06, 79.31
1400614236430,20.25, -134.00, 79.81
1400614236430,19.38, -134.06, 80.25
1400614236477,18.81, -133.88, 80.50
1400614236477,18.56, -134.00, 80.69
1400614236482,18.06, -134.00, 80.94
1400614236527,17.62, -133.56, 81.75
1400614236527,17.19, -133.44, 81.81
1400614236576,17.06, -133.44, 81.75
1400614236576,16.94, -133.56, 81.44
1400614236626,17.06, -133.44, 81.38
1400614236626,17.19, -133.44, 81.19
1400614236626,16.94, -133.31, 81.38
1400614236674,16.75, -133.25, 81.19
1400614236674,16.69, -133.06, 80.62
1400614236725,16.00, -132.75, 80.81
1400614236725,14.81, -132.38, 80.75
1400614236727,13.19, -131.81, 81.38
1400614236774,10.38, -131.38, 81.50
1400614236774,6.12, -130.94, 82.12
1400614236823,0.06, -130.50, 82.06
1400614236823,-7.06, -130.00, 82.31
1400614236825,-15.06, -129.62, 82.56
1400614236872,-22.31, -129.19, 82.88
1400614236872,-28.88, -128.56, 83.38
1400614236920,-34.94, -128.00, 83.38
1400614236920,-40.25, -127.62, 83.50
1400614236924,-44.06, -127.38, 83.19
1400614236970,-45.94, -126.94, 83.44
1400614236971,-46.94, -126.50, 83.88
1400614237017,-47.12, -126.56, 84.25
1400614237018,-47.50, -126.88, 84.44
1400614237068,-48.12, -127.69, 84.56
1400614237068,-48.50, -128.94, 84.44
1400614237068,-48.69, -130.00, 84.25
1400614237115,-49.06, -131.06, 84.38
1400614237115,-49.38, -132.31, 84.38
1400614237168,-49.69, -133.62, 84.44
1400614237168,-50.06, -134.62, 84.19
1400614237168,-50.25, -135.50, 83.94
1400614237215,-50.56, -136.19, 84.25
1400614237215,-50.69, -136.44, 84.69
1400614237265,-50.88, -136.75, 85.31
1400614237265,-50.94, -137.06, 85.62
1400614237267,-51.12, -137.56, 86.19
1400614237323,-51.12, -138.06, 86.50
1400614237323,-51.44, -138.69, 86.81
1400614237326,-51.56, -138.94, 87.25
1400614237392,-51.69, -139.19, 87.38
1400614237393,-52.00, -139.75, 87.69
1400614237393,-52.31, -140.31, 88.00
1400614237447,-52.62, -140.88, 88.12
1400614237447,-52.81, -141.06, 87.88
1400614237447,-52.81, -141.44, 87.38
1400614237489,-52.38, -141.50, 87.12
1400614237490,-52.25, -142.06, 86.44
1400614237539,-52.12, -142.62, 85.62
1400614237539,-52.00, -143.38, 84.69
1400614237587,-51.62, -144.12, 83.56
1400614237587,-51.00, -145.00, 82.56
1400614237588,-50.56, -146.38, 81.81
1400614237639,-49.94, -147.62, 81.12
1400614237639,-49.62, -149.19, 80.19
1400614237688,-49.06, -150.69, 79.00
1400614237688,-48.56, -152.31, 77.56
1400614237688,-48.19, -153.31, 75.81
1400614237736,-47.81, -154.50, 74.31
1400614237736,-48.00, -155.62, 72.69
1400614237787,-48.25, -156.38, 70.62
1400614237787,-48.81, -156.62, 68.56
1400614237789,-49.25, -156.69, 66.56
1400614237836,-49.56, -156.38, 64.81
1400614237836,-50.12, -156.12, 63.62
1400614237885,-50.62, -155.75, 62.69
1400614237885,-51.31, -154.88, 61.38
1400614237888,-52.00, -153.75, 60.38
1400614237936,-52.69, -152.38, 59.88
1400614237936,-53.69, -151.19, 59.31
1400614237983,-55.31, -149.94, 59.50
1400614237983,-58.00, -148.62, 59.81
1400614238032,-60.31, -147.00, 60.38
1400614238032,-62.69, -145.94, 61.06
1400614238032,-64.94, -145.12, 62.06
1400614238082,-67.12, -144.62, 63.06
1400614238082,-69.06, -144.44, 63.94
1400614238131,-70.56, -144.19, 65.31
1400614238131,-71.62, -144.06, 65.88
1400614238131,-71.88, -144.31, 66.25
1400614238182,-72.19, -144.50, 66.69
1400614238182,-72.50, -144.75, 66.75
1400614238232,-72.62, -145.00, 67.19
1400614238232,-72.75, -145.06, 67.62
1400614238232,-72.94, -145.00, 68.06
1400614238280,-73.06, -145.12, 68.56
1400614238280,-73.19, -145.12, 69.50
1400614238327,-73.31, -145.00, 70.25
1400614238328,-73.44, -144.81, 71.12
1400614238330,-73.38, -144.62, 72.25
1400614238377,-73.69, -144.38, 72.94
1400614238377,-73.50, -143.81, 73.62
1400614238427,-73.44, -143.50, 74.06
1400614238427,-73.56, -143.38, 74.69
1400614238476,-73.50, -143.12, 75.19
1400614238476,-73.44, -143.00, 75.94
1400614238476,-73.56, -142.88, 76.56
1400614238525,-73.50, -142.38, 77.19
1400614238525,-73.19, -141.88, 78.31
1400614238577,-73.38, -141.94, 79.38
1400614238577,-73.31, -141.38, 80.81
1400614238577,-73.31, -141.06, 81.69
1400614238622,-73.38, -141.19, 82.62
1400614238622,-73.44, -140.81, 83.56
1400614238674,-73.38, -140.81, 84.56
1400614238674,-73.44, -141.00, 85.75
1400614238722,-73.88, -141.00, 86.75
1400614238722,-73.81, -141.12, 87.62
1400614238722,-74.00, -141.50, 88.69
1400614238770,-73.94, -141.56, 89.75
1400614238770,-73.94, -141.44, 91.00
1400614238772,-74.06, -141.88, 92.12
1400614238821,-74.19, -142.12, 93.19
1400614238821,-74.38, -142.38, 94.38
1400614238869,-74.19, -143.00, 95.38
1400614238870,-74.31, -143.50, 96.31
1400614238918,-74.44, -144.06, 97.19
1400614238918,-74.62, -144.88, 98.00
1400614238918,-74.75, -145.56, 98.94
1400614238966,-74.88, -146.12, 100.25
1400614238966,-74.88, -146.88, 101.25
1400614239016,-74.94, -147.56, 101.94
1400614239016,-75.00, -148.25, 102.75
1400614239016,-75.12, -148.75, 103.81
1400614239065,-75.19, -149.44, 104.69
1400614239065,-75.25, -149.81, 105.69
1400614239113,-75.12, -150.44, 106.44
1400614239113,-75.12, -151.12, 107.00
1400614239115,-75.12, -151.62, 107.69
1400614239164,-74.81, -152.00, 108.69
1400614239164,-74.69, -152.44, 109.31
1400614239213,-74.50, -152.75, 110.06
1400614239213,-74.25, -153.00, 110.44
1400614239214,-74.06, -153.31, 110.69
1400614239262,-73.94, -153.50, 111.19
1400614239262,-73.81, -153.62, 111.19
1400614239310,-73.81, -153.88, 111.50
1400614239310,-73.88, -154.00, 111.62
1400614239361,-73.94, -154.06, 111.69
1400614239361,-74.19, -154.19, 111.56
1400614239361,-74.25, -154.00, 111.62
1400614239408,-74.12, -154.00, 111.81
1400614239408,-74.50, -154.06, 111.62
1400614239460,-74.56, -154.12, 111.44
1400614239460,-74.44, -153.88, 111.00
1400614239460,-74.44, -153.44, 110.62
1400614239534,-74.31, -153.12, 110.50
1400614239534,-74.38, -152.88, 109.88
1400614239534,-74.44, -152.88, 109.44
1400614239540,-17.12, 19.75, 24.38
1400614239591,-17.06, 20.44, 23.56
1400614239591,-17.06, 21.00, 23.00
1400614239633,-17.06, 21.56, 22.31
1400614239633,-17.44, 21.75, 21.50
1400614239637,-17.62, 22.25, 20.44
1400614239684,-17.56, 22.75, 19.69
1400614239684,-17.88, 23.25, 18.56
1400614239733,-18.12, 23.75, 17.75
1400614239733,-18.25, 23.88, 16.75
1400614239736,-18.44, 24.12, 15.62
1400614239782,-18.81, 24.25, 14.44
1400614239782,-18.75, 24.69, 13.06
1400614239832,-18.81, 25.06, 11.75
1400614239832,-19.19, 25.25, 10.25
1400614239838,-19.06, 25.56, 9.19
1400614239880,-19.06, 25.56, 7.88
1400614239880,-18.94, 26.06, 6.75
1400614239930,-19.06, 26.56, 5.62
1400614239930,-18.94, 26.62, 4.62
1400614239978,-18.94, 26.50, 3.50
1400614239978,-19.06, 26.69, 2.44
1400614239978,-18.94, 27.00, 1.62
1400614240029,-19.06, 27.31, 0.31
1400614240030,-18.81, 27.50, -0.75
1400614240076,-18.94, 27.44, -1.88
1400614240077,-19.06, 27.19, -3.25
1400614240079,-19.25, 27.12, -4.19
1400614240128,-19.19, 27.06, -5.25
1400614240128,-19.19, 26.38, -6.31
1400614240205,-19.19, 25.75, -7.31
1400614240205,-19.19, 25.12, -8.19
1400614240206,-19.44, 24.62, -8.81
1400614240206,-19.44, 24.06, -9.62
1400614240260,-19.25, 23.56, -10.00
1400614240260,-19.25, 23.38, -10.75
1400614240261,-19.19, 23.00, -11.06
1400614240307,-19.25, 22.88, -11.31
1400614240307,-19.19, 22.81, -11.62
1400614240357,-19.12, 22.69, -11.62
1400614240357,-19.25, 22.75, -11.94
1400614240361,-19.12, 22.81, -12.06
1400614240407,-19.12, 23.00, -11.94
1400614240407,-18.94, 22.88, -11.56
1400614240455,-19.19, 23.44, -11.38
1400614240455,-19.06, 23.69, -11.12
1400614240460,-18.94, 24.00, -10.56
1400614240515,-19.00, 24.19, -10.00
1400614240515,-18.88, 24.56, -9.19
1400614240522,-18.94, 25.12, -8.25
1400614240572,-19.06, 25.69, -7.50
1400614240572,-19.00, 26.44, -6.56
1400614240623,-18.75, 26.88, -5.38
1400614240623,-18.62, 27.50, -4.19
1400614240624,-18.56, 28.19, -2.88
1400614240670,-18.44, 28.81, -1.50
1400614240670,-18.12, 29.44, 0.00
1400614240717,-17.81, 29.75, 1.38
1400614240717,-17.56, 30.00, 3.25
1400614240723,-17.31, 30.06, 4.81
1400614240766,-17.06, 30.00, 6.25
1400614240766,-16.81, 29.81, 7.81
1400614240817,-16.69, 29.50, 9.31
1400614240817,-16.38, 29.06, 10.69
1400614240821,-16.12, 28.50, 12.31
1400614240866,-16.06, 28.12, 14.06
1400614240866,-16.00, 27.31, 15.19
1400614240915,-15.94, 26.56, 16.88
1400614240915,-15.81, 25.94, 18.31
1400614240965,-15.69, 25.31, 19.81
1400614240965,-15.50, 24.69, 21.69
1400614240965,-15.44, 24.19, 23.06
1400614241013,-15.31, 23.38, 24.12
1400614241013,-15.06, 22.25, 25.25
1400614241064,-14.88, 21.31, 26.56
1400614241064,-14.75, 20.75, 27.69
1400614241064,-14.69, 19.88, 28.81
1400614241112,-14.69, 18.88, 29.81
1400614241112,-14.62, 18.00, 30.44
1400614241160,-14.50, 17.31, 31.25
1400614241161,-14.44, 16.50, 32.06
1400614241165,-14.50, 16.12, 32.56
1400614241211,-14.56, 15.75, 32.88
1400614241212,-14.44, 15.31, 32.94
1400614241260,-14.62, 15.00, 32.94
1400614241261,-14.69, 14.81, 32.94
1400614241308,-14.88, 14.69, 32.62
1400614241308,-15.06, 14.62, 32.38
1400614241308,-15.31, 14.94, 31.94
1400614241356,-15.44, 15.38, 31.69
1400614241356,-15.50, 15.69, 31.44
1400614241406,-15.88, 16.12, 30.94
1400614241406,-16.00, 16.62, 30.56
1400614241410,-16.00, 17.50, 29.94
1400614241456,-16.06, 18.19, 29.12
1400614241456,-15.94, 19.06, 28.50
1400614241508,-15.81, 19.88, 27.81
1400614241508,-15.88, 20.62, 27.00
1400614241508,-15.75, 21.75, 26.00
1400614241571,-15.44, 22.69, 25.06
1400614241571,-15.19, 23.62, 24.00
1400614241571,-15.12, 24.38, 22.81
1400614241648,-14.94, 25.38, 21.81
1400614241648,-14.88, 26.06, 21.00
1400614241648,-14.62, 26.81, 19.56
1400614241648,-14.56, 27.31, 17.94
1400614241702,-14.81, 28.06, 16.69
1400614241703,-14.69, 28.75, 15.38
1400614241706,-14.81, 29.38, 13.94
1400614241746,-14.75, 30.00, 12.88
1400614241746,-14.88, 30.31, 11.44
1400614241795,-14.94, 30.81, 9.69
1400614241795,-15.25, 31.25, 8.38
1400614241846,-15.12, 31.56, 7.06
1400614241846,-15.00, 31.75, 5.44
1400614241848,-15.00, 31.81, 3.88
1400614241893,-14.69, 31.88, 2.44
1400614241893,-14.69, 31.94, 0.94
1400614241948,-14.62, 31.94, -0.50
1400614241948,-14.50, 31.94, -1.62
1400614241948,-14.25, 31.56, -2.75
1400614241995,-14.19, 31.56, -3.50
1400614241995,-14.12, 31.31, -3.94
1400614242044,-14.31, 31.19, -4.25
1400614242044,-14.56, 31.00, -4.56
1400614242049,-14.62, 30.75, -4.62
1400614242093,-14.75, 30.81, -4.50
1400614242093,-15.19, 30.62, -4.38
1400614242144,-15.31, 30.56, -3.81
1400614242144,-15.56, 30.44, -3.19
1400614242148,-15.94, 30.25, -2.44
1400614242192,-16.38, 29.94, -1.94
1400614242192,-16.81, 29.56, -1.12
1400614242240,-17.06, 29.31, -0.25
1400614242240,-17.62, 29.00, 1.25
1400614242290,-17.88, 28.62, 2.75
1400614242290,-18.19, 28.31, 4.00
1400614242293,-18.75, 27.69, 5.12
1400614242340,-19.19, 27.25, 6.31
1400614242340,-19.38, 26.56, 7.62
1400614242389,-19.44, 26.19, 9.12
1400614242389,-20.00, 25.50, 10.38
1400614242389,-20.06, 24.75, 11.38
1400614242438,-20.25, 24.06, 12.19
1400614242438,-20.56, 23.25, 13.12
1400614242487,-20.69, 22.62, 13.94
1400614242487,-20.50, 22.00, 14.62
1400614242491,-20.88, 21.50, 15.25
1400614242542,-20.88, 21.12, 15.50
1400614242542,-20.81, 20.75, 16.00
1400614242549,-20.94, 20.38, 16.06
1400614242602,-21.00, 20.19, 16.25
1400614242602,-20.94, 20.19, 16.25
1400614242654,-20.88, 20.31, 16.19
1400614242654,-20.88, 20.50, 16.00
1400614242654,-20.62, 20.81, 15.81
1400614242722,-20.81, 20.75, 15.44
1400614242722,-20.81, 21.19, 15.38
1400614242722,-20.69, 21.44, 15.00
1400614242732,-20.62, 21.94, 14.50
1400614242787,-20.56, 22.06, 13.88
1400614242787,-20.38, 22.50, 13.19
1400614242790,-20.50, 23.00, 12.38
1400614242845,-20.44, 23.56, 11.56
1400614242846,-20.31, 24.25, 10.81
1400614242895,-20.19, 24.69, 9.44
1400614242895,-19.94, 25.38, 8.44
1400614242897,-19.38, 26.06, 7.25
1400614242944,-18.94, 27.12, 6.12
1400614242944,-18.62, 27.88, 4.88
1400614242994,-18.06, 28.62, 3.38
1400614242994,-17.62, 29.31, 2.00
1400614242995,-16.75, 30.12, 0.31
1400614243044,-16.00, 30.88, -1.25
1400614243045,-15.44, 31.44, -3.00
1400614243095,-14.81, 31.88, -4.69
1400614243095,-13.88, 32.31, -6.44
1400614243095,-12.75, 32.75, -8.25
1400614243142,-11.69, 33.06, -9.94
1400614243142,-16.44, 29.94, -12.69
1400614243194,-17.06, 28.69, -14.75
1400614243194,-15.81, 28.56, -16.38
1400614243194,-14.31, 28.50, -17.88
1400614243241,-13.31, 28.44, -19.12
1400614243241,-12.31, 28.06, -20.12
1400614243291,-11.44, 27.88, -21.12
1400614243291,-10.44, 27.50, -21.81
1400614243340,-10.00, 27.06, -22.25
1400614243340,-9.88, 26.94, -22.31
1400614243340,-9.81, 26.88, -22.44
1400614243387,-9.94, 26.81, -22.38
1400614243387,-10.25, 26.62, -22.31
1400614243437,-11.25, 26.69, -22.12
1400614243437,-12.12, 26.31, -21.50
1400614243437,-13.00, 26.31, -20.88
1400614243485,-14.06, 26.56, -19.94
1400614243486,-15.06, 26.38, -19.00
1400614243537,-16.19, 26.31, -17.88
1400614243537,-17.44, 26.38, -16.69
1400614243537,-18.50, 26.31, -15.19
1400614243584,-19.38, 26.31, -13.62
1400614243584,-20.25, 26.50, -12.25
1400614243637,-21.31, 26.44, -10.88
1400614243637,-22.06, 25.94, -9.44
1400614243637,-23.00, 25.50, -7.81
1400614243683,-23.75, 25.50, -5.81
1400614243683,-24.38, 25.25, -4.06
1400614243739,-24.94, 25.06, -2.25
1400614243739,-25.62, 24.56, -0.62
1400614243739,-26.12, 24.06, 0.69
1400614243799,-26.31, 23.31, 2.38
1400614243799,-26.81, 22.81, 3.62
1400614243799,-27.00, 22.38, 4.44
1400614243845,-27.25, 21.38, 5.44
1400614243845,-27.69, 20.44, 6.12
1400614243896,-27.94, 19.62, 6.38
1400614243897,-28.12, 19.06, 6.81
1400614243898,-28.44, 18.56, 7.31
1400614243943,-29.00, 18.31, 7.44
1400614243943,-29.19, 17.81, 7.62
1400614243996,-29.25, 17.62, 7.88
1400614243996,-29.44, 17.62, 7.56
1400614243996,-29.31, 17.81, 7.50
1400614244043,-29.12, 18.00, 7.12
1400614244044,-28.88, 18.44, 6.94
1400614244112,-28.56, 18.75, 6.50
1400614244112,-28.25, 19.25, 6.12
1400614244112,-28.25, 19.94, 5.75
1400614244117,-28.25, 20.25, 5.25
1400614244172,-28.00, 20.81, 4.56
1400614244173,-27.81, 21.38, 3.62
1400614244222,-27.69, 21.94, 3.06
1400614244222,-27.38, 22.44, 2.00
1400614244222,-27.06, 23.12, 1.25
1400614244271,-26.62, 23.69, 0.25
1400614244271,-26.25, 24.25, -0.94
1400614244322,-25.50, 24.94, -2.12
1400614244322,-25.00, 25.25, -3.31
1400614244322,-24.50, 25.56, -4.19
1400614244370,-24.12, 25.81, -5.25
1400614244370,-23.88, 26.12, -6.12
1400614244417,-23.50, 26.31, -7.12
1400614244418,-23.06, 26.62, -7.88
1400614244420,-22.50, 26.69, -8.19
1400614244467,-22.31, 27.06, -8.69
1400614244467,-22.06, 27.50, -8.81
1400614244524,-21.94, 27.75, -9.12
1400614244524,-21.50, 28.31, -9.25
1400614244524,-21.19, 28.44, -9.31
1400614244614,-21.12, 28.81, -8.94
1400614244615,-21.06, 29.00, -8.38
1400614244615,-20.88, 29.06, -7.94
1400614244615,-20.94, 29.62, -7.25
1400614244669,-20.88, 29.75, -6.44
1400614244669,-20.69, 29.94, -5.56
1400614244669,-20.81, 30.00, -4.50
1400614244679,-20.88, 30.50, -3.12
1400614244727,-20.62, 30.56, -2.06
1400614244728,-20.62, 30.75, -1.06
1400614244780,-20.56, 31.00, 0.06
1400614244780,-20.38, 30.81, 1.38
1400614244782,-20.12, 30.88, 2.50
1400614244830,-19.75, 30.75, 4.00
1400614244830,-19.25, 30.69, 5.38
1400614244878,-18.88, 30.12, 6.56
1400614244878,-18.75, 29.94, 8.31
1400614244880,-18.56, 29.62, 9.62
1400614244926,-18.44, 29.56, 11.06
1400614244926,-18.38, 29.12, 12.50
1400614244975,-18.50, 28.81, 14.25
1400614244976,-18.38, 28.69, 15.75
1400614245027,-18.50, 28.06, 17.00
1400614245027,-18.38, 27.81, 18.44
1400614245028,-18.25, 27.25, 19.62
1400614245074,-18.06, 26.75, 21.00
1400614245074,-17.81, 26.31, 22.38
1400614245125,-17.56, 25.62, 23.56
1400614245125,-17.38, 25.19, 24.44
1400614245125,-17.56, 24.56, 25.25
1400614245174,-17.50, 24.06, 26.31
1400614245174,-17.62, 23.62, 27.31
1400614245224,-18.00, 23.06, 27.94
1400614245224,-18.06, 22.44, 28.38
1400614245224,-18.31, 21.81, 28.56
1400614245271,-18.56, 21.50, 28.69
1400614245272,-18.69, 20.75, 28.69
1400614245320,-18.88, 20.44, 28.69
1400614245320,-19.12, 20.31, 28.50
1400614245322,-19.25, 20.19, 28.19
1400614245370,-19.12, 20.19, 27.75
1400614245370,-19.44, 20.38, 27.38
1400614245416,-19.62, 20.75, 26.94
1400614245416,-19.69, 20.94, 26.50
1400614245466,-19.75, 21.62, 26.00
1400614245466,-19.75, 22.00, 25.44
1400614245466,-19.62, 22.62, 24.81
1400614245515,-19.69, 23.12, 24.00
1400614245515,-19.69, 23.50, 23.19
1400614245566,-19.56, 23.94, 22.44
1400614245566,-19.44, 24.50, 21.50
1400614245566,-19.50, 25.19, 20.50
1400614245613,-19.44, 25.56, 19.00
1400614245613,-19.44, 26.06, 17.50
1400614245664,-19.62, 26.50, 16.06
1400614245664,-19.75, 26.69, 14.56
1400614245665,-19.94, 27.25, 12.94
1400614245734,-20.06, 27.44, 11.31
1400614245734,-20.25, 27.38, 9.50
1400614245734,-20.44, 27.38, 7.81
1400614245746,-20.75, 27.31, 6.56
1400614245796,-20.94, 27.25, 5.00
1400614245796,-21.19, 27.06, 3.44
1400614245840,-21.38, 27.06, 1.88
1400614245840,-21.44, 26.81, 0.69
1400614245845,-21.94, 26.94, -0.50
1400614245890,-22.00, 26.94, -1.62
1400614245890,-22.12, 26.94, -2.88
1400614245940,-22.19, 26.94, -4.44
1400614245940,-22.31, 26.62, -5.50
1400614245989,-22.50, 26.50, -6.75
1400614245989,-22.44, 26.44, -8.19
1400614245989,-22.62, 26.50, -9.75
1400614246037,-22.81, 26.31, -11.25
1400614246037,-22.81, 26.25, -12.38
1400614246090,-22.88, 26.25, -13.69
1400614246090,-22.75, 26.50, -14.44
1400614246090,-22.56, 26.81, -15.62
1400614246137,-22.38, 27.00, -16.62
1400614246137,-22.38, 27.25, -17.56
1400614246187,-22.00, 27.56, -18.50
1400614246187,-21.56, 28.00, -19.38
1400614246188,-21.44, 28.44, -20.56
1400614246237,-21.19, 28.62, -21.50
1400614246237,-21.06, 28.75, -22.50
1400614246285,-20.62, 29.38, -23.44
1400614246285,-20.44, 30.06, -24.06
1400614246287,-20.06, 30.44, -24.94
1400614246336,-20.31, 31.88, -26.50
1400614246336,-20.81, 33.25, -28.31
1400614246384,-21.69, 35.06, -30.00
1400614246384,-22.31, 36.81, -31.56
1400614246434,-23.06, 39.19, -32.81
1400614246434,-24.38, 41.38, -33.25
1400614246434,-26.06, 44.12, -33.62
1400614246481,-28.25, 47.62, -33.44
1400614246481,-30.50, 50.38, -32.75
1400614246532,-32.69, 53.50, -32.38
1400614246532,-35.12, 56.38, -32.38
1400614246532,-37.69, 59.38, -32.31
1400614246581,-40.56, 61.75, -32.69
1400614246581,-43.12, 64.31, -33.69
1400614246630,-45.25, 65.88, -34.44
1400614246630,-47.00, 67.31, -35.81
1400614246631,-48.25, 68.44, -36.94
1400614246677,-49.62, 69.38, -38.00
1400614246677,-51.00, 70.19, -38.81
1400614246726,-52.56, 71.19, -39.88
1400614246726,-53.81, 72.31, -41.00
1400614246806,-53.75, 72.25, -39.81
1400614246807,-53.69, 72.75, -39.56
1400614246807,-54.12, 72.94, -38.56
1400614246807,-54.62, 72.88, -37.62
1400614246809,-54.62, 72.81, -36.06
1400614246861,-54.50, 72.25, -34.00
1400614246862,-54.06, 71.62, -31.81
1400614246904,-53.81, 70.75, -29.69
1400614246904,-55.12, 70.75, -30.31
1400614246911,-56.12, 70.38, -30.31
1400614246956,-56.88, 70.12, -30.50
1400614246956,-57.69, 70.06, -31.19
1400614247002,-58.75, 69.81, -32.25
1400614247002,-59.62, 69.88, -33.38
1400614247010,-60.62, 69.81, -34.19
1400614247052,-61.69, 69.62, -34.62
1400614247052,-62.44, 69.38, -34.56
1400614247101,-63.31, 69.12, -34.38
1400614247102,-64.06, 68.62, -33.56
1400614247150,-64.44, 67.50, -32.19
1400614247150,-64.81, 66.69, -30.25
1400614247151,-65.00, 65.44, -28.31
1400614247202,-65.12, 64.25, -26.94
1400614247202,-65.00, 63.38, -25.50
1400614247253,-64.94, 62.44, -24.19
1400614247253,-64.75, 61.81, -22.94
1400614247253,-64.69, 61.25, -22.50
1400614247301,-64.81, 61.19, -21.88
1400614247301,-64.56, 61.00, -21.56
1400614247347,-64.50, 61.12, -21.69
1400614247347,-64.56, 61.19, -21.25
1400614247353,-64.38, 61.19, -21.06
1400614247400,-64.50, 61.12, -20.81
1400614247401,-64.50, 60.88, -20.69
1400614247448,-64.31, 60.94, -20.50
1400614247448,-64.38, 60.88, -20.56
1400614247452,-64.62, 60.69, -20.88
1400614247497,-64.62, 60.56, -20.38
1400614247497,-64.44, 60.56, -19.94
1400614247571,-64.44, 60.25, -19.69
1400614247572,-64.19, 60.06, -19.38
1400614247572,-64.06, 60.00, -18.94
1400614247573,-64.25, 59.75, -18.50
1400614247629,-64.12, 59.62, -17.44
1400614247629,-63.94, 59.44, -16.00
1400614247677,-63.81, 59.19, -14.81
1400614247677,-63.69, 59.00, -13.19
1400614247677,-63.88, 58.94, -11.19
1400614247756,-63.94, 58.88, -8.31
1400614247757,-64.50, 58.94, -4.38
1400614247757,-65.56, 58.88, 0.62
1400614247757,-67.25, 59.12, 6.12
1400614247815,-69.44, 59.06, 13.62
1400614247815,-72.19, 59.00, 20.94
1400614247815,-75.06, 58.88, 27.69
1400614247873,-77.19, 60.50, 35.56
1400614247873,-80.81, 60.81, 43.38
1400614247923,-85.69, 61.31, 51.44
1400614247923,-93.50, 63.56, 56.94
1400614247923,-102.12, 66.06, 58.06
1400614247994,-123.56, 75.88, 47.25
1400614247994,-135.06, 82.00, 40.38
1400614247996,-133.94, 82.00, 43.25
1400614248058,-132.00, 82.19, 43.81
1400614248058,-123.88, 87.19, 54.06
1400614248118,-84.44, 129.56, 128.38
1400614248118,-21.44, 212.62, 261.25
1400614248203,11.31, 255.00, 326.50
1400614248203,27.75, 293.50, 367.31
1400614248203,49.56, 355.31, 422.00
1400614248252,53.81, 372.56, 431.31
1400614248252,53.19, 377.31, 425.19
1400614248300,47.50, 366.94, 404.94
1400614248300,39.62, 349.88, 379.69
1400614248300,32.69, 334.88, 360.12
1400614248347,28.88, 329.38, 354.31
1400614248348,28.06, 330.25, 356.31
1400614248396,26.62, 332.69, 358.06
1400614248396,24.31, 336.12, 358.69
1400614248398,21.44, 339.81, 356.62
1400614248447,18.62, 345.31, 354.38
1400614248447,16.00, 352.25, 352.62
1400614248495,13.19, 359.12, 350.94
1400614248495,10.56, 366.69, 350.12
1400614248497,8.44, 375.31, 352.44
1400614248547,6.81, 383.50, 355.25
1400614248547,4.31, 386.88, 352.00
1400614248594,0.88, 389.50, 348.44
1400614248594,-2.25, 393.81, 349.12
1400614248599,-5.19, 398.25, 352.44
1400614248645,-9.25, 399.38, 350.62
1400614248645,-14.56, 397.62, 345.12
1400614248694,-19.38, 399.69, 344.12
1400614248694,-22.56, 403.81, 347.25
1400614248744,-25.25, 409.50, 352.75
1400614248744,-29.31, 411.88, 352.25
1400614248744,-34.75, 406.81, 344.69
1400614248792,-40.06, 401.31, 336.00
1400614248792,-43.44, 396.31, 330.81
1400614248841,-44.06, 393.81, 330.38
1400614248841,-41.88, 391.56, 331.75
1400614248844,-38.44, 388.81, 333.75
1400614248890,-34.31, 386.94, 336.81
1400614248890,-28.88, 387.00, 342.81
1400614248940,-23.00, 390.75, 350.81
1400614248940,-16.75, 396.44, 360.62
1400614248943,-11.31, 402.88, 369.25
1400614248987,-7.88, 405.94, 372.88
1400614248988,-6.81, 405.31, 372.00
1400614249036,-7.88, 401.88, 363.94
1400614249036,-6.88, 405.62, 365.12
1400614249086,-4.12, 411.56, 371.69
1400614249086,-1.69, 413.12, 373.56
1400614249086,-0.81, 409.75, 369.44
1400614249135,1.69, 411.38, 372.62
1400614249135,5.75, 417.44, 381.69
1400614249185,8.50, 420.94, 385.44
1400614249186,10.06, 423.06, 387.06
1400614249186,8.75, 418.62, 379.25
1400614249234,7.19, 415.12, 371.81
1400614249234,6.81, 418.31, 370.81
1400614249283,6.75, 422.12, 370.25
1400614249283,4.81, 421.44, 364.31
1400614249286,2.38, 419.00, 357.19
1400614249332,1.25, 416.44, 354.00
1400614249332,3.25, 418.88, 361.81
1400614249382,6.25, 419.25, 369.50
1400614249382,8.12, 416.94, 372.62
1400614249382,10.06, 414.25, 377.69
1400614249431,12.75, 412.81, 384.94
1400614249431,15.69, 413.62, 393.94
1400614249481,19.88, 419.12, 408.12
1400614249662,300.38, 1201.00, -1746.69
1400614249739,300.44, 1260.38, -1306.06
1400614249742,231.44, 1215.25, -2023.06
1400614249805,221.69, 1199.50, -1979.56
1400614249805,222.88, 1201.38, -1985.06
1400614249806,215.31, 1188.88, -1951.56
1400614249855,209.81, 1178.69, -1926.31
1400614249913,212.06, 1182.25, -1937.25
1400614249913,206.00, 1172.12, -1911.75
1400614249913,200.94, 1163.06, -1890.62
1400614249926,196.38, 1155.06, -1872.81
1400614249973,192.50, 1147.75, -1857.75
1400614249973,189.00, 1141.06, -1844.38
1400614250042,185.75, 1135.19, -1832.44
1400614250042,182.75, 1129.56, -1821.56
1400614250042,180.44, 1124.81, -1812.94
1400614250045,178.69, 1121.00, -1806.12
1400614250107,177.25, 1118.00, -1800.81
1400614250107,176.25, 1115.38, -1796.50
1400614250107,175.25, 1113.19, -1792.38
1400614250162,174.38, 1111.06, -1788.62
1400614250162,173.69, 1109.12, -1785.50
1400614250166,173.19, 1107.38, -1782.94
1400614250216,172.69, 1105.75, -1780.38
1400614250216,172.19, 1104.38, -1778.44
1400614250270,171.94, 1103.50, -1776.81
1400614250270,171.75, 1102.62, -1775.56
1400614250270,171.69, 1101.81, -1774.75
1400614250326,171.62, 1101.25, -1773.69
1400614250326,171.38, 1100.62, -1773.00
1400614250326,171.25, 1100.19, -1772.19
1400614250376,171.31, 1099.75, -1771.62
1400614250376,171.25, 1099.44, -1770.94
1400614250447,171.31, 1098.56, -1770.38
1400614250447,171.25, 1098.38, -1769.81
1400614250447,171.25, 1098.38, -1769.25
1400614250447,171.19, 1098.19, -1769.06
1400614250492,171.31, 1097.81, -1768.44
1400614250492,171.25, 1097.50, -1767.81
1400614250563,171.00, 1097.31, -1767.12
1400614250563,170.81, 1096.88, -1766.44
1400614250564,170.38, 1096.62, -1765.94
1400614250566,170.00, 1096.06, -1765.00
1400614250632,169.75, 1095.44, -1764.12
1400614250632,169.69, 1094.88, -1763.44
1400614250632,169.44, 1094.06, -1762.31
1400614250689,169.44, 1092.69, -1761.12
1400614250689,169.25, 1091.25, -1760.06
1400614250689,169.00, 1090.06, -1759.12
1400614250758,169.06, 1088.94, -1757.69
1400614250758,168.94, 1087.88, -1756.69
1400614250758,168.81, 1086.69, -1755.94
1400614250804,168.62, 1085.62, -1754.81
1400614250804,168.62, 1085.12, -1754.62
1400614250807,168.19, 1085.00, -1754.75
1400614250853,168.00, 1085.19, -1754.62
1400614250853,167.94, 1085.12, -1754.44
1400614250923,167.88, 1085.06, -1754.50
1400614250923,167.81, 1085.12, -1754.56
1400614250923,167.75, 1085.19, -1754.75
1400614250928,167.75, 1085.38, -1754.81
1400614250991,167.69, 1085.31, -1754.69
1400614250991,167.94, 1085.38, -1754.50
1400614250991,167.88, 1085.44, -1754.44
1400614251051,168.12, 1085.31, -1754.44
1400614251051,168.00, 1085.19, -1754.31
1400614251051,168.06, 1085.12, -1754.31
1400614251099,168.06, 1085.25, -1754.06
1400614251099,168.12, 1085.19, -1754.06
1400614251145,168.19, 1085.44, -1754.06
1400614251145,168.06, 1085.44, -1753.94
1400614251148,168.06, 1085.31, -1754.00
1400614251199,167.88, 1085.44, -1753.69
1400614251199,168.00, 1085.50, -1753.69
1400614251245,167.94, 1085.56, -1753.69
1400614251245,167.94, 1085.62, -1753.88
1400614251249,167.81, 1085.62, -1753.94
1400614251297,167.75, 1085.75, -1753.94
1400614251297,167.88, 1085.75, -1754.12
1400614251344,168.06, 1085.69, -1754.00
1400614251345,168.19, 1085.69, -1754.06
1400614251350,168.25, 1085.75, -1754.19
1400614251396,168.50, 1085.69, -1754.06
1400614251396,168.69, 1085.62, -1754.00
1400614251444,168.88, 1085.69, -1754.00
1400614251444,169.12, 1085.62, -1753.94
1400614251493,169.50, 1085.81, -1753.88
1400614251493,170.12, 1086.31, -1754.06
1400614251493,171.31, 1086.81, -1754.19
1400614251541,172.31, 1087.25, -1754.19
1400614251541,173.25, 1087.88, -1754.44
1400614251590,174.31, 1088.56, -1754.38
1400614251590,175.38, 1089.00, -1754.50
1400614251594,176.56, 1089.56, -1754.81
1400614251640,177.25, 1090.00, -1755.19
1400614251640,178.31, 1090.25, -1755.44
1400614251691,178.88, 1090.50, -1755.62
1400614251691,179.75, 1091.00, -1756.00
1400614251740,180.69, 1091.44, -1756.38
1400614251740,181.56, 1091.50, -1756.94
1400614251740,182.25, 1091.75, -1757.44
1400614251787,182.94, 1092.00, -1757.69
1400614251787,183.88, 1092.38, -1757.75
1400614251791,184.44, 1092.69, -1758.06
1400614251836,185.12, 1093.00, -1758.31
1400614251836,185.56, 1093.12, -1758.62
1400614251885,185.88, 1093.06, -1758.81
1400614251885,186.19, 1093.25, -1758.75
1400614251936,186.75, 1093.69, -1758.88
1400614251937,187.25, 1094.00, -1759.25
1400614251937,187.50, 1094.25, -1759.69
1400614251983,187.56, 1094.31, -1759.88
1400614251984,187.56, 1094.50, -1760.31
1400614252035,187.62, 1094.75, -1760.44
1400614252035,187.88, 1094.88, -1760.50
1400614252036,187.94, 1095.06, -1760.81
1400614252101,188.19, 1095.00, -1760.94
1400614252101,188.69, 1095.25, -1760.75
1400614252101,189.25, 1095.25, -1760.81
1400614252163,189.94, 1095.50, -1760.75
1400614252163,190.69, 1095.62, -1760.81
1400614252163,191.38, 1095.75, -1760.94
1400614252220,192.00, 1096.12, -1760.94
1400614252221,192.69, 1096.44, -1761.12
1400614252221,193.19, 1096.81, -1761.44
1400614252276,193.31, 1097.00, -1761.81
1400614252276,193.75, 1097.31, -1761.81
1400614252277,194.31, 1097.69, -1762.31
1400614252327,194.75, 1098.00, -1762.69
1400614252327,195.12, 1098.25, -1762.94
1400614252380,195.38, 1098.44, -1763.19
1400614252380,195.94, 1098.62, -1763.44
1400614252380,196.31, 1098.88, -1763.50
1400614252423,196.81, 1099.00, -1763.56
1400614252423,197.06, 1099.19, -1763.75
1400614252471,197.12, 1099.12, -1763.75
1400614252472,197.25, 1099.19, -1763.56
1400614252474,197.38, 1099.50, -1763.44
1400614252525,197.75, 1099.50, -1763.62
1400614252525,198.06, 1099.69, -1763.69
1400614252572,198.56, 1099.81, -1764.00
1400614252573,198.81, 1100.12, -1764.31
1400614252575,199.19, 1100.31, -1764.50
1400614252624,199.81, 1101.00, -1764.88
1400614252624,200.56, 1101.25, -1765.44
1400614252696,201.38, 1101.56, -1766.12
1400614252696,201.94, 1101.94, -1766.56
1400614252696,202.69, 1102.38, -1767.00
1400614252696,203.06, 1102.81, -1767.12
1400614252761,203.88, 1103.25, -1767.50
1400614252761,204.44, 1103.75, -1767.88
1400614252761,204.88, 1103.69, -1768.00
1400614252817,205.44, 1104.12, -1768.38
1400614252818,205.88, 1104.38, -1768.62
1400614252818,206.50, 1105.00, -1769.19
1400614252865,206.81, 1105.25, -1769.56
1400614252865,207.25, 1105.44, -1770.00
1400614252942,207.62, 1105.50, -1770.25
1400614252942,208.19, 1105.81, -1770.69
1400614252943,208.56, 1106.38, -1771.25
1400614252943,209.00, 1106.56, -1771.69
1400614253004,209.31, 1106.94, -1772.00
1400614253004,209.81, 1107.12, -1772.25
1400614253004,210.19, 1107.31, -1772.44
1400614253070,210.69, 1107.69, -1772.88
1400614253070,211.12, 1108.06, -1773.19
1400614253071,211.38, 1108.31, -1773.50
1400614253077,211.88, 1108.38, -1773.88
1400614253164,211.94, 1108.62, -1773.75
1400614253164,212.38, 1108.81, -1774.12
1400614253164,212.38, 1109.00, -1774.38
1400614253165,212.62, 1109.12, -1774.69
