1400614173531,110.88, 182.81, -113.44
1400614173531,111.00, 183.31, -113.88
1400614173620,111.19, 183.50, -114.50
1400614173620,111.50, 183.75, -115.06
1400614173620,111.94, 184.00, -115.69
1400614173620,112.06, 184.12, -116.31
1400614173632,112.38, 183.94, -116.44
1400614173677,112.75, 183.75, -116.81
1400614173677,112.88, 183.50, -116.81
1400614173681,112.81, 183.06, -116.62
1400614173722,112.69, 182.38, -115.75
1400614173725,112.31, 181.56, -115.00
1400614173772,111.69, 180.50, -113.62
1400614173772,111.31, 179.38, -112.38
1400614173836,110.44, 178.31, -111.19
1400614173836,109.69, 177.06, -109.56
1400614173836,108.69, 175.69, -107.81
1400614173842,107.81, 174.25, -105.94
1400614173906,106.88, 172.88, -104.19
1400614173906,105.69, 171.56, -102.38
1400614173906,104.69, 170.31, -100.69
1400614173961,103.56, 168.88, -99.00
1400614173961,103.19, 168.12, -98.00
1400614174005,103.00, 168.00, -97.50
1400614174006,103.19, 167.88, -97.19
1400614174006,103.38, 168.12, -97.12
1400614174052,103.75, 168.19, -97.25
1400614174052,104.38, 168.56, -97.62
1400614174064,105.00, 169.00, -98.31
1400614174111,105.75, 170.00, -99.25
1400614174111,106.00, 170.25, -99.31
1400614174127,106.19, 170.12, -99.06
1400614174167,106.25, 170.06, -98.50
1400614174167,106.25, 169.94, -97.94
1400614174214,105.94, 169.75, -97.25
1400614174214,105.75, 169.44, -96.31
1400614174224,105.31, 169.00, -95.31
1400614174264,104.88, 168.25, -94.00
1400614174268,104.44, 167.56, -93.00
1400614174347,103.81, 166.62, -92.12
1400614174347,103.31, 165.75, -91.50
1400614174347,102.69, 164.75, -90.50
1400614174347,102.25, 163.94, -89.38
1400614174407,101.69, 163.12, -88.75
1400614174407,101.12, 162.38, -88.06
1400614174407,100.75, 161.56, -87.25
1400614174465,100.50, 161.00, -86.94
1400614174465,100.81, 161.31, -87.31
1400614174469,101.44, 161.88, -87.94
1400614174513,102.38, 162.62, -88.94
1400614174513,103.44, 163.19, -90.19
1400614174563,104.75, 164.25, -91.38
1400614174563,106.06, 165.31, -92.69
1400614174565,107.19, 166.44, -94.19
1400614174612,108.25, 167.31, -95.19
1400614174612,108.88, 167.81, -95.62
1400614174662,109.06, 168.00, -95.88
1400614174662,109.31, 168.38, -96.44
1400614174665,109.44, 168.81, -97.06
1400614174711,109.50, 169.00, -97.56
1400614174711,109.56, 169.38, -98.06
1400614174760,109.62, 169.75, -98.44
1400614174760,109.62, 170.00, -98.75
1400614174766,109.69, 170.00, -99.06
1400614174810,110.00, 170.25, -99.50
1400614174810,109.94, 170.19, -99.69
1400614174857,109.75, 170.25, -99.50
1400614174857,109.75, 170.31, -99.38
1400614174905,109.81, 170.25, -99.25
1400614174905,109.88, 169.88, -99.12
1400614174907,109.94, 170.06, -99.38
1400614174959,109.94, 170.19, -99.62
1400614174959,110.00, 170.44, -99.69
1400614175033,109.94, 170.75, -99.44
1400614175033,110.19, 170.75, -99.75
1400614175033,110.31, 170.69, -99.62
1400614175034,110.25, 170.44, -99.44
1400614175093,110.38, 170.69, -99.56
1400614175093,110.31, 170.50, -99.50
1400614175093,110.25, 170.31, -99.31
1400614175134,109.94, 169.88, -99.00
1400614175135,109.50, 169.25, -98.62
1400614175185,108.81, 168.81, -97.81
1400614175185,108.00, 168.38, -97.50
1400614175188,107.06, 168.00, -97.06
1400614175234,105.88, 167.56, -96.25
1400614175234,104.75, 166.88, -95.44
1400614175295,103.50, 166.31, -94.69
1400614175296,102.75, 165.81, -94.31
1400614175296,102.31, 165.69, -94.38
1400614175382,101.94, 165.62, -94.50
1400614175382,101.56, 165.56, -94.56
1400614175383,101.56, 165.50, -94.62
1400614175383,101.50, 165.62, -94.62
1400614175389,101.81, 165.75, -94.81
1400614175449,102.19, 166.00, -95.12
1400614175450,102.50, 166.44, -95.12
1400614175453,102.75, 166.44, -94.88
1400614175511,102.88, 166.50, -94.75
1400614175511,103.38, 166.50, -94.94
1400614175513,103.81, 166.94, -95.56
1400614175595,104.62, 167.44, -96.38
1400614175595,105.25, 168.19, -97.50
1400614175595,105.88, 168.88, -98.38
1400614175595,106.50, 169.62, -99.81
1400614175610,107.25, 171.06, -101.69
1400614175695,108.19, 172.56, -103.62
1400614175695,108.94, 174.06, -105.38
1400614175696,109.56, 175.19, -107.12
1400614175696,110.12, 176.38, -108.81
1400614175747,110.94, 177.50, -110.50
1400614175747,111.88, 179.12, -112.75
1400614175794,112.62, 180.81, -114.69
1400614175795,113.50, 181.69, -116.38
1400614175795,114.31, 182.38, -118.00
1400614175844,115.19, 183.62, -120.19
1400614175844,116.38, 185.25, -122.75
1400614175898,117.75, 187.19, -125.94
1400614175898,119.50, 189.75, -129.56
1400614175898,121.12, 191.88, -133.69
1400614175959,123.06, 194.25, -138.44
1400614175959,125.31, 197.44, -144.50
1400614175959,128.06, 201.31, -151.81
1400614176006,131.50, 205.00, -159.94
1400614176007,135.00, 208.50, -168.69
1400614176057,142.06, 215.69, -190.62
1400614176058,146.19, 219.62, -204.69
1400614176108,150.25, 223.88, -218.69
1400614176108,153.75, 227.06, -231.00
1400614176162,156.75, 229.81, -242.12
1400614176162,159.06, 232.62, -252.31
1400614176162,161.12, 235.12, -261.69
1400614176172,162.81, 237.31, -269.50
1400614176217,164.12, 239.06, -275.38
1400614176217,165.44, 240.88, -279.88
1400614176299,166.56, 242.62, -284.69
1400614176299,168.12, 244.94, -291.19
1400614176299,170.06, 247.75, -299.00
1400614176299,172.19, 250.38, -308.12
1400614176350,174.88, 253.69, -318.94
1400614176354,181.62, 261.69, -347.06
1400614176420,185.00, 266.12, -363.31
1400614176420,188.94, 270.25, -381.06
1400614176420,193.88, 275.06, -403.38
1400614176464,206.62, 286.44, -468.62
1400614176541,213.50, 292.56, -508.81
1400614176542,229.06, 303.62, -606.38
1400614176542,237.31, 308.44, -665.88
1400614176602,254.06, 314.25, -807.69
1400614176775,-134.69, -915.25, -2047.44
1400614176872,-133.88, -915.81, 2047.00
1400614176872,-135.50, -916.75, 2047.44
1400614176872,-136.38, -917.50, 2045.81
1400614176872,-139.88, -921.12, 2044.00
1400614176877,-145.19, -924.88, 2044.56
1400614176945,-144.56, -923.38, 2046.94
1400614176946,-152.75, -925.69, 2047.56
1400614176946,-164.81, -928.38, 2041.81
1400614176957,-178.06, -929.25, 2035.06
1400614177008,-191.94, -930.44, 2027.00
1400614177008,-207.31, -930.75, 2018.69
1400614177082,-221.88, -931.81, 2010.62
1400614177082,-236.06, -932.06, 1998.88
1400614177082,-248.38, -930.88, 1983.94
1400614177083,-256.94, -929.94, 1969.19
1400614177143,-261.94, -929.62, 1961.56
1400614177143,-265.62, -930.69, 1957.38
1400614177143,-267.94, -932.38, 1956.75
1400614177159,-268.38, -935.81, 1960.81
1400614177205,-269.69, -938.44, 1968.38
1400614177205,-272.06, -940.75, 1982.12
1400614177280,-278.75, -947.06, 2019.81
1400614177280,-283.62, -950.00, 2038.50
1400614177280,-289.94, -952.56, -2041.06
1400614177337,-296.62, -954.69, -2026.25
1400614177337,-303.25, -956.00, -2012.38
1400614177337,-308.62, -956.75, -2000.38
1400614177398,-311.81, -958.31, -1990.06
1400614177398,-313.50, -960.31, -1980.12
1400614177399,-313.56, -962.44, -1968.25
1400614177447,-311.81, -965.50, -1954.81
1400614177448,-305.31, -970.25, -1940.44
1400614177515,-296.56, -974.81, -1926.31
1400614177515,-284.88, -979.19, -1914.38
1400614177515,-270.56, -982.19, -1904.19
1400614177564,-254.44, -985.00, -1894.50
1400614177564,-237.31, -987.69, -1886.00
1400614177564,-219.38, -990.12, -1879.69
1400614177612,-183.38, -990.50, -1867.81
1400614177661,-166.56, -988.62, -1861.00
1400614177662,-151.69, -986.50, -1854.25
1400614177662,-138.88, -985.12, -1847.06
1400614177710,-127.56, -983.06, -1840.50
1400614177710,-116.81, -980.81, -1834.88
1400614177780,-106.88, -978.56, -1829.94
1400614177780,-97.38, -975.88, -1825.75
1400614177780,-87.25, -974.25, -1823.44
1400614177781,-74.88, -973.56, -1822.25
1400614177842,-60.94, -973.19, -1821.69
1400614177842,-27.25, -972.50, -1820.94
1400614177887,-10.38, -971.75, -1820.12
1400614177888,5.94, -971.00, -1819.81
1400614177937,21.69, -971.06, -1820.19
1400614177938,34.75, -971.38, -1821.00
1400614177940,44.44, -971.25, -1822.31
1400614177990,51.38, -971.12, -1823.69
1400614177990,54.94, -971.31, -1825.75
1400614178037,55.88, -971.69, -1828.69
1400614178037,54.94, -972.31, -1832.69
1400614178088,53.38, -973.19, -1836.44
1400614178088,51.56, -973.62, -1840.12
1400614178088,49.31, -973.75, -1843.56
1400614178137,46.12, -973.62, -1846.50
1400614178137,42.88, -973.25, -1849.19
1400614178197,39.06, -972.44, -1851.44
1400614178197,36.12, -972.06, -1853.38
1400614178197,34.81, -972.19, -1854.88
1400614178202,33.94, -972.06, -1856.19
1400614178247,32.50, -971.81, -1856.31
1400614178247,31.31, -970.06, -1855.06
1400614178296,30.06, -967.81, -1852.81
1400614178296,29.25, -965.31, -1850.19
1400614178302,30.06, -963.44, -1847.50
1400614178345,31.19, -960.88, -1844.19
1400614178345,31.62, -958.06, -1840.62
1400614178430,32.06, -955.06, -1836.75
1400614178430,32.62, -951.94, -1833.31
1400614178430,33.12, -949.88, -1830.25
1400614178431,33.75, -948.31, -1828.12
1400614178488,33.88, -947.25, -1826.44
1400614178488,33.00, -946.12, -1825.06
1400614178488,32.25, -945.69, -1824.06
1400614178584,31.31, -945.38, -1823.44
1400614178584,30.69, -945.31, -1822.88
1400614178584,30.56, -945.62, -1822.75
1400614178584,31.31, -946.62, -1823.69
1400614178585,32.69, -948.12, -1825.19
1400614178650,34.31, -949.44, -1826.75
1400614178650,35.75, -950.75, -1828.88
1400614178650,37.06, -951.69, -1831.31
1400614178712,38.50, -952.38, -1833.75
1400614178712,39.88, -953.00, -1836.31
1400614178712,41.06, -953.06, -1838.81
1400614178760,41.69, -952.75, -1841.12
1400614178760,42.31, -952.38, -1842.94
1400614178806,43.06, -952.06, -1844.62
1400614178806,44.00, -951.56, -1846.00
1400614178809,44.81, -951.25, -1847.06
1400614178858,45.44, -950.94, -1848.06
1400614178858,46.06, -950.62, -1848.88
1400614178906,46.50, -950.94, -1849.56
1400614178906,46.81, -951.31, -1850.25
1400614178906,46.75, -951.62, -1850.88
1400614178954,46.44, -951.88, -1851.56
1400614178954,46.38, -952.19, -1852.00
1400614179009,46.19, -952.38, -1852.62
1400614179009,46.38, -952.69, -1853.19
1400614179009,46.25, -952.94, -1853.56
1400614179071,46.31, -953.00, -1854.06
1400614179071,46.50, -952.94, -1854.31
1400614179071,46.44, -952.94, -1854.44
1400614179120,46.56, -952.50, -1854.62
1400614179120,46.38, -952.38, -1854.62
1400614179166,46.38, -952.19, -1854.69
1400614179166,45.94, -952.12, -1854.56
1400614179167,45.75, -951.94, -1854.44
1400614179215,45.25, -951.75, -1854.31
1400614179216,44.94, -951.50, -1854.25
1400614179266,11.00, -20.94, -10.62
1400614179266,10.69, -20.81, -10.38
1400614179266,10.50, -20.25, -10.50
1400614179315,9.94, -19.69, -10.06
1400614179315,9.62, -19.12, -9.69
1400614179364,9.19, -18.75, -9.50
1400614179364,8.88, -18.31, -9.12
1400614179368,8.50, -17.94, -8.62
1400614179413,8.06, -17.50, -8.19
1400614179413,8.00, -17.50, -8.25
1400614179462,7.88, -17.19, -8.00
1400614179462,7.69, -16.81, -8.12
1400614179512,7.44, -16.69, -8.25
1400614179512,7.50, -16.44, -8.31
1400614179512,7.25, -16.44, -8.25
1400614179560,7.19, -16.50, -8.62
1400614179560,7.00, -16.69, -9.12
1400614179610,6.69, -16.25, -9.06
1400614179610,6.69, -16.44, -9.25
1400614179610,6.88, -16.88, -9.44
1400614179660,7.06, -16.88, -9.81
1400614179660,7.06, -16.75, -10.06
1400614179706,7.31, -16.38, -10.38
1400614179706,7.31, -16.25, -10.50
1400614179708,7.56, -16.19, -10.62
1400614179755,7.62, -16.50, -10.94
1400614179756,7.62, -16.56, -11.12
1400614179807,7.62, -16.56, -11.25
1400614179807,7.44, -16.56, -11.50
1400614179810,7.19, -16.69, -11.56
1400614179854,7.06, -17.12, -12.00
1400614179854,7.00, -17.19, -12.38
1400614179905,6.88, -17.25, -12.62
1400614179905,6.94, -17.12, -12.75
1400614179953,6.88, -17.44, -12.94
1400614179954,6.69, -17.44, -13.12
1400614179954,6.69, -17.62, -13.06
1400614180003,6.75, -17.81, -13.38
1400614180004,6.62, -17.81, -13.25
1400614180053,6.38, -17.81, -13.12
1400614180054,6.19, -18.12, -12.88
1400614180054,5.81, -18.44, -12.69
1400614180104,5.62, -18.44, -12.50
1400614180104,5.31, -18.50, -12.31
1400614180149,4.94, -18.56, -12.12
1400614180149,4.38, -18.62, -11.69
1400614180154,4.12, -18.81, -11.38
1400614180212,4.06, -18.75, -11.12
1400614180213,3.75, -18.75, -11.31
1400614180213,3.75, -18.94, -11.25
1400614180266,3.56, -18.94, -11.25
1400614180266,3.81, -19.00, -11.06
1400614180310,3.81, -19.06, -11.12
1400614180310,4.00, -19.12, -11.31
1400614180310,4.25, -19.00, -11.69
1400614180359,4.38, -19.25, -11.88
1400614180360,4.38, -19.25, -11.88
1400614180412,4.12, -19.06, -12.12
1400614180413,4.19, -19.00, -12.38
1400614180413,4.12, -19.19, -12.50
1400614180461,4.25, -19.06, -12.56
1400614180461,4.38, -19.31, -12.56
1400614180510,4.00, -19.38, -12.62
1400614180510,3.75, -19.25, -12.88
1400614180573,4.00, -19.00, -12.88
1400614180573,4.12, -19.25, -12.88
1400614180573,4.00, -19.19, -12.75
1400614180573,3.94, -19.19, -12.81
1400614180626,3.88, -19.31, -12.88
1400614180626,3.75, -19.19, -12.81
1400614180672,4.06, -18.94, -12.56
1400614180672,4.19, -18.81, -12.25
1400614180673,4.12, -18.88, -12.19
1400614180722,4.00, -18.75, -11.94
1400614180722,4.06, -18.75, -11.94
1400614180771,4.12, -18.81, -12.00
1400614180772,4.06, -18.50, -12.06
1400614180774,4.12, -18.38, -12.38
1400614180823,3.94, -18.56, -12.56
1400614180823,4.06, -18.69, -12.69
1400614180871,4.19, -18.69, -12.69
1400614180871,4.31, -18.50, -13.00
1400614180873,3.94, -18.38, -13.06
1400614180921,3.88, -18.19, -13.12
1400614180921,3.94, -18.44, -13.00
1400614180972,4.06, -18.69, -12.88
1400614180972,4.12, -18.44, -12.75
1400614181020,4.00, -18.69, -12.94
1400614181020,3.75, -18.81, -13.00
1400614181020,3.62, -19.00, -13.00
1400614181066,3.69, -19.31, -13.06
1400614181067,3.50, -19.50, -13.00
1400614181116,3.44, -19.62, -13.25
1400614181116,3.31, -19.56, -13.25
1400614181118,3.31, -19.62, -13.12
1400614181164,3.38, -19.44, -13.25
1400614181164,3.38, -19.31, -13.19
1400614181214,3.44, -19.19, -13.12
1400614181215,3.50, -19.06, -13.00
1400614181216,3.75, -18.88, -12.81
1400614181265,3.56, -18.62, -12.44
1400614181265,3.75, -18.69, -12.50
1400614181340,3.75, -18.75, -12.75
1400614181340,3.62, -18.75, -12.50
1400614181340,3.56, -19.06, -12.56
1400614181341,3.62, -19.06, -12.56
1400614181397,3.69, -19.25, -12.69
1400614181397,3.56, -19.44, -12.88
1400614181397,3.75, -19.56, -13.00
1400614181444,3.69, -19.69, -13.19
1400614181444,3.81, -19.69, -13.19
1400614181492,3.81, -19.81, -13.19
1400614181492,3.94, -19.69, -13.00
1400614181542,4.00, -19.75, -12.75
1400614181543,4.06, -19.44, -12.94
1400614181543,4.19, -19.44, -13.00
1400614181613,4.12, -19.25, -13.00
1400614181613,4.19, -19.06, -12.81
1400614181613,4.06, -19.00, -12.62
1400614181618,4.31, -18.88, -12.56
1400614181678,4.25, -18.81, -12.75
1400614181678,4.19, -18.81, -12.88
1400614181680,3.88, -18.81, -12.81
1400614181736,3.88, -18.62, -12.88
1400614181736,4.00, -18.69, -13.12
1400614181738,4.00, -18.75, -13.25
1400614181785,4.19, -18.94, -13.31
1400614181785,3.94, -18.88, -13.31
1400614181833,3.88, -18.75, -13.12
1400614181833,3.75, -18.69, -13.19
1400614181837,4.12, -18.88, -13.12
1400614181895,4.06, -19.06, -13.19
1400614181895,3.94, -19.00, -13.19
1400614181899,3.94, -18.88, -13.06
1400614181948,3.81, -18.81, -12.94
1400614181949,4.00, -18.75, -13.06
1400614182031,4.12, -18.81, -13.00
1400614182031,4.19, -18.56, -13.00
1400614182031,3.94, -18.62, -12.88
1400614182031,4.00, -18.50, -12.75
1400614182088,4.00, -18.94, -12.69
1400614182088,3.88, -19.06, -12.69
1400614182088,3.88, -18.88, -12.81
1400614182100,3.88, -19.12, -12.88
1400614182149,3.88, -19.06, -12.81
1400614182149,3.94, -19.50, -12.88
1400614182196,4.00, -19.44, -12.81
1400614182196,3.94, -19.75, -12.75
1400614182199,3.81, -19.38, -12.50
1400614182246,3.88, -19.00, -12.50
1400614182246,3.69, -18.88, -12.38
1400614182306,3.75, -18.81, -12.31
1400614182306,3.88, -18.88, -12.50
1400614182306,3.94, -18.81, -12.31
1400614182363,4.06, -18.69, -12.50
1400614182363,4.19, -18.31, -12.38
1400614182363,4.06, -18.31, -12.56
1400614182440,4.19, -18.62, -12.62
1400614182440,4.12, -19.00, -12.50
1400614182440,4.19, -18.94, -12.50
1400614182440,4.00, -18.88, -12.38
1400614182494,3.88, -18.94, -12.38
1400614182494,3.75, -19.12, -12.38
1400614182543,3.69, -19.00, -12.62
1400614182543,3.62, -19.19, -12.56
1400614182543,3.56, -19.06, -12.50
1400614182619,3.69, -19.06, -12.50
1400614182619,3.62, -19.12, -12.50
1400614182619,3.75, -19.19, -12.81
1400614182622,3.81, -19.19, -12.88
1400614182674,3.81, -19.00, -12.94
1400614182674,4.00, -19.12, -12.94
1400614182723,4.25, -18.94, -13.12
1400614182723,4.38, -18.94, -13.31
1400614182724,4.31, -18.62, -13.38
1400614182798,4.19, -18.50, -13.50
1400614182798,4.19, -18.62, -13.38
1400614182798,4.25, -18.44, -13.50
1400614182806,4.50, -18.62, -13.25
1400614182854,4.38, -18.31, -13.12
1400614182854,4.44, -18.25, -13.00
1400614182898,4.50, -18.50, -12.69
1400614182898,4.81, -18.56, -12.56
1400614182950,4.88, -18.81, -12.56
1400614182950,4.75, -18.81, -12.69
1400614182950,4.81, -18.75, -12.44
1400614183014,4.62, -18.81, -12.81
1400614183014,4.56, -19.12, -12.81
1400614183014,4.56, -19.50, -13.06
1400614183063,4.50, -19.44, -13.31
1400614183063,4.25, -19.50, -13.88
1400614183064,4.31, -19.31, -14.00
1400614183137,4.19, -19.19, -13.94
1400614183137,4.12, -19.38, -14.12
1400614183137,3.94, -19.44, -14.19
1400614183145,3.81, -19.50, -14.25
1400614183198,3.94, -19.50, -14.31
1400614183198,3.94, -19.31, -14.25
1400614183245,3.94, -19.25, -14.00
1400614183245,3.81, -19.56, -14.25
1400614183245,4.06, -19.50, -14.12
1400614183293,4.19, -19.31, -14.19
1400614183293,4.50, -19.25, -13.94
1400614183341,4.75, -19.31, -13.81
1400614183341,4.56, -19.06, -13.69
1400614183346,4.62, -19.00, -13.50
1400614183393,4.75, -19.00, -13.38
1400614183393,5.00, -18.94, -13.31
1400614183442,5.12, -19.12, -13.38
1400614183442,5.12, -19.12, -13.31
1400614183445,5.00, -19.12, -13.31
1400614183491,4.69, -18.88, -13.44
1400614183491,4.69, -18.88, -13.50
1400614183543,4.56, -19.19, -13.69
1400614183543,4.50, -19.44, -13.75
1400614183546,4.06, -19.50, -13.69
1400614183630,3.88, -19.19, -13.81
1400614183630,3.69, -19.25, -13.94
1400614183630,3.62, -19.31, -14.00
1400614183631,3.75, -19.56, -13.88
1400614183692,3.81, -19.75, -14.00
1400614183692,3.88, -19.44, -13.94
1400614183692,3.81, -19.44, -14.00
1400614183752,3.94, -19.31, -13.88
1400614183752,3.88, -19.50, -13.75
1400614183752,3.94, -19.50, -13.56
1400614183799,4.12, -19.56, -13.62
1400614183799,4.12, -19.75, -13.62
1400614183850,4.12, -19.81, -13.31
1400614183850,4.12, -20.06, -13.44
1400614183850,4.19, -19.94, -13.56
1400614183897,4.50, -20.00, -13.50
1400614183897,4.44, -20.06, -13.62
1400614183945,4.44, -20.25, -13.81
1400614183945,4.44, -20.25, -14.00
1400614183948,4.38, -20.06, -14.31
1400614183996,4.50, -19.94, -14.44
1400614183996,4.38, -19.94, -14.62
1400614184063,4.25, -20.12, -14.50
1400614184063,3.75, -20.06, -14.69
1400614184063,3.88, -19.94, -14.81
1400614184117,3.88, -19.94, -14.56
1400614184117,3.88, -19.94, -14.69
1400614184117,3.81, -19.81, -14.44
1400614184128,3.69, -20.06, -14.31
1400614184175,3.81, -20.12, -13.88
1400614184175,3.75, -20.06, -13.81
1400614184224,3.75, -20.00, -13.56
1400614184225,3.88, -20.00, -13.25
1400614184229,3.88, -20.06, -13.31
1400614184277,3.56, -20.19, -13.25
1400614184277,3.56, -20.31, -13.19
1400614184325,3.44, -20.25, -13.31
1400614184325,3.50, -20.31, -13.75
1400614184329,3.62, -20.12, -13.81
1400614184375,3.88, -20.25, -14.00
1400614184375,3.69, -20.31, -14.12
1400614184422,3.75, -20.00, -14.19
1400614184422,3.81, -20.06, -14.12
1400614184499,3.88, -20.00, -14.12
1400614184499,3.88, -19.88, -14.06
1400614184499,3.69, -19.62, -13.88
1400614184499,3.56, -19.75, -13.69
1400614184557,3.88, -19.81, -13.69
1400614184557,4.00, -19.75, -13.62
1400614184557,3.75, -19.69, -13.44
1400614184600,3.88, -19.44, -13.31
1400614184600,3.94, -19.62, -13.19
1400614184679,3.81, -19.69, -13.19
1400614184680,3.94, -19.81, -13.19
1400614184680,4.00, -19.81, -13.25
1400614184680,3.69, -19.94, -13.25
1400614184741,3.50, -20.00, -13.31
1400614184741,3.62, -20.25, -13.44
1400614184741,3.50, -20.31, -13.44
1400614184752,3.50, -20.19, -13.38
1400614184800,3.81, -20.38, -13.38
1400614184801,3.62, -20.38, -13.38
1400614184851,3.62, -20.19, -13.38
1400614184851,3.62, -20.06, -13.56
1400614184851,3.62, -20.12, -13.56
1400614184897,3.62, -20.19, -13.75
1400614184898,3.69, -20.31, -13.75
1400614184947,3.88, -20.31, -14.06
1400614184947,3.94, -20.12, -14.12
1400614184997,4.25, -20.00, -14.25
1400614184997,4.44, -19.81, -14.38
1400614184997,4.62, -19.62, -14.44
1400614185045,5.00, -19.06, -14.38
1400614185045,5.12, -18.69, -14.38
1400614185105,5.25, -18.31, -14.62
1400614185106,5.31, -18.19, -14.50
1400614185106,5.44, -17.94, -14.69
1400614185163,5.75, -17.62, -14.50
1400614185163,5.69, -17.38, -14.56
1400614185163,5.81, -16.94, -14.38
1400614185172,5.75, -16.94, -14.25
1400614185251,5.81, -16.62, -14.12
1400614185251,5.94, -16.44, -13.75
1400614185251,6.12, -15.69, -13.44
1400614185253,6.00, -15.44, -13.00
1400614185311,5.69, -15.06, -12.88
1400614185311,5.88, -14.88, -12.56
1400614185314,6.12, -14.69, -12.31
1400614185372,6.56, -14.12, -12.25
1400614185372,7.00, -13.88, -11.69
1400614185373,7.31, -13.44, -11.75
1400614185446,7.69, -13.62, -11.56
1400614185446,8.31, -13.81, -11.50
1400614185446,8.94, -14.12, -11.19
1400614185454,9.31, -14.25, -10.94
1400614185505,9.38, -14.75, -10.56
1400614185505,9.56, -15.25, -10.19
1400614185554,9.88, -15.50, -10.19
1400614185554,10.00, -15.75, -9.75
1400614185555,10.12, -15.94, -9.75
1400614185603,10.06, -16.06, -9.56
1400614185603,9.94, -16.00, -9.50
1400614185650,10.00, -15.94, -9.12
1400614185650,9.38, -15.25, -9.12
1400614185700,7.44, -14.00, -8.50
1400614185700,4.19, -12.12, -7.75
1400614185700,0.06, -9.81, -6.94
1400614185748,-4.25, -7.25, -6.19
1400614185748,-8.44, -4.75, -5.81
1400614185797,-12.38, -2.44, -5.44
1400614185797,-16.31, -0.25, -5.56
1400614185797,-19.62, 1.44, -5.44
1400614185846,-21.56, 2.38, -6.00
1400614185846,-22.00, 2.69, -6.75
1400614185894,-21.38, 2.62, -7.81
1400614185895,-20.56, 2.31, -8.69
1400614185896,-19.81, 2.19, -9.31
1400614185947,-19.00, 2.06, -9.94
1400614185947,-18.50, 1.50, -10.56
1400614185995,-17.88, 1.06, -11.19
1400614185995,-17.44, 0.75, -11.62
1400614185997,-17.19, 0.19, -12.38
1400614186045,-17.12, -0.25, -12.75
1400614186045,-16.94, -0.44, -13.19
1400614186094,-16.69, -1.00, -13.56
1400614186094,-16.62, -1.12, -13.75
1400614186097,-16.44, -1.12, -13.69
1400614186169,-16.38, -1.12, -13.69
1400614186169,-16.19, -1.19, -13.94
1400614186169,-16.12, -1.19, -14.00
1400614186177,-15.94, -1.56, -13.94
1400614186227,-16.19, -2.06, -14.00
1400614186227,-16.31, -2.31, -13.94
1400614186270,-16.31, -2.94, -14.31
1400614186270,-16.00, -3.19, -14.69
1400614186319,-15.94, -3.56, -14.94
1400614186320,-15.94, -3.88, -15.06
1400614186320,-15.75, -4.31, -14.94
1400614186370,-15.81, -4.69, -15.12
1400614186370,-15.88, -4.88, -15.31
1400614186446,-16.19, -5.25, -15.88
1400614186446,-16.69, -5.69, -16.44
1400614186446,-17.50, -6.00, -17.06
1400614186447,-18.56, -6.38, -17.88
1400614186504,-19.94, -7.06, -18.44
1400614186504,-21.50, -7.69, -19.19
1400614186504,-23.00, -7.88, -20.06
1400614186552,-24.31, -8.19, -21.38
1400614186552,-26.00, -7.75, -22.31
1400614186603,-27.50, -7.44, -23.38
1400614186603,-29.06, -7.38, -24.56
1400614186604,-30.12, -6.75, -25.75
1400614186650,-30.88, -6.00, -27.00
1400614186650,-31.69, -5.19, -28.25
1400614186698,-32.38, -4.56, -29.25
1400614186698,-33.19, -3.94, -30.00
1400614186703,-33.31, -3.50, -30.81
1400614186748,-33.81, -2.75, -31.44
1400614186748,-34.25, -2.06, -31.75
1400614186797,-34.50, -1.81, -32.06
1400614186797,-34.69, -1.12, -32.81
1400614186801,-35.06, -0.69, -33.88
1400614186846,-35.31, 0.12, -34.56
1400614186846,-35.56, 0.69, -35.25
1400614186896,-35.94, 0.94, -36.19
1400614186896,-36.06, 1.25, -37.00
1400614186944,-36.25, 1.56, -38.62
1400614186945,-36.62, 2.12, -39.75
1400614186945,-37.00, 2.19, -40.88
1400614186995,-37.12, 2.50, -41.56
1400614186995,-37.25, 2.56, -42.44
1400614187044,-37.44, 2.69, -43.00
1400614187045,-37.62, 2.69, -43.88
1400614187045,-37.94, 2.88, -44.31
1400614187094,-38.00, 2.88, -44.50
1400614187094,-38.00, 2.50, -44.69
1400614187144,-38.00, 2.44, -44.69
1400614187144,-38.25, 1.81, -44.38
1400614187144,-38.56, 1.44, -44.06
1400614187205,-38.56, 0.88, -43.94
1400614187205,-38.69, 0.69, -43.25
1400614187205,-38.81, 0.25, -43.12
1400614187256,-39.12, 0.06, -43.31
1400614187256,-39.50, 0.00, -43.38
1400614187301,-39.75, -0.19, -43.81
1400614187301,-40.00, 0.50, -44.62
1400614187306,-40.00, 0.88, -45.81
1400614187350,-39.94, 1.19, -46.88
1400614187350,-39.69, 1.50, -47.94
1400614187400,-39.38, 1.81, -49.12
1400614187401,-39.25, 2.00, -49.50
1400614187403,-38.94, 2.25, -50.44
1400614187451,-38.69, 2.81, -51.12
1400614187451,-38.19, 2.88, -51.88
1400614187498,-38.06, 3.12, -52.31
1400614187498,-38.19, 3.56, -52.81
1400614187502,-38.31, 4.06, -53.38
1400614187572,-38.69, 4.56, -53.69
1400614187572,-38.50, 5.12, -54.25
1400614187573,-38.88, 5.94, -54.75
1400614187583,-39.12, 6.69, -54.38
1400614187638,-39.50, 8.19, -53.38
1400614187638,-39.88, 9.69, -52.56
1400614187645,-40.31, 11.50, -51.62
1400614187722,-40.81, 13.12, -50.88
1400614187723,-41.12, 15.19, -50.19
1400614187723,-41.69, 17.19, -49.25
1400614187729,-42.19, 19.06, -48.38
1400614187805,-42.50, 21.00, -48.50
1400614187806,-42.88, 22.38, -49.31
1400614187806,-43.06, 23.69, -50.06
1400614187806,-43.19, 24.94, -50.81
1400614187894,-43.12, 26.38, -51.69
1400614187894,-43.50, 27.44, -52.69
1400614187894,-43.88, 29.25, -53.94
1400614187894,-43.31, 32.56, -54.44
1400614187945,-40.94, 38.38, -53.25
1400614187945,-33.00, 48.56, -48.44
1400614187991,120.50, 142.94, 68.12
1400614188044,187.25, 180.94, 119.50
1400614188045,254.25, 218.06, 170.88
1400614188090,320.69, 252.62, 221.88
1400614188090,385.31, 283.00, 272.25
1400614188090,444.00, 307.50, 320.12
1400614188140,486.69, 323.25, 358.69
1400614188140,473.94, 314.19, 351.38
1400614188188,368.62, 269.38, 288.81
1400614188188,310.94, 243.00, 253.62
1400614188237,252.31, 216.31, 216.81
1400614188237,193.25, 190.38, 178.44
1400614188286,134.19, 165.44, 138.75
1400614188286,77.06, 139.94, 97.94
1400614188287,30.94, 119.38, 66.44
1400614188336,21.06, 110.06, 56.69
1400614188337,16.69, 103.75, 50.50
1400614188386,13.94, 99.69, 46.31
1400614188386,11.94, 96.81, 43.19
1400614188386,9.94, 94.38, 40.62
1400614188438,8.12, 92.44, 38.69
1400614188439,6.75, 91.06, 37.00
1400614188448,5.81, 90.44, 36.00
1400614188529,5.19, 89.81, 35.50
1400614188529,4.44, 89.56, 34.88
1400614188529,4.12, 89.56, 34.38
1400614188529,3.94, 89.25, 34.06
1400614188585,3.75, 89.25, 34.12
1400614188586,3.62, 89.12, 33.81
1400614188630,3.56, 89.00, 33.62
1400614188630,3.25, 88.88, 33.50
1400614188630,3.19, 89.12, 33.50
1400614188675,3.19, 89.06, 33.31
1400614188675,3.31, 88.94, 33.25
1400614188728,3.25, 89.19, 33.25
1400614188728,3.19, 89.00, 33.19
1400614188729,3.19, 89.19, 33.38
1400614188809,3.12, 89.56, 33.62
1400614188809,3.31, 89.44, 33.62
1400614188809,3.38, 89.25, 33.56
1400614188810,3.50, 89.38, 33.75
1400614188861,3.44, 89.38, 33.69
1400614188861,3.25, 89.50, 33.44
1400614188935,3.31, 89.75, 33.12
1400614188935,3.25, 89.94, 32.88
1400614188935,3.25, 89.81, 32.69
1400614188935,3.31, 90.12, 32.19
1400614188992,3.12, 90.12, 31.69
1400614188993,2.69, 89.94, 31.25
1400614188993,2.44, 90.25, 30.56
1400614189066,2.44, 90.19, 30.38
1400614189066,2.38, 90.50, 30.00
1400614189066,2.06, 90.62, 29.62
1400614189069,2.06, 91.00, 29.12
1400614189144,2.06, 91.19, 29.06
1400614189144,1.94, 91.44, 29.00
1400614189144,2.12, 91.69, 28.69
1400614189149,2.12, 91.69, 28.88
1400614189213,1.94, 91.69, 28.88
1400614189213,2.00, 91.69, 29.25
1400614189213,2.12, 91.69, 29.31
1400614189270,2.06, 91.56, 29.44
1400614189270,1.94, 91.62, 29.38
1400614189270,2.12, 91.62, 29.44
1400614189318,2.06, 91.88, 29.62
1400614189318,2.12, 91.62, 29.56
1400614189366,2.44, 91.94, 29.44
1400614189366,2.31, 92.00, 29.25
1400614189372,2.19, 92.00, 29.19
1400614189416,2.19, 92.56, 28.94
1400614189416,2.12, 93.00, 28.44
1400614189480,1.88, 93.44, 27.94
1400614189480,1.81, 93.69, 27.44
1400614189480,1.69, 94.25, 27.31
1400614189534,1.56, 94.50, 27.25
1400614189534,1.56, 94.69, 27.31
1400614189534,1.62, 94.94, 27.00
1400614189583,1.50, 94.81, 27.06
1400614189583,1.44, 94.75, 27.31
1400614189632,1.44, 94.75, 27.44
1400614189633,1.56, 94.69, 27.62
1400614189633,1.56, 94.62, 27.81
1400614189687,1.44, 94.88, 27.31
1400614189687,1.12, 95.25, 26.31
1400614189697,1.00, 96.38, 25.44
1400614189746,0.44, 97.94, 23.06
1400614189746,3.25, 101.50, 20.75
1400614189813,162.44, 186.50, 128.75
1400614189814,224.19, 216.94, 168.88
1400614189860,286.00, 247.38, 208.69
1400614189860,347.44, 277.12, 248.75
1400614189911,408.94, 305.38, 290.25
1400614189911,466.81, 330.25, 333.12
1400614189913,489.00, 333.19, 348.25
1400614189961,482.38, 329.44, 349.75
1400614190023,348.88, 260.62, 265.31
1400614190023,291.38, 230.81, 228.31
1400614190073,233.88, 201.50, 190.69
1400614190073,176.38, 173.62, 151.44
1400614190074,120.88, 146.44, 110.56
1400614190122,69.31, 120.06, 69.38
1400614190122,35.06, 103.69, 45.25
1400614190195,28.56, 99.25, 40.25
1400614190195,26.38, 97.25, 37.62
1400614190195,24.94, 96.19, 36.31
1400614190195,23.69, 95.50, 35.56
1400614190254,22.75, 94.69, 34.50
1400614190254,22.00, 93.81, 33.31
1400614190256,20.69, 93.50, 32.69
1400614190301,19.38, 93.25, 32.00
1400614190301,18.25, 93.31, 31.88
1400614190350,17.19, 92.94, 31.19
1400614190350,16.12, 92.69, 30.94
1400614190355,15.56, 92.94, 30.50
1400614190402,14.94, 93.06, 30.56
1400614190402,13.94, 93.06, 30.62
1400614190451,12.94, 93.25, 31.06
1400614190451,12.75, 93.00, 30.94
1400614190496,12.56, 92.56, 30.31
1400614190497,12.44, 92.44, 30.31
1400614190497,12.38, 92.50, 29.75
1400614190546,12.38, 92.06, 29.56
1400614190547,12.25, 91.62, 29.25
1400614190615,12.31, 91.75, 29.06
1400614190615,12.88, 91.50, 28.69
1400614190615,12.94, 91.75, 28.50
1400614190662,12.88, 91.69, 28.50
1400614190662,12.69, 91.81, 28.62
1400614190662,12.69, 91.88, 28.88
1400614190707,12.62, 91.94, 28.75
1400614190707,12.50, 92.31, 28.88
1400614190758,12.56, 92.31, 28.88
1400614190758,12.75, 92.44, 28.50
1400614190758,12.81, 92.62, 28.50
1400614190805,12.75, 92.88, 28.31
1400614190805,12.62, 93.06, 27.81
1400614190856,12.75, 93.19, 27.38
1400614190856,12.69, 93.25, 26.94
1400614190859,12.75, 93.06, 26.44
1400614190905,12.62, 93.56, 26.19
1400614190905,12.56, 93.69, 26.12
1400614190985,12.56, 93.62, 25.94
1400614190985,12.56, 93.62, 26.12
1400614190985,12.69, 93.69, 26.25
1400614190986,12.62, 93.69, 26.50
1400614191039,12.69, 93.88, 26.81
1400614191040,12.50, 94.25, 26.81
1400614191040,12.00, 95.12, 25.06
1400614191111,12.88, 98.19, 22.56
1400614191119,165.50, 189.19, 130.25
1400614191195,224.75, 222.06, 169.75
1400614191195,283.62, 255.31, 209.25
1400614191195,342.38, 288.12, 249.12
1400614191199,400.94, 318.44, 291.31
1400614191255,457.88, 345.19, 335.75
1400614191255,480.50, 347.38, 351.88
1400614191261,476.25, 342.69, 355.00
1400614191320,346.94, 266.56, 269.06
1400614191364,291.19, 235.12, 231.25
1400614191364,235.31, 204.62, 191.94
1400614191446,179.56, 175.69, 150.81
1400614191446,123.88, 148.00, 108.00
1400614191447,70.62, 121.06, 64.81
1400614191450,35.00, 104.44, 40.00
1400614191495,28.06, 101.00, 35.38
1400614191495,24.62, 98.69, 32.62
1400614191547,22.06, 97.75, 31.25
1400614191547,19.69, 97.19, 30.12
1400614191547,17.44, 96.56, 28.94
1400614191616,15.19, 96.19, 28.56
1400614191616,13.56, 96.12, 27.88
1400614191616,12.31, 96.25, 27.44
1400614191622,11.25, 96.12, 26.81
1400614191678,10.12, 96.38, 26.75
1400614191678,9.44, 96.19, 26.25
1400614191681,8.56, 96.75, 26.75
1400614191726,8.31, 96.56, 27.00
1400614191726,8.19, 96.81, 26.56
1400614191806,7.88, 96.81, 26.44
1400614191806,7.44, 96.81, 26.06
1400614191806,6.88, 96.81, 26.00
1400614191806,6.81, 96.88, 25.81
1400614191860,6.56, 96.69, 25.75
1400614191860,6.94, 95.94, 24.81
1400614191904,6.75, 96.06, 24.44
1400614191904,6.69, 96.12, 24.31
1400614191904,6.62, 96.38, 23.81
1400614191975,6.50, 96.62, 23.62
1400614191975,6.69, 97.19, 23.44
1400614191975,6.50, 97.31, 22.75
1400614192021,6.38, 97.88, 22.19
1400614192021,6.19, 98.38, 22.06
1400614192024,6.12, 98.56, 21.88
1400614192071,6.12, 98.94, 21.50
1400614192072,6.06, 99.06, 21.56
1400614192120,6.19, 99.25, 21.19
1400614192120,5.94, 99.12, 21.12
1400614192123,6.06, 99.50, 21.06
1400614192170,5.94, 99.50, 20.94
1400614192170,5.44, 100.19, 20.12
1400614192218,4.94, 101.38, 18.19
1400614192218,5.94, 103.50, 15.62
1400614192267,27.81, 115.25, 25.19
1400614192267,146.50, 178.81, 109.00
1400614192316,205.75, 210.75, 150.69
1400614192316,265.00, 242.00, 192.94
1400614192366,324.69, 272.25, 236.06
1400614192366,383.88, 301.06, 280.81
1400614192366,441.38, 327.50, 327.31
1400614192414,476.19, 343.88, 362.75
1400614192414,466.12, 337.25, 359.69
1400614192462,365.00, 293.94, 299.88
1400614192466,307.75, 268.75, 264.69
1400614192522,249.50, 242.94, 227.56
1400614192522,191.19, 217.75, 189.56
1400614192524,132.94, 193.19, 150.12
1400614192579,76.31, 169.12, 109.19
1400614192579,27.25, 148.31, 74.38
1400614192628,13.62, 140.00, 64.12
1400614192628,9.69, 135.75, 59.19
1400614192628,7.62, 133.56, 56.12
1400614192676,6.50, 132.62, 54.25
1400614192676,5.81, 131.81, 52.69
1400614192726,5.00, 131.38, 51.56
1400614192726,4.50, 130.81, 50.69
1400614192726,3.94, 130.06, 49.62
1400614192774,3.25, 129.12, 48.62
1400614192774,2.50, 128.19, 47.31
1400614192826,1.62, 126.75, 46.06
1400614192826,0.81, 125.25, 44.75
1400614192827,-0.06, 124.00, 43.56
1400614192872,-1.00, 122.88, 42.31
1400614192872,-1.75, 121.75, 41.00
1400614192927,-2.62, 120.56, 39.38
1400614192927,-3.31, 119.81, 38.06
1400614192927,-3.88, 119.19, 36.94
1400614192989,-4.00, 118.25, 36.00
1400614192989,-4.06, 117.75, 34.50
1400614192989,-4.31, 117.88, 34.44
1400614193036,-3.75, 117.62, 34.00
1400614193036,-3.88, 117.31, 33.75
1400614193084,-3.81, 117.38, 33.81
1400614193084,-3.94, 117.75, 33.81
1400614193087,-3.69, 117.94, 33.62
1400614193137,-4.00, 118.38, 33.69
1400614193137,-4.56, 118.88, 34.69
1400614193185,-4.94, 119.00, 34.56
1400614193185,-5.56, 119.00, 34.38
1400614193237,-5.69, 119.38, 34.31
1400614193237,-5.38, 119.12, 34.38
1400614193237,-5.25, 118.75, 34.44
1400614193248,-5.62, 118.69, 34.69
1400614193322,-5.69, 118.75, 34.81
1400614193322,-5.88, 118.81, 34.81
1400614193322,-5.75, 118.50, 34.31
1400614193328,-5.81, 118.81, 34.62
1400614193385,-6.00, 118.88, 34.38
1400614193385,-6.56, 119.56, 34.12
1400614193390,-6.75, 119.75, 33.75
1400614193443,-6.94, 119.69, 33.69
1400614193443,-6.81, 119.81, 33.56
1400614193448,-6.69, 120.00, 33.38
1400614193492,-6.62, 120.00, 33.44
1400614193492,-6.62, 119.94, 33.06
1400614193544,-6.69, 119.88, 33.06
1400614193544,-6.75, 119.88, 32.94
1400614193596,-6.75, 120.12, 32.94
1400614193596,-6.62, 120.44, 32.62
1400614193596,-7.12, 121.06, 31.62
1400614193651,-7.75, 122.44, 28.94
1400614193651,0.62, 124.12, 25.50
1400614193705,126.31, 179.44, 104.12
1400614193705,189.06, 206.88, 142.00
1400614193711,251.69, 234.44, 179.38
1400614193754,314.06, 261.75, 216.88
1400614193754,376.75, 287.94, 255.75
1400614193804,439.12, 312.12, 297.31
1400614193804,491.88, 335.06, 340.94
1400614193811,489.62, 331.38, 342.31
1400614193883,486.31, 328.00, 346.56
1400614193883,475.62, 321.56, 344.88
1400614193891,383.94, 273.69, 282.88
1400614193941,328.12, 246.31, 245.62
1400614193941,271.81, 219.56, 206.81
1400614193952,215.44, 193.50, 166.12
1400614194004,159.38, 168.06, 123.50
1400614194004,104.31, 142.19, 80.25
1400614194054,36.44, 110.88, 32.06
1400614194054,30.81, 108.31, 28.12
1400614194103,28.12, 107.19, 26.06
1400614194103,26.62, 106.56, 24.56
1400614194155,25.69, 106.25, 23.62
1400614194155,24.94, 105.81, 23.12
1400614194155,24.31, 105.94, 22.62
1400614194218,24.25, 105.81, 22.31
1400614194221,24.12, 106.12, 22.06
1400614194221,23.94, 105.88, 22.00
1400614194233,23.88, 105.81, 21.94
1400614194302,24.25, 105.69, 21.81
1400614194302,24.25, 105.62, 21.56
1400614194302,24.25, 105.81, 21.62
1400614194314,24.50, 105.69, 21.94
1400614194367,24.44, 105.69, 21.88
1400614194367,24.12, 105.31, 21.94
1400614194373,23.69, 105.56, 21.88
1400614194426,23.75, 105.88, 21.88
1400614194426,23.31, 105.88, 22.00
1400614194513,22.94, 105.81, 21.75
1400614194513,22.44, 105.88, 21.62
1400614194513,21.88, 105.75, 21.00
1400614194513,21.44, 105.69, 20.75
1400614194562,21.31, 105.62, 20.38
1400614194562,21.25, 105.62, 20.06
1400614194562,20.81, 105.44, 19.81
1400614194608,20.12, 105.50, 19.50
1400614194608,19.56, 105.75, 19.69
1400614194660,19.38, 105.50, 19.44
1400614194660,18.94, 105.50, 19.56
1400614194660,18.31, 105.62, 19.19
1400614194707,17.62, 105.69, 19.50
1400614194707,16.69, 105.38, 19.50
1400614194756,15.88, 105.44, 19.44
1400614194756,15.06, 105.38, 19.12
1400614194756,14.56, 105.69, 18.38
1400614194804,13.50, 106.81, 16.62
1400614194805,12.06, 109.06, 13.50
1400614194856,16.88, 112.38, 10.56
1400614194856,129.00, 171.31, 86.31
1400614194904,189.19, 201.06, 125.06
1400614194904,249.38, 230.62, 164.06
1400614194954,309.44, 259.56, 203.94
1400614194954,369.38, 287.19, 246.00
1400614195003,428.94, 313.50, 290.62
1400614195003,481.44, 338.75, 337.06
1400614195003,486.06, 337.81, 344.94
1400614195052,481.62, 336.62, 351.38
1400614195052,471.56, 333.88, 354.88
1400614195100,382.62, 298.94, 305.62
1400614195150,269.88, 252.00, 233.81
1400614195150,213.38, 227.75, 194.19
1400614195200,157.19, 203.12, 152.50
1400614195200,101.94, 178.12, 109.75
1400614195200,51.88, 154.06, 69.62
1400614195248,26.75, 140.56, 50.81
1400614195248,20.50, 135.38, 44.50
1400614195297,16.44, 132.44, 40.44
1400614195297,13.94, 130.19, 37.44
1400614195300,12.06, 128.25, 35.19
1400614195383,10.62, 126.75, 33.31
1400614195383,10.00, 125.31, 31.44
1400614195384,8.88, 124.31, 30.25
1400614195384,8.00, 123.44, 29.31
1400614195447,7.19, 122.62, 28.12
1400614195447,6.25, 121.25, 27.00
1400614195447,5.25, 120.56, 25.88
1400614195458,4.62, 120.25, 25.00
1400614195509,4.25, 119.75, 24.12
1400614195509,2.94, 119.50, 23.56
1400614195583,2.50, 119.00, 22.94
1400614195583,1.88, 118.94, 22.00
1400614195583,1.44, 118.75, 21.69
1400614195583,1.31, 118.62, 21.38
1400614195643,1.25, 118.69, 21.31
1400614195643,0.75, 118.31, 21.12
1400614195643,0.19, 118.06, 20.94
1400614195687,0.06, 118.19, 20.62
1400614195687,-0.19, 118.38, 20.38
1400614195736,-0.31, 118.06, 20.31
1400614195736,-0.75, 118.25, 20.38
1400614195739,-0.88, 118.38, 20.25
1400614195806,-0.94, 118.31, 19.94
1400614195806,-1.00, 118.50, 19.50
1400614195806,-1.38, 118.94, 18.88
1400614195853,-1.56, 119.62, 18.06
1400614195853,-2.25, 120.81, 16.56
1400614195902,-2.56, 123.44, 13.69
1400614195902,17.38, 134.19, 20.25
1400614195953,137.00, 197.62, 102.25
1400614195953,196.81, 229.94, 142.56
1400614196005,256.94, 262.12, 183.06
1400614196005,316.94, 293.50, 224.00
1400614196005,377.31, 323.31, 265.81
1400614196020,437.25, 350.69, 310.38
1400614196068,477.00, 368.00, 346.06
1400614196068,476.12, 363.31, 348.06
1400614196114,464.12, 351.44, 339.88
1400614196166,359.81, 291.12, 265.00
1400614196166,303.12, 259.25, 225.81
1400614196166,245.56, 228.06, 185.69
1400614196212,187.81, 198.19, 143.88
1400614196212,130.00, 169.81, 101.06
1400614196289,72.75, 142.56, 57.00
1400614196292,26.31, 121.88, 24.25
1400614196292,17.06, 117.75, 20.12
1400614196292,13.00, 115.94, 17.81
1400614196347,10.88, 115.06, 16.38
1400614196347,9.94, 113.88, 15.38
1400614196347,9.12, 113.00, 14.56
1400614196390,7.81, 112.88, 14.25
1400614196390,7.00, 112.94, 13.94
1400614196475,6.44, 112.69, 13.56
1400614196475,6.00, 112.44, 13.12
1400614196475,5.62, 112.50, 12.88
1400614196475,5.56, 112.75, 12.56
1400614196531,4.88, 113.38, 12.31
1400614196531,4.25, 113.50, 12.31
1400614196531,3.94, 113.50, 12.12
1400614196542,3.25, 113.38, 12.00
1400614196623,2.69, 113.31, 11.94
1400614196623,2.25, 113.69, 11.94
1400614196623,1.81, 113.75, 11.75
1400614196623,1.12, 113.38, 11.56
1400614196675,0.69, 113.50, 11.31
1400614196675,0.38, 113.94, 10.69
1400614196725,0.25, 113.94, 10.19
1400614196725,0.19, 114.31, 9.44
1400614196726,-0.25, 115.12, 8.75
1400614196806,-0.38, 115.69, 7.88
1400614196806,-0.56, 116.50, 7.19
1400614196806,-0.81, 117.06, 6.44
1400614196806,-1.00, 117.31, 6.12
1400614196892,-0.88, 117.38, 6.38
1400614196892,-1.00, 117.44, 6.31
1400614196892,-1.12, 117.44, 6.50
1400614196892,-1.19, 117.38, 6.75
1400614196967,-1.19, 117.19, 6.88
1400614196967,-1.12, 117.31, 6.75
1400614196967,-1.31, 118.19, 5.81
1400614196970,-1.94, 119.88, 3.31
1400614197015,-2.56, 123.56, -0.62
1400614197015,8.50, 131.56, -1.31
1400614197091,127.00, 202.06, 80.69
1400614197092,185.75, 236.94, 121.00
1400614197092,244.75, 270.94, 161.69
1400614197160,304.12, 304.06, 203.75
1400614197160,364.56, 334.50, 247.62
1400614197161,425.56, 360.44, 293.38
1400614197168,475.19, 380.25, 336.50
1400614197243,476.38, 370.94, 337.94
1400614197244,478.50, 359.56, 339.06
1400614197297,363.31, 274.00, 248.44
1400614197297,307.25, 242.56, 208.38
1400614197342,249.75, 213.62, 167.06
1400614197342,191.50, 186.50, 124.75
1400614197346,132.31, 160.69, 81.81
1400614197416,73.38, 137.12, 39.88
1400614197420,27.06, 123.12, 14.62
1400614197420,19.75, 120.75, 11.31
1400614197426,15.25, 119.12, 9.06
1400614197476,12.62, 118.25, 6.94
1400614197476,10.69, 117.38, 5.94
1400614197522,8.94, 116.25, 5.06
1400614197522,7.25, 115.69, 4.69
1400614197575,6.00, 115.06, 4.00
1400614197575,5.06, 114.75, 3.31
1400614197575,4.00, 114.31, 2.75
1400614197642,3.00, 113.94, 2.38
1400614197642,1.81, 114.00, 2.56
1400614197642,1.06, 114.19, 2.12
1400614197649,0.00, 115.00, 2.81
1400614197708,-0.38, 115.06, 2.50
1400614197708,-0.94, 114.69, 2.38
1400614197708,-1.56, 114.19, 1.81
1400614197767,-2.38, 113.75, 1.38
1400614197767,-3.00, 113.56, 0.62
1400614197770,-3.56, 113.31, -0.19
1400614197844,-4.62, 113.06, -1.00
1400614197844,-5.25, 112.69, -2.94
1400614197844,-5.75, 113.06, -4.19
1400614197850,-6.62, 114.12, -5.38
1400614197913,-7.44, 115.31, -6.31
1400614197913,-7.94, 116.50, -7.56
1400614197913,-8.44, 117.81, -8.62
1400614197983,-8.94, 119.25, -10.38
1400614197983,-9.75, 121.44, -12.88
1400614197983,-6.25, 126.25, -14.25
1400614198054,97.81, 192.19, 67.56
1400614198054,157.94, 225.69, 112.00
1400614198054,218.31, 259.25, 156.44
1400614198121,278.50, 292.56, 201.06
1400614198121,338.69, 325.31, 246.38
1400614198121,399.38, 356.44, 292.44
1400614198131,456.19, 383.44, 338.38
1400614198180,472.00, 381.25, 346.69
1400614198180,472.31, 375.19, 348.69
1400614198227,469.25, 366.50, 347.81
1400614198277,331.25, 281.62, 242.69
1400614198277,275.19, 250.94, 202.38
1400614198326,218.19, 221.25, 161.12
1400614198326,161.00, 192.94, 118.69
1400614198376,103.44, 166.88, 74.94
1400614198376,48.81, 143.44, 34.50
1400614198380,22.00, 134.31, 20.62
1400614198391,15.44, 132.19, 16.94
1400614198472,12.38, 130.88, 14.75
1400614198472,10.44, 130.19, 13.44
1400614198472,8.31, 129.56, 12.69
1400614198472,6.62, 129.50, 12.25
1400614198525,5.31, 129.00, 11.81
1400614198525,4.12, 128.44, 11.19
1400614198574,3.12, 128.44, 11.00
1400614198574,2.12, 128.44, 10.75
1400614198574,0.88, 128.62, 10.75
1400614198648,-0.19, 128.50, 10.56
1400614198648,-0.94, 128.50, 10.62
1400614198648,-1.88, 127.81, 10.00
1400614198653,-3.00, 127.50, 9.50
1400614198722,-3.88, 127.00, 8.94
1400614198722,-4.88, 126.50, 8.19
1400614198722,-6.12, 125.69, 7.44
1400614198772,-7.81, 125.12, 6.50
1400614198772,-9.38, 124.88, 5.69
1400614198774,-10.56, 124.56, 4.00
1400614198836,-11.56, 124.75, 2.81
1400614198836,-12.56, 125.06, 1.50
1400614198836,-13.75, 125.94, 0.06
1400614198883,-14.44, 127.06, -1.44
1400614198883,-15.06, 128.38, -3.44
1400614198933,-15.88, 130.25, -6.12
1400614198933,-17.00, 134.06, -10.31
1400614198982,-5.19, 146.56, -7.81
1400614198983,111.06, 222.31, 77.12
1400614199031,170.19, 260.62, 118.69
1400614199031,229.25, 298.56, 160.88
1400614199034,288.56, 335.94, 203.88
1400614199081,348.50, 371.12, 248.31
1400614199081,408.50, 402.88, 295.00
1400614199131,455.81, 424.31, 336.50
1400614199131,457.12, 418.62, 339.31
1400614199207,456.94, 410.31, 344.06
1400614199207,449.69, 400.38, 346.69
1400614199207,361.38, 350.44, 293.19
1400614199262,306.50, 321.81, 258.75
1400614199263,195.00, 266.25, 184.62
1400614199275,138.94, 241.25, 144.88
1400614199321,83.12, 217.31, 103.94
1400614199321,33.81, 194.81, 65.56
1400614199372,12.38, 183.06, 50.06
1400614199372,8.06, 179.25, 45.75
1400614199377,5.25, 176.69, 42.81
1400614199420,2.88, 174.69, 40.44
1400614199420,1.12, 173.19, 38.62
1400614199481,-0.75, 171.69, 37.38
1400614199482,-2.44, 170.56, 36.25
1400614199482,-3.81, 169.31, 35.19
1400614199537,-5.00, 168.62, 34.25
1400614199537,-6.12, 168.06, 33.50
1400614199537,-7.12, 167.50, 32.62
1400614199583,-7.88, 167.25, 32.00
1400614199583,-8.50, 167.31, 31.44
1400614199634,-9.12, 167.25, 30.50
1400614199634,-9.88, 167.25, 30.06
1400614199636,-10.44, 167.12, 29.62
1400614199688,-10.94, 166.75, 29.62
1400614199688,-11.31, 166.62, 29.50
1400614199698,-11.50, 166.38, 29.44
1400614199752,-11.75, 166.06, 29.62
1400614199752,-12.25, 165.94, 29.69
1400614199796,-12.25, 165.75, 29.75
1400614199797,-12.25, 165.56, 29.62
1400614199797,-12.31, 165.69, 29.62
1400614199873,-12.31, 165.62, 29.25
1400614199873,-12.56, 165.56, 29.06
1400614199873,-12.62, 165.88, 28.94
1400614199877,-12.69, 165.81, 28.88
1400614199934,-12.50, 165.69, 28.69
1400614199934,-12.69, 165.50, 28.69
1400614199938,-12.75, 165.75, 28.50
1400614200035,-12.75, 165.94, 28.19
1400614200035,-13.00, 166.69, 27.81
1400614200036,-12.81, 167.25, 27.31
1400614200036,-13.06, 167.88, 26.44
1400614200038,-13.44, 169.25, 24.88
1400614200096,-14.31, 171.50, 22.69
1400614200096,-14.56, 174.94, 19.62
1400614200143,-3.00, 182.94, 21.44
1400614200143,113.56, 243.50, 99.50
1400614200214,172.44, 273.06, 137.88
1400614200215,231.75, 302.06, 176.19
1400614200215,291.00, 330.25, 215.38
1400614200220,350.81, 356.88, 255.25
1400614200289,410.00, 380.94, 296.31
1400614200289,457.81, 398.75, 333.50
1400614200289,459.00, 391.94, 334.44
1400614200340,458.62, 384.25, 337.19
1400614200340,441.62, 370.81, 327.19
1400614200387,335.25, 314.69, 256.75
1400614200387,277.88, 284.69, 218.38
1400614200470,219.81, 255.50, 179.19
1400614200470,160.94, 227.31, 138.56
1400614200471,101.69, 201.00, 96.50
1400614200471,43.94, 176.00, 53.19
1400614200526,2.06, 157.06, 22.94
1400614200526,-6.06, 151.69, 16.38
1400614200526,-9.56, 149.25, 13.12
1400614200586,-11.44, 148.19, 11.44
1400614200586,-11.69, 147.25, 9.69
1400614200586,-12.00, 147.44, 9.31
1400614200634,-12.00, 147.44, 8.69
1400614200634,-11.94, 147.19, 8.50
1400614200686,-12.19, 147.56, 8.19
1400614200686,-11.94, 148.06, 8.19
1400614200686,-11.69, 148.25, 7.81
1400614200734,-11.44, 148.44, 7.25
1400614200734,-12.19, 148.94, 7.25
1400614200810,-12.69, 149.06, 7.06
1400614200810,-12.81, 149.06, 6.75
1400614200810,-12.88, 149.12, 6.69
1400614200810,-12.62, 148.69, 6.56
1400614200867,-13.25, 148.38, 6.25
1400614200867,-13.75, 148.44, 6.19
1400614200867,-13.88, 148.38, 6.56
1400614200915,-13.81, 148.62, 6.81
1400614200915,-13.75, 148.56, 6.31
1400614200962,-14.19, 149.00, 6.44
1400614200962,-14.56, 149.50, 6.12
1400614200962,-14.94, 150.12, 5.88
1400614201013,-14.94, 150.50, 5.81
1400614201013,-15.06, 150.94, 5.25
1400614201060,-15.62, 152.00, 4.06
1400614201060,-16.44, 153.75, 2.00
1400614201111,-13.94, 157.62, 0.38
1400614201111,83.62, 217.62, 73.12
1400614201160,141.94, 249.69, 114.19
1400614201160,200.44, 281.62, 154.94
1400614201164,258.94, 313.44, 196.00
1400614201210,317.56, 344.31, 237.25
1400614201211,376.25, 372.88, 279.44
1400614201287,432.19, 398.06, 322.31
1400614201287,451.06, 396.88, 333.19
1400614201287,451.31, 390.50, 335.12
1400614201287,446.62, 382.00, 334.56
1400614201342,416.81, 360.50, 310.31
1400614201345,311.31, 300.94, 236.00
1400614201402,255.25, 271.19, 196.94
1400614201402,198.12, 242.56, 156.31
1400614201404,140.69, 215.56, 114.38
1400614201451,83.00, 190.31, 71.38
1400614201452,29.88, 166.81, 31.19
1400614201530,1.62, 156.25, 14.94
1400614201530,-5.44, 153.19, 10.81
1400614201530,-9.12, 151.88, 8.50
1400614201530,-10.88, 151.50, 7.62
1400614201591,-11.94, 151.12, 7.19
1400614201591,-12.44, 150.88, 6.44
1400614201591,-12.81, 150.88, 6.44
1400614201605,-12.81, 150.62, 6.44
1400614201674,-12.69, 150.69, 6.31
1400614201674,-12.75, 150.81, 6.44
1400614201675,-12.56, 151.06, 6.69
1400614201685,-12.56, 151.06, 6.38
1400614201736,-12.75, 150.81, 6.31
1400614201736,-13.19, 150.88, 6.56
1400614201747,-13.44, 150.75, 6.50
1400614201825,-14.06, 150.75, 6.69
1400614201825,-14.56, 150.62, 6.75
1400614201825,-14.75, 150.75, 6.75
1400614201827,-14.94, 150.31, 6.69
1400614201881,-15.56, 150.06, 6.62
1400614201882,-15.69, 150.12, 6.50
1400614201927,-15.94, 150.19, 6.56
1400614201927,-16.12, 150.19, 6.19
1400614201927,-16.06, 150.62, 5.44
1400614201993,-16.19, 150.75, 4.94
1400614201993,-16.50, 150.88, 4.56
1400614201993,-17.00, 151.38, 4.00
1400614202044,-16.81, 151.62, 3.44
1400614202044,-16.94, 152.06, 3.31
1400614202047,-17.00, 152.62, 2.94
1400614202093,-16.94, 153.12, 2.44
1400614202093,-17.25, 153.44, 1.94
1400614202145,-17.81, 154.81, 0.56
1400614202145,-17.50, 158.25, -2.25
1400614202149,9.00, 178.50, 14.69
1400614202231,121.75, 247.50, 94.56
1400614202231,178.00, 282.69, 133.38
1400614202231,234.00, 317.81, 172.31
1400614202293,290.25, 352.56, 211.81
1400614202293,346.75, 385.12, 252.56
1400614202294,402.50, 413.69, 295.62
1400614202355,432.62, 423.06, 320.69
1400614202355,433.38, 416.25, 323.25
1400614202355,434.69, 406.12, 326.88
1400614202425,434.62, 391.38, 326.50
1400614202430,308.25, 296.50, 226.88
1400614202490,254.00, 264.06, 186.38
1400614202490,198.75, 233.81, 143.94
1400614202490,142.38, 206.19, 100.31
1400614202554,85.38, 180.12, 56.50
1400614202554,29.44, 158.38, 17.12
1400614202558,-2.00, 149.00, 1.44
1400614202569,-9.00, 146.62, -1.69
1400614202641,-12.06, 144.81, -3.50
1400614202641,-14.06, 143.88, -4.81
1400614202641,-15.69, 143.25, -5.44
1400614202650,-17.00, 142.69, -5.69
1400614202728,-17.94, 142.12, -5.81
1400614202728,-18.69, 141.62, -6.06
1400614202728,-19.38, 141.69, -6.38
1400614202730,-19.75, 141.62, -6.62
1400614202784,-20.44, 142.25, -6.69
1400614202784,-20.81, 142.19, -6.69
1400614202792,-21.31, 142.88, -6.56
1400614202847,-21.88, 142.44, -6.88
1400614202847,-22.50, 142.75, -7.38
1400614202896,-23.00, 142.94, -7.50
1400614202896,-23.38, 142.94, -7.69
1400614202896,-24.06, 142.88, -8.19
1400614202944,-25.00, 142.50, -8.75
1400614202944,-25.94, 142.56, -9.19
1400614202996,-26.44, 142.00, -9.94
1400614202996,-26.88, 142.62, -10.62
1400614202996,-27.25, 142.81, -11.19
1400614203042,-27.56, 143.25, -12.06
1400614203042,-27.94, 143.50, -12.88
1400614203094,-28.25, 144.19, -13.75
1400614203094,-28.88, 145.75, -15.19
1400614203094,-28.06, 149.00, -17.00
1400614203153,120.81, 240.12, 97.88
1400614203230,179.25, 273.44, 141.38
1400614203230,237.81, 307.00, 184.44
1400614203230,296.06, 339.88, 227.81
1400614203234,354.44, 371.00, 271.75
1400614203293,411.69, 399.06, 316.75
1400614203293,437.00, 404.19, 334.00
1400614203293,437.25, 399.94, 334.56
1400614203353,436.75, 394.25, 336.38
1400614203353,433.31, 387.19, 337.12
1400614203424,304.38, 314.50, 245.88
1400614203424,249.62, 287.25, 207.00
1400614203435,194.19, 260.81, 166.94
1400614203489,138.25, 235.31, 125.81
1400614203489,82.06, 210.81, 83.81
1400614203493,28.31, 187.38, 43.06
1400614203551,-3.38, 174.12, 22.25
1400614203551,-10.25, 170.94, 17.75
1400614203603,-14.06, 169.25, 14.94
1400614203603,-16.38, 168.12, 13.38
1400614203603,-17.88, 167.44, 12.19
1400614203614,-19.38, 166.94, 11.44
1400614203669,-20.62, 166.38, 11.19
1400614203669,-21.50, 166.00, 10.81
1400614203675,-22.00, 165.44, 10.75
1400614203752,-22.06, 164.94, 10.12
1400614203752,-22.19, 164.88, 10.12
1400614203752,-22.56, 164.56, 10.19
1400614203756,-23.06, 163.81, 10.06
1400614203816,-23.50, 163.31, 9.94
1400614203816,-23.81, 163.31, 9.81
1400614203816,-23.75, 163.25, 9.94
1400614203877,-23.81, 162.88, 9.62
1400614203877,-24.62, 162.56, 10.25
1400614203877,-25.56, 162.06, 9.94
1400614203952,-26.38, 162.25, 10.38
1400614203952,-27.00, 162.25, 10.31
1400614203952,-27.62, 162.19, 10.44
1400614203957,-27.75, 161.56, 10.38
1400614204014,-28.50, 161.31, 10.38
1400614204014,-29.19, 161.44, 10.50
1400614204016,-29.56, 161.88, 10.44
1400614204074,-29.94, 162.00, 10.50
1400614204074,-29.88, 161.75, 9.31
1400614204123,-30.31, 162.06, 8.56
1400614204123,-30.56, 162.69, 7.56
1400614204123,-31.44, 163.81, 6.00
1400614204170,-32.31, 165.44, 3.69
1400614204170,-32.62, 168.75, 1.00
1400614204220,-19.62, 178.75, 4.62
1400614204220,96.19, 240.75, 85.44
1400614204270,154.81, 271.94, 125.38
1400614204270,213.25, 302.69, 165.50
1400614204320,272.19, 332.75, 206.38
1400614204320,331.12, 361.06, 248.44
1400614204320,389.69, 386.50, 291.62
1400614204370,434.88, 404.06, 329.31
1400614204370,435.62, 399.69, 330.56
1400614204419,436.19, 392.94, 332.94
1400614204419,434.31, 383.75, 332.88
1400614204469,317.00, 303.19, 236.88
1400614204536,262.75, 273.38, 196.00
1400614204537,207.81, 244.56, 154.06
1400614204537,152.19, 217.19, 111.19
1400614204538,95.94, 190.94, 67.81
1400614204601,41.38, 167.31, 26.88
1400614204605,1.38, 154.75, 4.31
1400614204605,-7.19, 152.25, 0.69
1400614204618,-12.25, 150.75, -1.50
1400614204665,-14.94, 149.81, -3.62
1400614204665,-17.62, 149.06, -4.88
1400614204713,-19.88, 148.50, -5.81
1400614204713,-21.62, 147.75, -6.62
1400614204763,-23.50, 146.75, -7.19
1400614204763,-25.06, 146.12, -7.56
1400614204763,-26.12, 145.69, -7.88
1400614204812,-27.00, 145.38, -8.00
1400614204812,-28.31, 145.00, -8.00
1400614204862,-29.31, 144.31, -8.62
1400614204862,-30.06, 143.81, -9.19
1400614204862,-30.69, 144.12, -9.81
1400614204910,-30.94, 144.38, -10.38
1400614204910,-31.19, 144.62, -11.00
1400614204957,-31.81, 144.88, -12.00
1400614204957,-32.50, 145.25, -12.94
1400614204961,-33.00, 145.94, -13.50
1400614205008,-33.38, 146.69, -14.31
1400614205008,-33.94, 147.31, -15.06
1400614205056,-34.50, 147.62, -16.06
1400614205056,-35.44, 148.81, -17.62
1400614205061,-35.81, 151.06, -19.81
1400614205120,-22.31, 157.38, -17.75
1400614205122,100.12, 215.38, 64.25
1400614205170,160.62, 245.31, 105.38
1400614205170,220.94, 275.00, 146.31
1400614205219,281.31, 304.19, 187.81
1400614205219,340.94, 333.00, 231.00
1400614205221,399.50, 360.81, 275.75
1400614205270,444.62, 383.75, 317.31
1400614205270,441.12, 382.75, 320.88
1400614205317,439.62, 378.94, 324.94
1400614205317,435.81, 370.12, 323.75
1400614205372,297.62, 292.00, 220.88
1400614205381,242.44, 262.81, 180.44
1400614205434,186.19, 234.12, 138.81
1400614205434,129.50, 206.75, 95.69
1400614205487,72.19, 180.88, 52.25
1400614205490,17.00, 159.88, 14.12
1400614205490,-11.50, 152.50, 1.75
1400614205502,-18.00, 150.38, -1.19
1400614205546,-20.56, 148.88, -3.06
1400614205546,-22.62, 148.38, -3.81
1400614205597,-23.94, 147.94, -4.38
1400614205597,-25.19, 147.44, -4.88
1400614205678,-26.12, 147.38, -5.19
1400614205678,-26.69, 147.31, -5.12
1400614205678,-26.88, 147.31, -5.19
1400614205678,-26.88, 146.88, -5.19
1400614205727,-28.00, 146.69, -5.12
1400614205728,-28.62, 146.00, -5.44
1400614205728,-29.56, 146.00, -5.62
1400614205776,-29.75, 145.88, -5.44
1400614205776,-30.19, 145.62, -5.50
1400614205831,-30.75, 145.31, -5.88
1400614205831,-31.75, 145.00, -5.88
1400614205831,-32.44, 145.19, -6.00
1400614205845,-32.81, 145.50, -6.06
1400614205891,-33.38, 145.69, -6.38
1400614205891,-33.81, 146.00, -7.19
1400614205940,-34.69, 147.12, -8.62
1400614205940,-35.31, 149.25, -11.19
1400614205944,-27.50, 154.00, -12.44
1400614205990,90.88, 214.19, 70.06
1400614206041,151.06, 244.38, 110.00
1400614206041,211.56, 274.44, 150.00
1400614206090,272.19, 304.06, 190.69
1400614206090,332.88, 332.88, 231.88
1400614206090,393.50, 360.25, 274.44
1400614206142,446.00, 383.62, 316.44
1400614206142,448.44, 380.12, 315.62
1400614206145,448.19, 375.50, 318.00
1400614206230,448.06, 368.81, 320.12
1400614206230,436.56, 352.56, 306.88
1400614206230,335.75, 294.56, 231.25
1400614206287,280.31, 264.88, 191.56
1400614206287,223.69, 236.19, 150.62
1400614206287,166.69, 208.81, 108.75
1400614206347,109.50, 182.69, 65.75
1400614206347,51.88, 158.06, 23.06
1400614206350,5.25, 143.31, -4.06
1400614206396,-4.88, 140.56, -7.75
1400614206396,-9.81, 139.12, -10.00
1400614206458,-12.56, 138.31, -11.00
1400614206458,-14.88, 137.75, -11.56
1400614206458,-16.94, 137.69, -12.31
1400614206466,-18.50, 137.38, -12.44
1400614206511,-19.69, 137.19, -12.81
1400614206512,-20.88, 137.06, -13.19
1400614206560,-22.25, 137.19, -13.44
1400614206560,-23.69, 137.81, -13.31
1400614206648,-24.44, 138.06, -13.56
1400614206648,-25.25, 138.12, -14.00
1400614206648,-26.06, 137.88, -14.12
1400614206648,-26.94, 138.06, -14.88
1400614206649,-27.38, 138.00, -15.00
1400614206712,-27.38, 137.94, -15.31
1400614206712,-27.44, 137.56, -15.50
1400614206712,-27.56, 137.12, -16.12
1400614206760,-27.88, 136.94, -16.88
1400614206760,-27.88, 137.25, -17.12
1400614206807,-27.75, 137.38, -17.69
1400614206807,-27.69, 137.56, -17.88
1400614206809,-27.88, 137.94, -18.38
1400614206858,-28.06, 138.38, -19.00
1400614206858,-28.12, 138.81, -19.31
1400614206906,-28.19, 139.25, -19.81
1400614206906,-28.25, 139.69, -20.00
1400614206908,-28.38, 140.00, -20.69
1400614206956,-28.50, 140.88, -22.00
1400614206956,-29.56, 142.75, -24.12
1400614207006,-27.25, 147.38, -25.75
1400614207006,-6.06, 160.50, -15.94
1400614207054,108.31, 224.44, 72.06
1400614207054,165.88, 255.88, 115.94
1400614207104,223.44, 286.94, 160.44
1400614207104,281.38, 317.19, 205.75
1400614207157,340.00, 345.62, 251.88
1400614207157,395.56, 370.50, 297.75
1400614207157,432.12, 385.62, 333.06
1400614207171,432.69, 381.06, 333.94
1400614207218,431.06, 374.00, 333.31
1400614207265,313.50, 301.56, 237.00
1400614207270,260.44, 274.06, 197.06
1400614207318,206.50, 247.19, 156.38
1400614207318,151.56, 220.94, 114.62
1400614207365,96.31, 195.56, 72.44
1400614207365,42.38, 172.31, 32.12
1400614207415,4.12, 159.81, 10.19
1400614207415,-3.88, 156.94, 6.44
1400614207419,-8.62, 155.31, 4.25
1400614207430,-12.12, 153.81, 2.31
1400614207482,-14.81, 153.12, 0.69
1400614207482,-17.00, 152.75, -0.56
1400614207528,-18.81, 152.50, -1.62
1400614207528,-20.00, 152.56, -2.00
1400614207532,-21.06, 152.38, -2.56
1400614207579,-21.94, 152.62, -3.00
1400614207579,-23.06, 152.94, -3.38
1400614207627,-23.69, 153.38, -3.44
1400614207627,-24.62, 153.25, -3.38
1400614207677,-24.94, 153.12, -3.31
1400614207677,-25.75, 153.00, -2.56
1400614207677,-26.25, 152.62, -2.75
1400614207744,-26.94, 152.88, -2.69
1400614207744,-27.50, 152.75, -2.69
1400614207744,-28.25, 152.69, -2.75
1400614207790,-29.12, 152.62, -3.38
1400614207790,-30.00, 153.12, -4.38
1400614207792,-31.25, 154.19, -5.94
1400614207836,-32.12, 155.75, -8.88
1400614207836,-33.56, 158.62, -11.69
1400614207886,-28.31, 164.69, -12.31
1400614207937,69.31, 224.06, 59.81
1400614207937,127.19, 255.19, 101.25
1400614207937,185.31, 285.69, 143.00
1400614207986,243.88, 315.12, 185.50
1400614207986,302.62, 343.19, 229.06
1400614208037,361.75, 368.75, 273.50
1400614208037,414.62, 389.69, 316.62
1400614208037,432.81, 388.25, 328.75
1400614208113,433.62, 382.62, 330.75
1400614208113,433.00, 376.00, 331.88
1400614208113,422.81, 362.31, 321.00
1400614208171,327.06, 308.88, 246.44
1400614208171,273.56, 282.25, 206.88
1400614208175,218.94, 256.12, 166.06
1400614208231,163.38, 230.44, 124.25
1400614208231,107.38, 205.25, 81.62
1400614208234,51.88, 181.00, 39.94
1400614208311,5.69, 164.19, 10.19
1400614208311,-6.44, 160.44, 5.69
1400614208311,-12.25, 158.50, 2.94
1400614208314,-15.75, 157.38, 1.31
1400614208366,-17.94, 156.25, -0.12
1400614208366,-19.38, 155.56, -1.31
1400614208412,-20.56, 155.44, -1.88
1400614208412,-21.06, 155.38, -1.81
1400614208416,-21.69, 155.00, -1.56
1400614208464,-22.19, 154.31, -1.81
1400614208464,-23.12, 153.75, -2.00
1400614208513,-24.00, 153.69, -2.06
1400614208513,-25.19, 154.31, -2.00
1400614208562,-26.25, 154.31, -1.69
1400614208562,-27.62, 154.38, -1.19
1400614208562,-29.00, 153.75, -1.38
1400614208610,-30.19, 153.25, -1.88
1400614208610,-31.38, 153.06, -1.81
1400614208660,-31.81, 152.94, -1.75
1400614208661,-32.56, 152.38, -2.50
1400614208661,-33.44, 152.00, -3.12
1400614208710,-34.50, 151.94, -4.00
1400614208710,-34.88, 151.81, -5.56
1400614208758,-35.50, 152.50, -6.81
1400614208758,-36.31, 153.50, -7.88
1400614208758,-36.81, 154.50, -9.00
1400614208806,-37.31, 155.62, -10.44
1400614208806,-38.06, 157.19, -11.81
1400614208855,-38.50, 159.69, -13.69
1400614208855,-30.31, 166.25, -12.75
1400614208906,79.81, 228.50, 70.81
1400614208906,138.38, 259.06, 113.50
1400614208953,196.69, 289.50, 156.00
1400614208953,255.12, 319.38, 199.06
1400614209004,313.88, 347.75, 243.06
1400614209004,372.94, 373.81, 288.06
1400614209004,423.25, 394.50, 330.50
1400614209054,429.62, 389.12, 333.94
1400614209054,427.19, 383.56, 334.81
1400614209103,413.62, 370.56, 323.12
1400614209103,316.06, 314.56, 247.50
1400614209173,262.31, 286.12, 207.25
1400614209173,207.44, 258.44, 165.94
1400614209173,152.00, 231.75, 124.31
1400614209180,96.56, 205.56, 81.50
1400614209234,42.94, 180.44, 39.62
1400614209238,0.00, 162.56, 10.12
1400614209239,-10.75, 158.88, 5.88
1400614209294,-16.38, 156.56, 2.94
1400614209294,-19.81, 155.31, 1.50
1400614209300,-22.62, 154.56, 0.44
1400614209343,-24.81, 153.88, -0.31
1400614209343,-26.50, 153.31, -0.81
1400614209393,-28.12, 152.62, -1.31
1400614209393,-29.62, 152.31, -1.50
1400614209441,-30.81, 152.31, -1.69
1400614209441,-31.62, 152.38, -1.50
1400614209442,-32.44, 151.88, -1.94
1400614209521,-33.56, 151.81, -1.88
1400614209521,-34.56, 151.38, -2.25
1400614209522,-35.12, 151.25, -2.38
1400614209522,-35.75, 150.81, -2.62
1400614209581,-36.06, 150.19, -2.81
1400614209581,-36.81, 149.81, -3.38
1400614209582,-37.56, 149.75, -3.81
1400614209641,-38.38, 149.81, -4.56
1400614209641,-38.62, 149.88, -5.44
1400614209641,-39.19, 150.56, -6.12
1400614209690,-39.94, 151.31, -7.19
1400614209690,-40.88, 152.69, -8.31
1400614209740,-41.56, 155.25, -10.50
1400614209740,-29.44, 162.25, -8.06
1400614209790,90.12, 223.69, 76.62
1400614209790,149.19, 254.44, 118.50
1400614209840,208.38, 285.25, 159.88
1400614209840,267.50, 316.06, 201.62
1400614209842,327.00, 345.69, 243.69
1400614209918,386.44, 373.31, 286.88
1400614209918,433.62, 394.69, 327.12
1400614209918,432.56, 390.88, 327.94
1400614209922,433.19, 385.12, 329.25
1400614209972,433.44, 377.00, 329.06
1400614209972,423.44, 359.12, 314.38
1400614210046,329.62, 298.25, 236.81
1400614210046,276.81, 267.69, 195.94
1400614210046,222.56, 238.25, 153.31
1400614210125,167.12, 210.50, 109.75
1400614210125,110.81, 184.19, 65.69
1400614210125,54.56, 160.06, 23.44
1400614210129,7.69, 145.00, -3.94
1400614210182,-5.50, 142.06, -8.19
1400614210182,-11.81, 140.69, -10.69
1400614210184,-16.19, 140.06, -12.19
1400614210230,-19.31, 140.06, -13.31
1400614210230,-21.62, 139.69, -13.75
1400614210310,-23.69, 139.25, -14.25
1400614210310,-25.62, 139.19, -14.50
1400614210310,-26.75, 139.50, -14.94
1400614210310,-27.69, 139.56, -14.75
1400614210369,-28.94, 140.00, -14.75
1400614210369,-29.38, 139.75, -14.81
1400614210369,-30.62, 140.00, -14.06
1400614210442,-31.44, 139.62, -14.19
1400614210442,-31.94, 139.44, -14.44
1400614210442,-32.56, 139.38, -14.62
1400614210444,-33.19, 139.19, -14.69
1400614210518,-34.00, 139.50, -15.44
1400614210518,-35.06, 139.44, -15.94
1400614210518,-36.00, 140.25, -16.62
1400614210524,-36.62, 140.62, -18.38
1400614210576,-37.81, 142.38, -20.06
1400614210576,-38.94, 145.19, -22.19
1400614210622,-32.81, 152.69, -20.31
1400614210626,73.19, 220.81, 65.50
1400614210674,132.12, 254.06, 108.62
1400614210674,191.19, 286.88, 151.62
1400614210723,250.50, 319.06, 194.81
1400614210724,310.44, 350.31, 238.56
1400614210726,370.12, 379.44, 282.75
1400614210798,422.81, 402.56, 323.38
1400614210798,433.62, 397.38, 325.00
1400614210798,434.56, 391.12, 325.19
1400614210806,433.12, 384.44, 326.50
1400614210852,413.06, 370.56, 313.56
1400614210919,303.62, 315.50, 240.31
1400614210919,246.12, 287.25, 201.75
1400614210919,188.00, 259.56, 162.12
1400614210970,129.62, 233.25, 121.62
1400614210970,71.00, 208.31, 79.75
1400614210970,13.56, 184.38, 37.81
1400614211015,-25.44, 167.50, 10.75
1400614211015,-31.62, 163.81, 6.38
1400614211091,-34.56, 162.06, 4.38
1400614211091,-36.31, 161.19, 3.38
1400614211091,-37.38, 160.69, 2.81
1400614211091,-38.38, 160.31, 2.69
1400614211154,-38.94, 160.12, 2.62
1400614211154,-38.88, 160.06, 2.56
1400614211154,-39.12, 159.94, 2.31
1400614211167,-39.50, 160.06, 2.19
1400614211213,-39.44, 160.19, 1.88
1400614211213,-39.44, 160.31, 1.75
1400614211293,-39.69, 160.25, 1.69
1400614211293,-39.88, 160.25, 1.56
1400614211293,-40.06, 160.38, 1.69
1400614211293,-40.50, 160.44, 2.19
1400614211348,-40.50, 160.69, 2.38
1400614211348,-40.88, 160.62, 2.00
1400614211349,-41.31, 160.50, 1.75
1400614211409,-41.31, 160.38, 1.50
1400614211409,-41.25, 160.62, 1.44
1400614211409,-41.50, 161.00, 1.25
1400614211458,-41.50, 160.88, 0.81
1400614211458,-41.94, 161.12, -0.19
1400614211507,-42.69, 161.62, -1.25
1400614211507,-43.00, 162.69, -2.38
1400614211510,-43.75, 164.25, -3.94
1400614211556,-44.88, 166.88, -6.31
1400614211556,-38.88, 172.06, -7.25
1400614211605,66.88, 228.00, 67.38
1400614211609,126.06, 256.31, 107.50
1400614211658,185.25, 284.00, 147.81
1400614211658,244.81, 311.00, 188.81
1400614211705,304.38, 337.44, 230.00
1400614211705,364.00, 362.31, 271.88
1400614211756,416.62, 383.50, 312.88
1400614211756,428.25, 380.94, 319.44
1400614211756,428.94, 376.38, 320.75
1400614211801,428.75, 370.31, 322.12
1400614211801,425.56, 359.81, 317.12
1400614211851,299.81, 283.69, 215.56
1400614211904,245.56, 256.56, 175.69
1400614211904,190.44, 230.56, 134.75
1400614211950,134.56, 205.44, 92.94
1400614211950,78.38, 181.81, 51.56
1400614211952,24.88, 162.88, 16.56
1400614212000,-8.44, 155.06, 1.62
1400614212004,-16.00, 153.44, -1.19
1400614212011,-20.62, 152.56, -2.62
1400614212079,-22.81, 151.75, -3.75
1400614212079,-25.00, 152.00, -4.25
1400614212079,-26.88, 152.19, -4.31
1400614212139,-28.25, 151.94, -4.75
1400614212139,-29.31, 151.81, -5.06
1400614212139,-30.50, 151.81, -5.12
1400614212212,-31.44, 151.94, -5.00
1400614212212,-32.12, 151.94, -4.81
1400614212212,-33.94, 152.19, -4.44
1400614212212,-35.00, 151.50, -4.81
1400614212261,-36.50, 151.31, -4.88
1400614212261,-37.56, 150.88, -5.06
1400614212306,-38.56, 151.06, -5.31
1400614212306,-39.44, 151.06, -5.75
1400614212356,-40.50, 151.31, -6.75
1400614212356,-41.62, 151.75, -8.25
1400614212356,-42.31, 152.75, -10.12
1400614212405,-43.12, 154.19, -11.88
1400614212405,-43.62, 155.44, -14.38
1400614212456,-44.56, 158.31, -17.38
1400614212456,-42.88, 162.56, -19.88
1400614212457,-19.38, 174.88, -11.31
1400614212511,97.81, 233.44, 68.38
1400614212515,156.62, 262.50, 108.56
1400614212577,215.56, 290.88, 149.12
1400614212577,274.88, 318.44, 190.69
1400614212577,334.75, 343.88, 233.12
1400614212661,391.56, 366.69, 276.00
1400614212661,426.62, 380.50, 308.94
1400614212661,426.56, 376.31, 311.50
1400614212661,424.38, 371.62, 315.31
1400614212725,409.00, 363.00, 309.94
1400614212725,307.19, 316.75, 245.75
1400614212734,252.06, 292.81, 210.75
1400614212784,196.25, 269.31, 174.38
1400614212784,140.12, 246.38, 136.88
1400614212862,83.31, 224.25, 98.25
1400614212862,28.00, 201.94, 59.00
1400614212862,-14.50, 183.38, 28.56
1400614212862,-24.00, 179.12, 23.19
1400614212928,-28.88, 176.62, 20.19
1400614212929,-32.56, 175.31, 18.38
1400614212929,-35.44, 174.25, 17.06
1400614212940,-37.94, 173.25, 16.00
1400614213007,-39.81, 172.44, 15.31
1400614213007,-40.81, 172.06, 14.69
1400614213007,-41.81, 171.50, 14.19
1400614213015,-43.00, 171.12, 13.94
1400614213085,-44.19, 171.06, 13.50
1400614213085,-44.75, 171.00, 13.50
1400614213085,-45.38, 170.56, 13.19
1400614213096,-46.25, 170.25, 12.88
1400614213149,-47.00, 170.00, 12.31
1400614213149,-47.81, 169.75, 12.12
1400614213157,-48.62, 169.88, 11.94
1400614213213,-49.38, 169.25, 11.25
1400614213213,-49.94, 168.62, 10.81
1400614213261,-50.75, 168.38, 10.00
1400614213261,-51.62, 168.44, 9.56
1400614213261,-52.00, 168.44, 8.94
1400614213310,-52.75, 168.94, 8.31
1400614213311,-53.50, 169.69, 7.25
1400614213358,-54.12, 170.56, 5.62
1400614213358,-54.75, 172.25, 3.88
1400614213358,-55.69, 174.06, 1.88
1400614213407,-56.69, 176.44, -0.62
1400614213407,-57.69, 179.75, -3.81
1400614213456,-51.62, 186.25, -4.88
1400614213456,-21.06, 203.69, 11.56
1400614213512,92.44, 259.19, 90.50
1400614213512,149.81, 286.19, 130.50
1400614213519,207.75, 312.69, 171.12
1400614213600,266.00, 337.44, 212.69
1400614213600,324.38, 359.94, 254.94
1400614213600,375.44, 378.44, 295.50
1400614213600,402.62, 384.56, 319.50
1400614213656,402.50, 378.75, 320.75
1400614213656,392.81, 368.44, 314.06
1400614213699,302.44, 321.75, 250.94
1400614213699,249.25, 297.06, 215.56
1400614213751,195.00, 273.19, 179.44
1400614213751,140.50, 250.31, 143.25
1400614213830,85.31, 228.19, 106.06
1400614213830,30.56, 207.44, 68.81
1400614213830,-14.75, 190.62, 39.50
1400614213834,-30.75, 185.94, 32.62
1400614213884,-36.44, 184.38, 29.94
1400614213884,-38.88, 183.81, 28.12
1400614213884,-40.56, 183.62, 27.12
1400614213930,-42.06, 183.44, 26.19
1400614213930,-43.31, 183.00, 25.38
1400614213981,-44.25, 182.44, 24.75
1400614213981,-45.19, 182.19, 24.25
1400614213981,-45.88, 182.06, 23.94
1400614214030,-46.12, 181.94, 23.69
1400614214030,-47.19, 181.38, 23.62
1400614214081,-48.50, 180.75, 23.25
1400614214081,-49.94, 180.44, 23.00
1400614214081,-50.88, 180.44, 22.69
1400614214171,-51.31, 180.19, 22.38
1400614214171,-52.06, 179.94, 21.75
1400614214171,-52.75, 179.12, 21.31
1400614214171,-53.62, 178.81, 20.81
1400614214226,-54.75, 178.62, 20.12
1400614214226,-55.62, 179.00, 19.56
1400614214226,-55.81, 178.94, 18.38
1400614214273,-56.69, 179.50, 17.00
1400614214273,-57.88, 180.75, 15.12
1400614214324,-58.69, 182.75, 12.75
1400614214324,-59.31, 185.88, 9.62
1400614214326,-51.75, 191.56, 9.00
1400614214399,47.94, 244.06, 76.19
1400614214399,104.62, 271.00, 113.06
1400614214403,161.94, 297.25, 150.06
1400614214460,219.25, 322.81, 188.06
1400614214460,276.88, 347.00, 227.12
1400614214462,334.31, 369.25, 267.31
1400614214520,383.44, 387.69, 305.94
1400614214520,397.00, 385.38, 314.44
1400614214524,397.38, 380.38, 316.69
1400614214570,395.94, 374.94, 319.38
1400614214570,386.31, 366.81, 316.50
1400614214643,292.44, 324.38, 257.75
1400614214643,238.12, 301.19, 223.81
1400614214644,182.81, 278.44, 188.38
1400614214708,127.25, 256.50, 152.06
1400614214708,71.81, 235.06, 115.12
1400614214708,17.38, 214.25, 77.75
1400614214774,-29.31, 196.31, 46.19
1400614214775,-44.31, 189.81, 38.00
1400614214775,-48.56, 187.62, 34.69
1400614214783,-51.06, 186.19, 32.69
1400614214853,-52.25, 185.19, 31.19
1400614214853,-53.75, 184.69, 30.31
1400614214853,-54.94, 184.38, 29.69
1400614214864,-55.81, 184.00, 29.31
1400614214916,-56.19, 183.69, 29.12
1400614214916,-56.44, 183.19, 28.56
1400614214961,-56.69, 182.44, 28.38
1400614214961,-57.31, 181.88, 27.88
1400614214965,-58.06, 181.81, 27.62
1400614215036,-58.38, 181.69, 27.38
1400614215036,-59.19, 181.69, 27.69
1400614215036,-59.94, 181.31, 27.56
1400614215046,-60.88, 180.75, 26.88
1400614215094,-61.62, 180.38, 26.81
1400614215094,-62.44, 180.00, 26.50
1400614215143,-62.94, 179.94, 26.44
1400614215143,-63.38, 179.56, 26.38
1400614215145,-64.12, 179.12, 25.69
1400614215194,-64.19, 178.75, 24.50
1400614215194,-64.56, 178.75, 23.75
1400614215243,-64.75, 179.12, 23.38
1400614215243,-65.19, 179.50, 22.69
1400614215292,-65.56, 180.31, 21.94
1400614215292,-66.00, 180.94, 21.19
1400614215292,-66.62, 181.69, 20.00
1400614215341,-67.31, 182.88, 18.62
1400614215341,-68.56, 184.75, 16.31
1400614215389,-65.69, 188.44, 14.75
1400614215390,-41.81, 201.12, 25.88
1400614215437,71.75, 251.75, 99.06
1400614215437,129.12, 277.19, 135.19
1400614215493,186.56, 302.44, 171.69
1400614215493,244.50, 326.94, 209.00
1400614215493,303.19, 349.56, 247.31
1400614215554,357.88, 369.25, 285.62
1400614215554,391.62, 378.19, 312.12
1400614215554,392.94, 373.12, 313.56
1400614215604,393.06, 367.44, 316.25
1400614215604,389.62, 360.69, 317.50
1400614215652,371.81, 347.38, 305.75
1400614215652,277.12, 299.88, 242.12
1400614215701,224.62, 275.75, 207.00
1400614215701,170.69, 252.44, 170.12
1400614215751,115.31, 229.56, 131.62
1400614215751,59.81, 207.19, 92.12
1400614215752,7.06, 185.19, 53.88
1400614215819,-31.38, 169.31, 28.62
1400614215819,-43.12, 163.50, 21.56
1400614215819,-50.31, 159.62, 16.94
1400614215828,-55.56, 156.44, 13.44
1400614215909,-59.06, 154.06, 10.56
1400614215909,-61.44, 152.88, 8.88
1400614215909,-63.44, 151.06, 7.69
1400614215909,-65.38, 149.44, 6.75
1400614215964,-67.50, 148.31, 5.88
1400614215964,-69.38, 147.50, 5.44
1400614216007,-70.56, 146.94, 4.88
1400614216007,-71.31, 146.19, 4.44
1400614216010,-72.62, 145.12, 4.19
1400614216056,-74.44, 143.69, 3.62
1400614216056,-75.88, 143.50, 3.75
1400614216105,-76.94, 143.06, 3.56
1400614216105,-77.44, 142.31, 3.44
1400614216109,-78.19, 141.44, 3.06
1400614216160,-79.12, 140.75, 3.00
1400614216160,-80.12, 140.06, 2.94
1400614216241,-81.19, 139.75, 3.12
1400614216241,-81.81, 139.75, 3.62
1400614216241,-82.19, 139.56, 3.25
1400614216241,-82.94, 139.56, 3.81
1400614216291,-83.62, 139.94, 4.56
1400614216291,-84.44, 140.31, 5.12
1400614216291,-85.12, 140.44, 5.69
1400614216337,-85.56, 140.94, 6.69
1400614216337,-86.19, 141.25, 7.50
1400614216387,-86.56, 141.69, 7.94
1400614216387,-87.00, 141.44, 8.69
1400614216390,-87.06, 141.50, 9.00
1400614216436,-87.38, 141.44, 9.38
1400614216436,-87.38, 141.56, 10.19
1400614216500,-87.12, 141.62, 10.50
1400614216500,-87.25, 141.75, 10.88
1400614216500,-87.00, 141.88, 11.19
1400614216567,-86.81, 141.88, 11.56
1400614216567,-86.25, 141.88, 11.88
1400614216567,-85.75, 141.94, 12.19
1400614216614,-85.38, 141.94, 12.00
1400614216614,-85.31, 141.75, 11.81
1400614216617,-85.56, 142.00, 12.06
1400614216668,-85.81, 142.00, 11.81
1400614216668,-86.19, 142.25, 11.81
1400614216714,-86.44, 142.44, 11.75
1400614216714,-87.31, 143.00, 11.88
1400614216715,-88.00, 143.56, 12.19
1400614216764,-88.44, 143.69, 12.62
1400614216764,-88.81, 144.06, 13.19
1400614216834,-89.44, 144.31, 14.00
1400614216835,-89.62, 144.38, 14.69
1400614216839,-89.62, 144.38, 15.25
1400614216839,-89.69, 144.31, 16.00
1400614216900,-89.62, 144.00, 16.69
1400614216900,-89.75, 143.56, 17.00
1400614216900,-90.00, 143.44, 17.56
1400614216957,-89.81, 143.12, 17.50
1400614216957,-89.44, 142.94, 17.19
1400614216957,-89.44, 142.62, 17.12
1400614217039,-89.38, 142.44, 16.94
1400614217039,-89.38, 142.31, 16.62
1400614217039,-89.31, 142.31, 16.31
1400614217039,-89.19, 142.31, 16.06
1400614217095,-88.81, 142.31, 15.62
1400614217096,-88.81, 142.31, 15.62
1400614217096,-88.69, 142.00, 15.19
1400614217162,-88.69, 141.88, 14.88
1400614217162,-88.69, 141.81, 14.44
1400614217162,-88.56, 141.56, 14.38
1400614217175,-88.38, 141.50, 14.19
1400614217223,-88.50, 141.31, 14.19
1400614217224,-88.62, 141.31, 14.12
1400614217274,-88.94, 141.19, 13.94
1400614217274,-89.25, 141.38, 14.06
1400614217275,-89.50, 141.50, 13.94
1400614217367,-89.81, 141.69, 14.12
1400614217367,-90.19, 142.12, 14.00
1400614217367,-90.69, 142.25, 13.94
1400614217367,-90.81, 142.62, 13.50
1400614217421,-91.31, 142.88, 13.31
1400614217422,-91.62, 143.31, 13.06
1400614217422,-92.31, 143.50, 12.75
1400614217435,-92.69, 144.00, 12.88
1400614217483,-93.31, 144.38, 12.69
1400614217483,-94.06, 144.56, 12.50
1400614217531,-94.75, 145.00, 12.44
1400614217531,-95.56, 145.31, 12.25
1400614217538,-96.12, 145.62, 11.81
1400614217612,-96.69, 146.00, 11.44
1400614217612,-96.94, 146.56, 11.44
1400614217612,-97.56, 147.00, 10.94
1400614217668,-98.25, 147.56, 11.00
1400614217669,-98.50, 147.94, 11.06
1400614217669,-99.06, 148.38, 11.06
1400614217676,-99.44, 149.06, 11.38
1400614217738,-100.12, 149.44, 11.62
1400614217739,-100.62, 149.75, 11.75
1400614217742,-101.12, 150.19, 11.81
1400614217795,-101.62, 150.31, 11.88
1400614217795,-101.81, 150.62, 11.62
1400614217797,-102.19, 151.00, 11.50
1400614217846,-102.12, 151.31, 11.19
1400614217846,-102.31, 151.25, 10.88
1400614217893,-102.12, 151.75, 10.56
1400614217893,-102.00, 152.38, 10.69
1400614217945,-102.00, 152.88, 10.69
1400614217945,-102.00, 153.44, 10.62
1400614217945,-101.81, 153.56, 10.44
1400614217993,-101.81, 153.81, 10.25
1400614217993,-101.81, 154.12, 10.25
1400614218045,-101.69, 154.25, 10.38
1400614218046,-101.31, 154.19, 10.25
1400614218046,-100.94, 153.75, 10.12
1400614218124,-100.25, 153.12, 9.81
1400614218124,-99.38, 152.75, 9.56
1400614218124,-98.88, 152.31, 9.50
1400614218124,-98.12, 152.06, 9.38
1400614218177,-97.69, 151.75, 9.19
1400614218177,-97.19, 151.88, 9.06
1400614218180,-97.06, 151.94, 9.19
1400614218233,-96.88, 152.00, 9.44
1400614218234,-96.38, 152.06, 9.31
1400614218239,-95.44, 151.88, 9.38
1400614218286,-94.25, 151.75, 9.19
1400614218287,-93.31, 151.75, 9.19
1400614218335,-92.25, 151.62, 9.31
1400614218335,-91.06, 151.31, 9.25
1400614218385,-90.06, 150.94, 9.38
1400614218386,-88.88, 150.75, 9.12
1400614218386,-88.38, 150.50, 9.50
1400614218433,-88.38, 150.38, 9.62
1400614218433,-88.31, 150.50, 10.38
1400614218484,-88.38, 150.50, 10.81
1400614218484,-88.25, 150.38, 11.38
1400614218484,-88.50, 150.25, 11.88
1400614218553,-88.56, 150.12, 12.06
1400614218554,-88.94, 150.06, 12.56
1400614218554,-89.00, 150.12, 13.12
1400614218560,-89.12, 150.25, 13.56
1400614218613,-89.19, 150.31, 14.06
1400614218614,-89.06, 150.06, 14.38
1400614218662,-89.06, 150.19, 14.62
1400614218662,-88.94, 150.19, 15.25
1400614218663,-88.75, 150.12, 15.62
1400614218713,-88.56, 150.12, 16.12
1400614218713,-88.31, 150.00, 16.62
1400614218763,-88.12, 149.62, 17.25
1400614218763,-88.44, 149.50, 17.56
1400614218763,-88.81, 149.56, 17.88
1400614218811,-89.50, 149.25, 18.31
1400614218811,-90.19, 148.94, 18.31
1400614218858,-91.19, 148.81, 18.69
1400614218858,-92.06, 148.44, 18.56
1400614218910,-93.00, 148.19, 18.12
1400614218910,-93.81, 147.94, 18.00
1400614218910,-94.56, 147.56, 17.62
1400614218957,-95.44, 147.38, 17.56
1400614218958,-96.44, 147.25, 17.44
1400614219007,-97.44, 147.12, 17.25
1400614219007,-98.31, 146.94, 17.06
1400614219008,-99.31, 147.12, 17.31
1400614219055,-100.50, 147.00, 17.81
1400614219055,-101.62, 147.06, 18.00
1400614219106,-103.06, 146.75, 18.25
1400614219106,-104.50, 145.75, 18.25
1400614219108,-105.44, 144.88, 18.62
1400614219154,-106.62, 143.38, 18.75
1400614219154,-107.94, 141.69, 18.44
1400614219206,-109.75, 139.81, 17.88
1400614219207,-111.62, 137.69, 16.94
1400614219207,-113.69, 135.75, 16.19
1400614219292,-115.06, 133.88, 15.62
1400614219292,-19.38, 4.50, 11.25
1400614219292,-22.75, 2.38, 9.81
1400614219306,-24.38, 1.69, 9.69
1400614219356,-25.25, 1.00, 9.81
1400614219356,-26.44, 0.62, 9.12
1400614219364,-28.94, 0.31, 6.31
1400614219414,-32.00, -0.06, 3.44
1400614219414,-35.06, -0.31, 0.88
1400614219463,-37.88, -0.69, -1.69
1400614219463,-40.56, -1.19, -4.69
1400614219466,-43.19, -2.06, -8.69
1400614219512,-46.81, -3.06, -13.06
1400614219512,-50.56, -4.31, -16.69
1400614219563,-53.00, -6.00, -18.56
1400614219563,-55.81, -7.50, -20.31
1400614219565,-59.56, -9.50, -21.81
1400614219612,-63.50, -11.44, -23.50
1400614219612,-67.56, -13.50, -24.25
1400614219661,-71.38, -15.12, -23.44
1400614219661,-74.81, -16.38, -21.81
1400614219710,-77.88, -17.44, -19.38
1400614219710,-81.00, -18.56, -16.38
1400614219710,-83.50, -19.62, -12.81
1400614219760,-85.12, -20.31, -9.31
1400614219760,-87.12, -21.12, -6.31
1400614219808,-89.62, -21.56, -3.81
1400614219808,-92.75, -21.50, -2.75
1400614219808,-95.75, -21.81, -2.44
1400614219857,-98.38, -21.88, -2.62
1400614219857,-101.56, -21.38, -3.75
1400614219906,-104.94, -20.75, -5.12
1400614219906,-109.00, -20.00, -8.88
1400614219955,-113.50, -19.56, -10.44
1400614219955,-118.00, -19.44, -11.69
1400614219955,-121.81, -20.00, -12.38
1400614220012,-125.06, -20.38, -12.50
1400614220012,-128.00, -23.12, -16.06
1400614220012,-130.50, -23.00, -28.38
1400614220090,-132.12, -24.88, -45.12
1400614220090,-121.94, -29.94, -75.12
1400614220090,-111.31, -33.50, -85.38
1400614220136,-98.38, -37.56, -90.56
1400614220136,-85.81, -41.38, -96.69
1400614220191,-73.31, -43.38, -99.19
1400614220191,-60.25, -48.44, -92.69
1400614220191,-46.88, -51.12, -82.94
1400614220249,-36.50, -53.25, -71.75
1400614220249,-29.94, -54.06, -66.88
1400614220249,-24.12, -53.56, -59.62
1400614220298,-20.25, -52.00, -55.50
1400614220348,-9.50, -38.56, -35.25
1400614220348,-2.81, -24.44, -17.25
1400614220350,4.31, -9.69, 3.75
1400614220399,10.75, 3.19, 24.88
1400614220400,18.19, 21.50, 49.50
1400614220449,59.38, 148.56, 218.56
1400614220498,73.56, 190.94, 278.06
1400614220498,88.31, 238.50, 345.44
1400614220569,174.81, 534.88, 843.06
1400614220690,293.25, 1065.38, -1831.25
1400614220744,293.88, 1111.50, -1520.06
1400614220793,288.50, 1098.38, -1547.69
1400614220842,281.25, 1119.25, -1274.00
1400614220842,275.75, 1122.56, -1161.69
1400614220890,260.38, 1118.50, -966.50
1400614220891,251.50, 1111.31, -880.44
1400614220937,242.81, 1102.44, -806.50
1400614220989,226.50, 1082.75, -695.19
1400614220990,217.50, 1073.88, -650.19
1400614221036,185.69, 1027.31, -2040.19
1400614221036,183.19, 1021.62, -2022.00
1400614221085,182.75, 1021.75, -2021.12
1400614221085,179.94, 1016.00, -2004.56
1400614221135,177.25, 1009.94, -1989.19
1400614221135,174.38, 1003.88, -1975.56
1400614221135,177.62, 1009.50, -1992.31
1400614221185,175.06, 1003.56, -1978.19
1400614221186,172.81, 997.94, -1965.19
1400614221235,170.81, 992.50, -1954.19
1400614221235,169.19, 987.50, -1944.88
1400614221235,167.62, 982.62, -1936.25
1400614221283,166.25, 978.62, -1928.94
1400614221283,165.31, 975.44, -1923.19
1400614221333,164.44, 973.06, -1919.12
1400614221333,164.06, 971.06, -1915.75
1400614221334,163.44, 969.06, -1912.81
1400614221383,162.94, 967.62, -1910.19
1400614221383,162.50, 966.50, -1908.19
1400614221431,162.25, 965.75, -1906.44
1400614221432,162.12, 964.75, -1904.75
1400614221481,161.81, 963.50, -1902.81
1400614221482,161.31, 962.31, -1900.50
1400614221482,160.75, 961.38, -1898.75
1400614221530,160.38, 960.69, -1897.19
1400614221578,159.44, 958.56, -1894.12
1400614221578,159.06, 957.62, -1892.50
1400614221578,158.44, 956.94, -1891.12
1400614221625,157.94, 956.31, -1890.00
1400614221625,158.06, 955.50, -1889.19
1400614221678,158.19, 955.06, -1888.31
1400614221678,158.38, 954.50, -1887.44
1400614221678,158.56, 954.38, -1887.00
1400614221724,158.69, 954.25, -1886.62
1400614221724,158.69, 954.06, -1886.62
1400614221775,159.00, 954.19, -1886.56
1400614221776,159.44, 954.12, -1886.50
1400614221776,159.25, 954.19, -1886.25
1400614221824,159.00, 953.81, -1885.88
1400614221824,158.44, 953.38, -1885.19
1400614221873,157.75, 952.62, -1884.19
1400614221873,157.12, 951.69, -1882.94
1400614221875,156.69, 951.19, -1882.12
1400614221921,156.06, 950.50, -1881.31
1400614221922,155.62, 950.19, -1880.75
1400614221971,155.25, 949.88, -1880.06
1400614221971,154.88, 949.69, -1879.62
1400614222021,154.81, 949.81, -1879.44
1400614222021,154.94, 949.81, -1879.50
1400614222021,154.81, 949.94, -1879.56
1400614222070,154.88, 949.81, -1879.50
1400614222070,154.88, 949.81, -1879.31
1400614222117,154.62, 949.56, -1879.00
1400614222117,154.19, 949.31, -1878.75
1400614222117,154.19, 949.06, -1878.62
1400614222168,154.12, 948.81, -1878.62
1400614222168,153.94, 949.00, -1878.69
1400614222215,154.00, 949.12, -1878.81
1400614222215,153.88, 949.12, -1878.81
1400614222217,154.00, 948.94, -1878.94
1400614222265,154.12, 948.94, -1878.81
1400614222265,154.31, 949.00, -1879.12
1400614222314,154.19, 948.94, -1879.06
1400614222314,154.06, 948.88, -1879.00
1400614222317,154.25, 948.81, -1878.94
1400614222364,154.38, 948.50, -1878.94
1400614222364,154.44, 948.56, -1878.88
1400614222414,154.12, 948.69, -1878.69
1400614222414,153.94, 948.69, -1878.81
1400614222469,153.75, 948.88, -1878.50
1400614222469,153.75, 948.94, -1878.38
1400614222470,153.56, 949.06, -1878.50
1400614222478,153.38, 949.06, -1878.31
1400614222542,153.19, 949.44, -1878.25
1400614222542,153.12, 949.50, -1878.38
1400614222542,153.19, 949.50, -1878.44
1400614222595,153.38, 949.69, -1878.38
1400614222595,153.56, 949.62, -1878.44
1400614222642,153.56, 949.50, -1878.44
1400614222642,153.81, 949.56, -1878.25
1400614222642,153.88, 949.69, -1878.38
1400614222714,153.88, 949.75, -1878.25
1400614222714,153.94, 949.69, -1878.19
1400614222715,153.81, 949.69, -1878.00
1400614222719,153.56, 949.50, -1878.06
1400614222775,153.69, 949.44, -1878.06
1400614222775,153.69, 949.56, -1878.25
1400614222821,153.50, 949.31, -1878.31
1400614222822,153.56, 949.38, -1878.38
1400614222822,153.69, 949.25, -1878.44
1400614222871,153.56, 949.25, -1878.56
1400614222871,153.69, 949.25, -1878.75
1400614222922,153.81, 949.06, -1878.62
1400614222922,153.69, 948.88, -1878.56
1400614222922,153.69, 949.00, -1878.56
1400614222970,153.88, 949.12, -1878.56
1400614222970,153.94, 949.00, -1878.50
1400614223017,153.94, 948.88, -1878.50
1400614223017,154.12, 948.88, -1878.44
1400614223020,154.19, 948.75, -1878.38
1400614223067,154.19, 948.75, -1878.50
1400614223067,154.31, 948.88, -1878.56
1400614223116,154.44, 948.69, -1878.38
1400614223116,154.56, 948.56, -1878.19
1400614223171,154.56, 948.31, -1878.31
1400614223172,154.50, 948.31, -1878.31
1400614223172,154.44, 948.31, -1878.31
1400614223181,154.31, 948.69, -1878.25
1400614223229,154.31, 949.00, -1878.25
1400614223229,154.31, 948.94, -1878.31
1400614223309,154.12, 949.12, -1878.38
1400614223310,154.00, 949.31, -1878.56
1400614223310,153.81, 949.38, -1878.44
1400614223310,153.81, 949.25, -1878.56
1400614223364,153.94, 949.38, -1878.50
1400614223364,153.88, 949.06, -1878.38
1400614223365,153.94, 948.94, -1878.44
1400614223407,153.75, 948.81, -1878.38
1400614223407,153.81, 948.75, -1878.19
1400614223458,153.75, 948.62, -1878.12
1400614223458,153.81, 948.94, -1878.12
1400614223462,153.88, 949.31, -1878.06
1400614223509,153.62, 949.06, -1878.06
1400614223510,153.75, 949.06, -1878.25
1400614223556,153.75, 949.12, -1878.25
1400614223556,153.88, 949.25, -1878.38
1400614223607,153.75, 949.19, -1878.62
1400614223607,153.81, 949.12, -1878.69
1400614223607,153.81, 948.94, -1878.69
1400614223655,153.81, 948.81, -1878.81
1400614223656,154.00, 949.12, -1878.69
1400614223707,154.00, 949.44, -1878.69
1400614223707,153.81, 949.50, -1878.38
1400614223707,153.75, 949.56, -1878.38
1400614223755,153.94, 949.75, -1878.25
1400614223755,154.00, 949.88, -1878.38
1400614223805,153.94, 949.94, -1878.44
1400614223805,154.06, 949.81, -1878.25
1400614223806,154.00, 949.62, -1878.38
1400614223853,154.12, 949.44, -1878.38
1400614223854,154.31, 949.31, -1878.38
1400614223911,154.38, 949.25, -1878.50
1400614223912,154.12, 949.12, -1878.56
1400614223912,154.00, 949.19, -1878.31
1400614223967,154.25, 949.00, -1878.25
1400614223967,154.19, 949.12, -1878.44
1400614223968,154.12, 949.19, -1878.38
1400614224015,153.88, 948.88, -1878.19
1400614224015,153.56, 948.62, -1878.06
1400614224066,153.19, 948.12, -1877.50
1400614224066,153.19, 948.00, -1877.12
1400614224066,153.00, 947.50, -1876.69
1400614224116,152.75, 947.44, -1876.31
1400614224116,152.75, 947.25, -1875.81
1400614224181,152.75, 947.00, -1875.69
1400614224181,152.75, 947.06, -1875.38
1400614224181,152.75, 947.00, -1875.19
1400614224237,152.94, 947.44, -1875.19
1400614224238,153.00, 947.31, -1875.19
1400614224238,153.12, 947.25, -1875.25
1400614224246,153.19, 947.06, -1875.00
1400614224291,153.00, 946.75, -1874.75
1400614224291,152.88, 946.69, -1874.31
1400614224341,152.81, 946.50, -1874.38
1400614224341,153.06, 946.56, -1874.19
1400614224346,152.94, 946.25, -1874.06
1400614224390,153.00, 946.06, -1873.88
1400614224390,152.69, 946.00, -1873.56
1400614224439,152.81, 945.81, -1873.56
1400614224439,152.81, 945.94, -1873.62
1400614224489,152.62, 945.75, -1873.75
1400614224489,152.50, 945.75, -1873.50
1400614224490,152.38, 945.44, -1873.44
1400614224538,152.44, 945.38, -1873.38
1400614224538,152.25, 945.44, -1873.31
1400614224589,152.31, 945.38, -1873.44
1400614224589,152.12, 945.50, -1873.44
1400614224590,152.00, 945.44, -1873.50
1400614224636,152.31, 945.38, -1873.31
1400614224636,152.50, 945.31, -1873.69
1400614224714,152.62, 945.56, -1873.75
1400614224714,152.88, 945.62, -1873.88
1400614224714,153.06, 945.69, -1873.94
1400614224714,153.38, 945.88, -1874.31
1400614224771,153.56, 946.06, -1874.38
1400614224771,153.69, 946.25, -1874.50
1400614224771,153.56, 946.19, -1874.69
1400614224816,153.69, 946.38, -1874.62
1400614224816,153.56, 946.44, -1874.88
1400614224893,153.50, 946.62, -1874.94
1400614224894,153.50, 946.81, -1875.06
1400614224894,153.19, 947.00, -1875.25
1400614224894,153.19, 947.00, -1875.25
1400614224961,153.19, 946.94, -1875.25
1400614224961,153.25, 947.06, -1875.44
1400614224961,153.31, 946.81, -1875.62
1400614224970,153.31, 946.94, -1875.56
1400614225015,153.44, 946.94, -1875.56
1400614225015,153.25, 946.69, -1875.50
1400614225064,153.44, 946.56, -1875.38
1400614225064,153.19, 946.56, -1875.31
1400614225122,153.19, 946.56, -1875.38
1400614225122,153.25, 946.50, -1875.44
1400614225123,153.25, 946.69, -1875.31
1400614225130,153.19, 946.38, -1875.12
1400614225179,152.94, 946.31, -1875.06
1400614225179,152.94, 946.56, -1875.06
1400614225225,153.00, 946.56, -1875.19
1400614225226,153.00, 946.50, -1875.31
1400614225230,152.88, 946.81, -1875.38
1400614225279,152.75, 947.00, -1875.31
1400614225279,152.69, 947.06, -1875.44
1400614225327,152.56, 947.25, -1875.56
1400614225327,152.69, 947.44, -1875.94
1400614225376,152.62, 947.50, -1876.00
1400614225376,152.69, 947.69, -1876.12
1400614225376,152.62, 947.81, -1876.25
1400614225424,152.75, 947.88, -1876.38
1400614225424,152.69, 948.06, -1876.56
1400614225476,152.56, 948.25, -1876.44
1400614225476,152.62, 948.50, -1876.69
1400614225476,152.62, 948.44, -1876.88
1400614225523,152.69, 948.31, -1876.88
1400614225523,152.69, 948.31, -1876.88
1400614225575,152.81, 948.25, -1876.88
1400614225575,152.81, 948.12, -1876.88
1400614225575,153.00, 948.00, -1877.06
1400614225622,153.12, 948.06, -1877.38
1400614225622,153.12, 947.94, -1877.62
1400614225671,152.88, 948.06, -1877.50
1400614225671,152.69, 948.25, -1877.88
1400614225673,152.62, 948.31, -1878.19
1400614225720,152.56, 948.56, -1878.50
1400614225721,152.62, 948.56, -1878.69
1400614225770,152.44, 948.81, -1878.81
1400614225770,152.56, 949.00, -1878.94
1400614225773,152.69, 949.12, -1878.94
1400614225820,153.06, 949.31, -1879.25
1400614225820,153.38, 949.38, -1879.38
1400614225867,153.50, 949.38, -1879.44
1400614225867,153.62, 949.38, -1879.50
1400614225916,153.69, 949.50, -1879.56
1400614225916,153.94, 949.44, -1879.69
1400614225917,154.00, 949.38, -1879.88
1400614225965,153.94, 949.31, -1879.94
1400614225966,153.94, 949.31, -1879.81
1400614226021,153.81, 949.38, -1879.75
1400614226021,154.00, 949.25, -1879.75
1400614226022,153.88, 949.44, -1879.81
1400614226037,153.88, 949.44, -1880.00
1400614226109,153.69, 949.38, -1879.88
1400614226109,153.50, 949.25, -1880.06
1400614226109,153.50, 949.25, -1880.06
1400614226115,153.25, 949.25, -1880.19
1400614226166,153.31, 949.19, -1880.25
1400614226166,153.25, 949.50, -1880.12
1400614226175,153.50, 949.38, -1879.94
1400614226223,153.44, 949.50, -1880.00
1400614226223,153.56, 949.62, -1880.06
1400614226273,153.62, 949.81, -1880.12
1400614226274,153.81, 950.00, -1880.31
1400614226275,154.19, 950.06, -1880.56
1400614226323,154.38, 950.19, -1880.75
1400614226323,154.50, 950.06, -1881.12
1400614226372,154.56, 950.31, -1881.31
1400614226372,154.81, 950.44, -1881.31
1400614226376,154.94, 950.56, -1881.38
1400614226445,155.00, 950.88, -1881.44
1400614226445,155.06, 950.94, -1881.19
1400614226446,155.00, 951.00, -1880.94
1400614226456,154.94, 951.12, -1880.75
1400614226508,154.69, 951.31, -1880.62
1400614226508,154.50, 951.19, -1880.38
1400614226583,154.38, 951.12, -1880.25
1400614226584,154.44, 951.25, -1880.19
1400614226584,154.50, 951.06, -1879.88
1400614226587,154.31, 951.06, -1879.94
