1400615291329,99.30, 206.70, 87.00
1400615291330,99.30, 206.70, 87.00
1400615291330,99.30, 205.20, 84.60
1400615291380,99.30, 205.20, 84.60
1400615291380,99.00, 205.80, 83.70
1400615291380,99.00, 205.80, 83.70
1400615291421,99.30, 206.10, 82.80
1400615291421,99.30, 206.10, 82.80
1400615291460,99.30, 206.70, 81.00
1400615291460,99.30, 206.70, 81.00
1400615291499,99.90, 207.90, 81.90
1400615291499,99.90, 207.90, 81.90
1400615291536,100.50, 207.60, 81.30
1400615291575,100.50, 207.60, 81.30
1400615291575,100.80, 207.60, 81.00
1400615291615,100.80, 207.60, 81.00
1400615291615,100.80, 207.00, 82.50
1400615291658,100.80, 207.00, 82.50
1400615291658,101.10, 207.00, 80.70
1400615291661,101.10, 207.00, 80.70
1400615291701,100.20, 206.40, 80.70
1400615291701,100.20, 206.40, 80.70
1400615291747,99.60, 205.80, 79.80
1400615291748,99.60, 205.80, 79.80
1400615291787,99.90, 205.50, 79.80
1400615291833,99.30, 205.80, 80.70
1400615291833,99.90, 206.10, 81.00
1400615291833,99.90, 206.10, 81.00
1400615291870,100.50, 206.70, 80.10
1400615291870,100.50, 206.70, 80.10
1400615291903,100.20, 206.40, 79.80
1400615291903,100.20, 206.40, 79.80
1400615291935,100.20, 205.80, 79.80
1400615291966,100.20, 205.80, 79.80
1400615291999,99.60, 205.80, 79.50
1400615291999,99.60, 205.80, 79.50
1400615292031,99.30, 205.50, 81.00
1400615292031,99.30, 205.50, 81.00
1400615292064,99.60, 205.20, 78.90
1400615292064,99.60, 205.20, 78.90
1400615292096,99.90, 204.90, 79.80
1400615292128,99.90, 204.90, 79.80
1400615292128,100.50, 204.60, 80.10
1400615292160,100.50, 204.60, 80.10
1400615292192,100.50, 204.00, 79.80
1400615292192,100.50, 204.00, 79.80
1400615292224,100.50, 204.30, 81.30
1400615292224,100.50, 204.30, 81.30
1400615292256,99.60, 204.30, 80.40
1400615292288,99.60, 204.30, 80.40
1400615292288,99.00, 204.00, 79.80
1400615292320,99.00, 204.00, 79.80
1400615292352,99.30, 204.00, 80.10
1400615292352,99.30, 204.00, 80.10
1400615292384,98.70, 204.30, 80.10
1400615292384,98.70, 204.30, 80.10
1400615292415,99.30, 204.60, 80.70
1400615292447,99.30, 204.60, 80.70
1400615292479,99.60, 204.60, 80.70
1400615292479,99.60, 204.60, 80.70
1400615292512,99.00, 204.90, 78.00
1400615292512,99.00, 204.90, 78.00
1400615292544,99.00, 204.30, 75.90
1400615292544,99.00, 204.30, 75.90
1400615292585,99.30, 203.70, 73.80
1400615292586,99.30, 203.70, 73.80
1400615292617,98.70, 203.70, 71.70
1400615292649,98.70, 203.70, 71.70
1400615292649,99.60, 202.50, 71.10
1400615292680,99.60, 202.50, 71.10
1400615292712,99.90, 201.60, 70.20
1400615292712,99.90, 201.60, 70.20
1400615292746,100.20, 199.80, 67.50
1400615292746,100.20, 199.80, 67.50
1400615292780,100.80, 197.70, 64.80
1400615292780,100.80, 197.70, 64.80
1400615292813,101.40, 196.20, 63.00
1400615292846,101.40, 196.20, 63.00
1400615292880,101.70, 195.60, 61.50
1400615292881,102.00, 195.60, 62.10
1400615292881,102.00, 195.60, 62.10
1400615292914,102.00, 196.20, 62.10
1400615292948,102.00, 196.20, 62.10
1400615292981,101.40, 195.60, 60.90
1400615292981,101.40, 195.60, 60.90
1400615293015,101.40, 194.10, 58.50
1400615293016,101.40, 194.10, 58.50
1400615293049,102.30, 190.50, 54.00
1400615293049,102.30, 190.50, 54.00
1400615293084,103.50, 186.30, 49.20
1400615293084,103.50, 186.30, 49.20
1400615293117,105.00, 180.60, 44.10
1400615293150,105.00, 180.60, 44.10
1400615293150,106.50, 173.40, 37.20
1400615293182,106.50, 173.40, 37.20
1400615293213,106.50, 166.20, 30.90
1400615293213,106.50, 166.20, 30.90
1400615293245,106.20, 158.10, 25.50
1400615293245,106.20, 158.10, 25.50
1400615293277,105.60, 150.60, 19.80
1400615293311,105.60, 150.60, 19.80
1400615293311,105.00, 143.40, 17.10
1400615293347,105.00, 143.40, 17.10
1400615293386,104.10, 135.60, 15.00
1400615293386,104.10, 135.60, 15.00
1400615293428,102.60, 127.50, 11.10
1400615293428,102.60, 127.50, 11.10
1400615293429,100.20, 117.60, 8.40
1400615293465,100.20, 117.60, 8.40
1400615293503,97.50, 108.00, 4.50
1400615293503,97.50, 108.00, 4.50
1400615293544,94.50, 96.90, 0.60
1400615293544,94.50, 96.90, 0.60
1400615293581,91.80, 84.90, -1.50
1400615293581,91.80, 84.90, -1.50
1400615293617,86.40, 72.00, -6.00
1400615293617,86.40, 72.00, -6.00
1400615293657,79.80, 56.70, -7.50
1400615293658,79.80, 56.70, -7.50
1400615293696,71.70, 40.50, -7.50
1400615293696,71.70, 40.50, -7.50
1400615293735,62.40, 21.90, -6.90
1400615293735,62.40, 21.90, -6.90
1400615293774,56.40, 7.80, -3.30
1400615293775,56.40, 7.80, -3.30
1400615293815,51.30, -2.10, -3.60
1400615293815,51.30, -2.10, -3.60
1400615293852,49.20, -7.50, -2.70
1400615293852,49.20, -7.50, -2.70
1400615293890,49.20, -7.80, -2.10
1400615293890,49.20, -7.80, -2.10
1400615293921,49.20, -7.80, -1.50
1400615293922,49.20, -7.80, -1.50
1400615293956,50.10, -7.20, 0.60
1400615293988,50.10, -7.20, 0.60
1400615293988,49.80, -7.50, 0.60
1400615294020,49.80, -7.50, 0.60
1400615294051,50.70, -6.90, 0.60
1400615294052,50.70, -6.90, 0.60
1400615294083,51.00, -6.60, 0.60
1400615294083,51.00, -6.60, 0.60
1400615294114,51.60, -5.70, -0.30
1400615294144,51.60, -5.70, -0.30
1400615294176,52.50, -5.10, 0.00
1400615294176,52.50, -5.10, 0.00
1400615294207,52.20, -5.10, 0.00
1400615294207,52.20, -5.10, 0.00
1400615294239,51.90, -4.50, 0.60
1400615294270,51.90, -4.50, 0.60
1400615294270,51.60, -4.20, 2.40
1400615294302,51.60, -4.20, 2.40
1400615294333,51.60, -2.70, 2.40
1400615294333,51.60, -2.70, 2.40
1400615294365,51.90, -2.40, 2.40
1400615294365,51.90, -2.40, 2.40
1400615294396,52.50, -2.10, 2.10
1400615294427,52.50, -2.10, 2.10
1400615294458,52.20, -2.10, 2.40
1400615294459,52.20, -2.10, 2.40
1400615294490,51.90, -2.10, 3.30
1400615294490,51.90, -2.10, 3.30
1400615294521,51.00, -2.10, 1.80
1400615294521,51.00, -2.10, 1.80
1400615294552,49.80, -2.40, 1.50
1400615294583,49.80, -2.40, 1.50
1400615294615,49.50, -3.90, 0.60
1400615294615,49.50, -3.90, 0.60
1400615294646,48.60, -5.10, -0.30
1400615294646,48.60, -5.10, -0.30
1400615294677,48.60, -5.70, 0.90
1400615294708,48.60, -5.70, 0.90
1400615294708,48.90, -6.60, -0.60
1400615294739,48.90, -6.60, -0.60
1400615294771,47.70, -6.00, -0.60
1400615294771,47.70, -6.00, -0.60
1400615294803,47.40, -5.10, -0.30
1400615294803,47.40, -5.10, -0.30
1400615294834,46.20, -4.20, -0.30
1400615294865,46.20, -4.20, -0.30
1400615294896,45.30, -2.40, 1.50
1400615294896,45.30, -2.40, 1.50
1400615294928,43.80, -2.40, 1.80
1400615294929,43.80, -2.40, 1.80
1400615294962,42.90, -2.40, 3.00
1400615294962,42.90, -2.40, 3.00
1400615294993,42.00, -3.00, 3.60
1400615295024,42.00, -3.00, 3.60
1400615295056,40.20, -4.50, 4.20
1400615295056,40.20, -4.50, 4.20
1400615295088,39.90, -6.00, 5.70
1400615295088,39.90, -6.00, 5.70
1400615295124,39.60, -7.50, 5.70
1400615295124,39.60, -7.50, 5.70
1400615295155,38.10, -9.60, 6.60
1400615295187,38.10, -9.60, 6.60
1400615295218,36.90, -10.80, 7.20
1400615295219,36.90, -10.80, 7.20
1400615295250,35.40, -12.00, 6.60
1400615295250,35.40, -12.00, 6.60
1400615295281,33.60, -13.50, 6.90
1400615295281,33.60, -13.50, 6.90
1400615295315,32.40, -14.70, 6.90
1400615295345,32.40, -14.70, 6.90
1400615295376,30.30, -15.60, 7.20
1400615295376,30.30, -15.60, 7.20
1400615295407,28.80, -16.50, 8.40
1400615295408,28.80, -16.50, 8.40
1400615295439,27.00, -16.80, 7.50
1400615295469,27.00, -16.80, 7.50
1400615295470,25.20, -16.80, 7.80
1400615295500,25.20, -16.80, 7.80
1400615295531,23.70, -17.70, 8.40
1400615295531,23.70, -17.70, 8.40
1400615295563,21.90, -17.70, 8.70
1400615295563,21.90, -17.70, 8.70
1400615295604,20.10, -18.30, 10.50
1400615295604,20.10, -18.30, 10.50
1400615295635,18.90, -19.50, 9.90
1400615295666,18.90, -19.50, 9.90
1400615295697,17.70, -19.80, 10.50
1400615295697,17.70, -19.80, 10.50
1400615295729,16.80, -19.80, 10.80
1400615295729,16.80, -19.80, 10.80
1400615295761,16.80, -20.10, 10.80
1400615295761,16.80, -20.10, 10.80
1400615295796,16.50, -19.20, 12.30
1400615295829,16.50, -19.20, 12.30
1400615295830,16.20, -18.90, 12.60
1400615295863,16.20, -18.90, 12.60
1400615295897,16.50, -18.90, 12.60
1400615295897,16.50, -18.90, 12.60
1400615295931,16.20, -18.90, 13.20
1400615295931,16.20, -18.90, 13.20
1400615295964,15.30, -18.30, 12.30
1400615295964,15.30, -18.30, 12.30
1400615295999,14.70, -17.70, 12.60
1400615295999,14.70, -17.70, 12.60
1400615296032,13.80, -18.00, 13.20
1400615296066,13.20, -17.10, 12.30
1400615296066,13.20, -17.10, 12.30
1400615296099,13.50, -17.40, 13.50
1400615296100,13.50, -17.40, 13.50
1400615296132,13.20, -17.40, 14.10
1400615296165,13.20, -17.40, 14.10
1400615296198,13.20, -16.80, 14.10
1400615296198,13.20, -16.80, 14.10
1400615296230,12.60, -18.00, 15.60
1400615296230,12.60, -18.00, 15.60
1400615296262,11.70, -18.30, 14.40
1400615296262,11.70, -18.30, 14.40
1400615296293,11.10, -18.30, 15.00
1400615296324,11.10, -18.30, 15.00
1400615296370,10.50, -18.90, 14.40
1400615296370,10.50, -18.90, 14.40
1400615296370,10.50, -17.70, 14.10
1400615296401,10.50, -17.70, 14.10
1400615296432,10.50, -17.70, 15.90
1400615296433,10.50, -17.70, 15.90
1400615296463,10.50, -18.30, 14.10
1400615296464,10.50, -18.30, 14.10
1400615296494,10.20, -17.40, 15.30
1400615296524,10.20, -17.40, 15.30
1400615296555,9.30, -17.10, 16.20
1400615296556,9.30, -17.10, 16.20
1400615296586,9.30, -15.90, 17.10
1400615296587,9.30, -15.90, 17.10
1400615296617,8.70, -13.80, 19.80
1400615296649,8.70, -13.80, 19.80
1400615296649,8.10, -12.90, 20.40
1400615296680,8.10, -12.90, 20.40
1400615296711,7.80, -11.40, 22.50
1400615296711,7.80, -11.40, 22.50
1400615296742,7.50, -10.80, 25.20
1400615296742,7.50, -10.80, 25.20
1400615296772,6.90, -9.30, 27.00
1400615296803,6.90, -9.30, 27.00
1400615296835,6.90, -8.40, 30.30
1400615296835,6.90, -8.40, 30.30
1400615296867,6.60, -7.80, 33.60
1400615296867,6.60, -7.80, 33.60
1400615296899,5.70, -7.50, 35.70
1400615296929,5.70, -7.50, 35.70
1400615296929,6.00, -7.50, 39.60
1400615296960,6.00, -7.50, 39.60
1400615296990,6.00, -7.80, 41.10
1400615296991,6.00, -7.80, 41.10
1400615297021,6.00, -7.80, 44.10
1400615297022,6.00, -7.80, 44.10
1400615297053,6.00, -8.10, 47.40
1400615297083,6.00, -8.10, 47.40
1400615297115,5.70, -8.70, 50.10
1400615297115,5.70, -8.70, 50.10
1400615297146,5.40, -9.30, 54.30
1400615297146,5.40, -9.30, 54.30
1400615297177,5.70, -10.50, 54.60
1400615297209,5.70, -10.50, 54.60
1400615297209,6.00, -12.00, 56.70
1400615297240,6.00, -12.00, 56.70
1400615297270,6.30, -13.20, 57.30
1400615297271,6.30, -13.20, 57.30
1400615297302,6.00, -13.50, 57.30
1400615297302,6.00, -13.50, 57.30
1400615297333,5.70, -12.90, 58.50
1400615297364,5.70, -12.90, 58.50
1400615297395,4.80, -13.20, 55.80
1400615297395,4.80, -13.20, 55.80
1400615297425,5.40, -12.00, 54.30
1400615297426,5.40, -12.00, 54.30
1400615297456,-11.10, 3.00, 32.70
1400615297488,-11.10, 3.00, 32.70
1400615297518,-10.20, 4.20, 30.30
1400615297518,-10.20, 4.20, 30.30
1400615297550,-9.30, 6.00, 29.10
1400615297550,-9.30, 6.00, 29.10
1400615297581,-8.70, 6.90, 27.00
1400615297581,-8.70, 6.90, 27.00
1400615297612,-8.40, 7.80, 23.70
1400615297643,-8.10, 8.40, 21.00
1400615297644,-8.10, 8.40, 21.00
1400615297675,-8.10, 9.00, 18.60
1400615297708,-8.10, 9.00, 18.60
1400615297738,-8.70, 8.40, 13.20
1400615297739,-8.70, 8.40, 13.20
1400615297770,-8.70, 7.50, 9.00
1400615297770,-8.70, 7.50, 9.00
1400615297802,-9.00, 6.00, 5.10
1400615297802,-9.00, 6.00, 5.10
1400615297833,-9.30, 5.10, 0.90
1400615297864,-9.30, 5.10, 0.90
1400615297895,-9.30, 4.20, -0.90
1400615297895,-9.30, 4.20, -0.90
1400615297926,-9.60, 3.60, -2.10
1400615297926,-9.60, 3.60, -2.10
1400615297957,-9.90, 3.00, -1.80
1400615297989,-9.90, 3.00, -1.80
1400615297989,-10.20, 2.10, -3.00
1400615298020,-10.20, 2.10, -3.00
1400615298051,-10.20, 1.80, -1.50
1400615298051,-10.20, 1.80, -1.50
1400615298082,-9.90, 1.20, 0.00
1400615298083,-9.90, 1.20, 0.00
1400615298113,-10.20, 1.20, 0.30
1400615298143,-10.20, 1.20, 0.30
1400615298175,-9.90, 1.80, 3.00
1400615298175,-9.90, 1.80, 3.00
1400615298206,-9.90, 2.10, 2.40
1400615298206,-9.90, 2.10, 2.40
1400615298236,-10.80, 3.30, 4.20
1400615298268,-10.80, 3.30, 4.20
1400615298268,-10.20, 3.90, 6.30
1400615298299,-10.20, 3.90, 6.30
1400615298331,-10.20, 5.10, 8.70
1400615298331,-10.20, 5.10, 8.70
1400615298362,-10.20, 6.30, 13.50
1400615298362,-10.20, 6.30, 13.50
1400615298393,-10.20, 6.60, 15.30
1400615298424,-10.20, 6.60, 15.30
1400615298455,-10.50, 6.90, 18.00
1400615298455,-10.50, 6.90, 18.00
1400615298486,-11.10, 6.60, 21.60
1400615298486,-11.10, 6.60, 21.60
1400615298516,-11.10, 6.60, 24.60
1400615298547,-11.10, 6.60, 24.60
1400615298578,-11.40, 5.70, 27.60
1400615298578,-11.40, 5.70, 27.60
1400615298615,-12.30, 4.20, 30.60
1400615298615,-12.30, 4.20, 30.60
1400615298646,-12.00, 3.00, 32.40
1400615298647,-12.00, 3.00, 32.40
1400615298678,-12.30, 1.20, 34.80
1400615298709,-12.30, 1.20, 34.80
1400615298710,-12.00, 0.00, 36.00
1400615298740,-12.00, 0.00, 36.00
1400615298771,-12.00, -1.50, 37.50
1400615298771,-12.00, -1.50, 37.50
1400615298802,-12.60, -3.90, 38.70
1400615298802,-12.60, -3.90, 38.70
1400615298834,-12.90, -5.40, 39.60
1400615298864,-12.90, -5.40, 39.60
1400615298895,-13.50, -7.20, 41.10
1400615298895,-13.50, -7.20, 41.10
1400615298926,-13.50, -7.50, 40.20
1400615298926,-13.50, -7.50, 40.20
1400615298958,-13.20, -7.80, 40.50
1400615298989,-13.20, -7.80, 40.50
1400615298989,-12.90, -8.10, 40.50
1400615299020,-12.90, -8.10, 40.50
1400615299051,-13.80, -8.40, 38.70
1400615299051,-13.80, -8.40, 38.70
1400615299082,-13.50, -9.00, 39.90
1400615299082,-13.50, -9.00, 39.90
1400615299112,-13.80, -9.00, 37.80
1400615299143,-13.80, -9.00, 37.80
1400615299174,-13.80, -8.40, 36.60
1400615299175,-13.80, -8.40, 36.60
1400615299206,-13.20, -6.60, 37.20
1400615299206,-13.20, -6.60, 37.20
1400615299236,-13.80, -3.90, 35.10
1400615299268,-13.80, -3.90, 35.10
1400615299268,-13.80, -1.80, 33.60
1400615299299,-13.80, -1.80, 33.60
1400615299330,-13.20, 0.30, 30.30
1400615299330,-13.20, 0.30, 30.30
1400615299361,-12.60, 3.00, 26.70
1400615299361,-12.60, 3.00, 26.70
1400615299391,-12.00, 4.80, 23.40
1400615299422,-12.00, 4.80, 23.40
1400615299453,-10.50, 7.20, 19.80
1400615299453,-10.50, 7.20, 19.80
1400615299484,-9.90, 8.70, 16.80
1400615299484,-9.90, 8.70, 16.80
1400615299515,-9.90, 7.80, 13.20
1400615299545,-9.90, 7.80, 13.20
1400615299576,-11.10, 6.00, 9.00
1400615299577,-11.10, 6.00, 9.00
1400615299608,-13.80, 3.60, 7.20
1400615299608,-13.80, 3.60, 7.20
1400615299639,-16.80, 1.20, 3.30
1400615299639,-16.80, 1.20, 3.30
1400615299670,-19.20, 0.30, 3.30
1400615299701,-19.20, 0.30, 3.30
1400615299732,-21.30, -0.60, 5.10
1400615299732,-21.30, -0.60, 5.10
1400615299763,-23.40, -2.40, 7.20
1400615299763,-23.40, -2.40, 7.20
1400615299794,-24.90, -3.90, 11.10
1400615299824,-24.90, -3.90, 11.10
1400615299855,-27.30, -6.60, 11.40
1400615299855,-27.30, -6.60, 11.40
1400615299887,-28.50, -8.10, 13.20
1400615299887,-28.50, -8.10, 13.20
1400615299919,-30.00, -9.60, 14.70
1400615299949,-30.00, -9.60, 14.70
1400615299950,-30.90, -11.40, 16.80
1400615299980,-30.90, -11.40, 16.80
1400615300011,-31.20, -12.00, 19.80
1400615300011,-31.20, -12.00, 19.80
1400615300042,-31.20, -13.50, 19.50
1400615300043,-31.20, -13.50, 19.50
1400615300073,-31.20, -13.80, 19.50
1400615300104,-31.20, -13.80, 19.50
1400615300135,-31.20, -13.50, 18.90
1400615300136,-31.20, -13.50, 18.90
1400615300167,-30.60, -12.30, 18.60
1400615300167,-30.60, -12.30, 18.60
1400615300198,-30.30, -10.50, 19.50
1400615300229,-30.30, -10.50, 19.50
1400615300229,-29.40, -9.00, 18.90
1400615300261,-29.40, -9.00, 18.90
1400615300292,-28.50, -8.10, 18.00
1400615300292,-28.50, -8.10, 18.00
1400615300324,-27.90, -7.20, 16.80
1400615300324,-27.90, -7.20, 16.80
1400615300355,-27.30, -5.10, 15.00
1400615300386,-27.30, -5.10, 15.00
1400615300417,-26.70, -4.50, 14.40
1400615300417,-26.70, -4.50, 14.40
1400615300449,-26.70, -3.60, 15.00
1400615300449,-26.70, -3.60, 15.00
1400615300480,-27.00, -3.90, 15.60
1400615300481,-27.00, -3.90, 15.60
1400615300512,-27.00, -5.40, 18.00
1400615300543,-27.30, -5.70, 19.50
1400615300543,-27.30, -5.70, 19.50
1400615300575,-27.00, -6.00, 21.30
1400615300606,-27.00, -6.00, 21.30
1400615300637,-26.70, -6.60, 24.00
1400615300637,-26.70, -6.60, 24.00
1400615300669,-27.30, -8.10, 24.30
1400615300669,-27.30, -8.10, 24.30
1400615300701,-27.00, -10.20, 27.30
1400615300701,-27.00, -10.20, 27.30
1400615300732,-26.70, -12.00, 29.70
1400615300762,-26.70, -12.00, 29.70
1400615300793,-25.80, -14.40, 31.20
1400615300794,-25.80, -14.40, 31.20
1400615300826,-25.20, -15.90, 35.10
1400615300826,-25.20, -15.90, 35.10
1400615300857,-24.60, -18.30, 35.40
1400615300888,-24.60, -18.30, 35.40
1400615300888,-23.10, -15.00, 29.70
1400615300919,-23.10, -15.00, 29.70
1400615300951,-24.00, -15.30, 30.00
1400615300951,-24.00, -15.30, 30.00
1400615300982,-24.00, -14.70, 29.70
1400615300982,-24.00, -14.70, 29.70
1400615301014,-24.30, -12.60, 30.30
1400615301046,-24.30, -12.60, 30.30
1400615301078,-24.90, -11.10, 29.10
1400615301078,-24.90, -11.10, 29.10
1400615301110,-24.60, -9.30, 27.90
1400615301110,-24.60, -9.30, 27.90
1400615301141,-24.60, -7.50, 25.80
1400615301141,-24.60, -7.50, 25.80
1400615301172,-24.60, -6.60, 21.90
1400615301203,-24.30, -4.80, 19.80
1400615301204,-24.30, -4.80, 19.80
1400615301234,-24.90, -3.60, 16.80
1400615301265,-24.90, -3.60, 16.80
1400615301297,-25.20, -2.40, 12.60
1400615301297,-25.20, -2.40, 12.60
1400615301329,-25.50, -1.50, 10.50
1400615301329,-25.50, -1.50, 10.50
1400615301362,-26.10, -1.20, 6.60
1400615301362,-26.10, -1.20, 6.60
1400615301392,-26.70, -1.80, 3.30
1400615301424,-27.30, -3.00, 0.90
1400615301424,-27.30, -3.00, 0.90
1400615301455,-27.30, -4.20, -1.80
1400615301486,-27.30, -4.20, -1.80
1400615301517,-27.60, -5.10, -5.10
1400615301517,-27.60, -5.10, -5.10
1400615301549,-27.60, -6.30, -7.50
1400615301550,-27.60, -6.30, -7.50
1400615301581,-27.00, -7.50, -11.10
1400615301581,-27.00, -7.50, -11.10
1400615301617,-27.00, -8.10, -12.60
1400615301650,-27.00, -8.10, -12.60
1400615301650,-26.70, -9.00, -13.20
1400615301681,-26.70, -9.00, -13.20
1400615301713,-26.40, -8.70, -16.20
1400615301713,-26.40, -8.70, -16.20
1400615301744,-26.70, -8.40, -16.20
1400615301744,-26.70, -8.40, -16.20
1400615301775,-26.40, -6.90, -17.10
1400615301806,-26.40, -6.90, -17.10
1400615301837,-25.50, -5.10, -19.20
1400615301837,-25.50, -5.10, -19.20
1400615301869,-24.00, -3.00, -18.90
1400615301870,-24.00, -3.00, -18.90
1400615301901,-22.20, -0.90, -18.60
1400615301901,-22.20, -0.90, -18.60
1400615301932,-19.80, 0.30, -17.10
1400615301963,-18.30, 1.80, -14.10
1400615301963,-18.30, 1.80, -14.10
1400615301994,-16.80, 1.80, -11.40
1400615302025,-16.80, 1.80, -11.40
1400615302056,-16.20, 1.80, -8.40
1400615302056,-16.20, 1.80, -8.40
1400615302089,-16.80, 1.50, -6.60
1400615302089,-16.80, 1.50, -6.60
1400615302120,-18.00, 0.60, -4.80
1400615302120,-18.00, 0.60, -4.80
1400615302152,-19.50, 0.30, -3.00
1400615302184,-21.00, 0.00, -1.80
1400615302184,-21.00, 0.00, -1.80
1400615302215,-22.80, -0.30, -0.30
1400615302245,-22.80, -0.30, -0.30
1400615302277,-24.60, -0.90, 0.90
1400615302277,-24.60, -0.90, 0.90
1400615302309,-26.10, -1.50, 0.30
1400615302309,-26.10, -1.50, 0.30
1400615302341,-27.30, -2.40, 2.40
1400615302341,-27.30, -2.40, 2.40
1400615302371,-28.20, -3.00, 3.60
1400615302402,-28.20, -3.00, 3.60
1400615302433,-29.40, -4.20, 4.20
1400615302434,-29.40, -4.20, 4.20
1400615302465,-30.30, -4.80, 6.30
1400615302465,-30.30, -4.80, 6.30
1400615302496,-30.90, -6.00, 3.30
1400615302527,-30.90, -6.00, 3.30
1400615302559,-30.30, -6.00, 1.20
1400615302559,-30.30, -6.00, 1.20
1400615302590,-28.80, -5.40, -1.20
1400615302590,-28.80, -5.40, -1.20
1400615302621,-27.00, -4.80, -3.90
1400615302622,-27.00, -4.80, -3.90
1400615302653,-25.20, -3.90, -3.90
1400615302683,-25.20, -3.90, -3.90
1400615302714,-24.00, -5.10, -8.10
1400615302714,-24.00, -5.10, -8.10
1400615302745,-22.80, -5.40, -11.40
1400615302745,-22.80, -5.40, -11.40
1400615302777,-22.20, -7.20, -14.70
1400615302809,-22.20, -7.20, -14.70
1400615302809,-22.20, -9.30, -18.90
1400615302840,-22.20, -9.30, -18.90
1400615302871,-22.20, -12.00, -20.40
1400615302871,-22.20, -12.00, -20.40
1400615302902,-22.20, -15.60, -22.20
1400615302903,-22.20, -15.60, -22.20
1400615302933,-21.90, -19.50, -23.10
1400615302965,-21.90, -19.50, -23.10
1400615302996,-21.60, -22.80, -23.70
1400615302997,-21.60, -22.80, -23.70
1400615303028,-21.60, -24.30, -24.30
1400615303028,-21.60, -24.30, -24.30
1400615303060,-21.60, -26.40, -24.00
1400615303060,-21.60, -26.40, -24.00
1400615303091,-21.60, -27.00, -24.00
1400615303123,-21.60, -27.00, -24.00
1400615303154,-21.90, -27.30, -23.70
1400615303154,-21.90, -27.30, -23.70
1400615303185,-22.20, -27.60, -22.80
1400615303186,-22.20, -27.60, -22.80
1400615303217,-22.80, -26.40, -24.30
1400615303249,-22.80, -26.40, -24.30
1400615303249,-23.40, -25.20, -23.40
1400615303280,-23.40, -25.20, -23.40
1400615303311,-24.00, -22.80, -23.40
1400615303312,-24.00, -22.80, -23.40
1400615303344,-24.30, -19.50, -22.20
1400615303344,-24.30, -19.50, -22.20
1400615303375,-24.30, -15.30, -18.60
1400615303406,-24.30, -15.30, -18.60
1400615303437,-25.20, -12.30, -17.70
1400615303438,-25.20, -12.30, -17.70
1400615303470,-24.90, -9.00, -14.10
1400615303470,-24.90, -9.00, -14.10
1400615303501,-24.90, -6.90, -10.80
1400615303501,-24.90, -6.90, -10.80
1400615303532,-25.80, -5.40, -7.20
1400615303564,-25.20, -2.70, -2.40
1400615303564,-25.20, -2.70, -2.40
1400615303595,-25.50, -1.20, 0.90
1400615303626,-25.50, -1.20, 0.90
1400615303657,-25.50, 0.00, 4.20
1400615303657,-25.50, 0.00, 4.20
1400615303689,-24.90, 0.30, 8.40
1400615303689,-24.90, 0.30, 8.40
1400615303720,-24.30, 0.30, 12.30
1400615303720,-24.30, 0.30, 12.30
1400615303752,-24.30, -0.30, 14.40
1400615303782,-24.30, -0.30, 14.40
1400615303813,-23.40, -1.80, 18.00
1400615303814,-23.40, -1.80, 18.00
1400615303845,-23.40, -3.30, 18.90
1400615303845,-23.40, -3.30, 18.90
1400615303876,-23.40, -4.80, 21.00
1400615303908,-23.40, -4.80, 21.00
1400615303908,-22.80, -6.00, 24.60
1400615303939,-22.80, -6.00, 24.60
1400615303970,-22.80, -6.60, 25.20
1400615303970,-22.80, -6.60, 25.20
1400615304001,-22.80, -6.90, 27.30
1400615304002,-22.80, -6.90, 27.30
1400615304032,-23.40, -7.50, 25.20
1400615304063,-23.40, -7.50, 25.20
1400615304095,-23.70, -6.60, 24.90
1400615304095,-23.70, -6.60, 24.90
1400615304126,-24.30, -5.40, 23.40
1400615304126,-24.30, -5.40, 23.40
1400615304157,-24.00, -3.60, 21.60
1400615304189,-24.00, -3.60, 21.60
1400615304189,-24.00, -1.50, 21.30
1400615304220,-24.00, -1.50, 21.30
1400615304251,-23.10, 0.30, 16.50
1400615304252,-23.10, 0.30, 16.50
1400615304283,-22.50, 2.10, 12.90
1400615304283,-22.50, 2.10, 12.90
1400615304314,-21.30, 3.30, 8.70
1400615304345,-21.30, 3.30, 8.70
1400615304377,-20.10, 3.30, 3.90
1400615304377,-20.10, 3.30, 3.90
1400615304409,-19.50, 2.40, 0.60
1400615304409,-19.50, 2.40, 0.60
1400615304441,-18.90, 1.20, -4.50
1400615304441,-18.90, 1.20, -4.50
1400615304472,-18.60, 0.00, -8.70
1400615304503,-18.30, -0.30, -10.80
1400615304503,-18.30, -0.30, -10.80
1400615304534,-18.30, -1.20, -12.60
1400615304565,-18.30, -1.20, -12.60
1400615304597,-17.70, -1.50, -13.50
1400615304597,-17.70, -1.50, -13.50
1400615304631,-17.10, -2.10, -15.00
1400615304631,-17.10, -2.10, -15.00
1400615304663,-16.50, -2.10, -16.80
1400615304663,-16.50, -2.10, -16.80
1400615304694,-15.30, -0.60, -17.10
1400615304725,-15.30, -0.60, -17.10
1400615304756,-14.10, 0.00, -17.70
1400615304756,-14.10, 0.00, -17.70
1400615304788,-12.30, 0.60, -17.10
1400615304788,-12.30, 0.60, -17.10
1400615304820,-10.20, 2.40, -16.50
1400615304820,-10.20, 2.40, -16.50
1400615304851,-7.50, 4.50, -17.10
1400615304882,-7.50, 4.50, -17.10
1400615304912,-5.70, 6.90, -16.20
1400615304913,-5.70, 6.90, -16.20
1400615304959,-4.20, 9.90, -15.60
1400615304959,-4.20, 9.90, -15.60
1400615304997,-3.30, 12.30, -15.60
1400615304998,-3.30, 12.30, -15.60
1400615305033,-3.90, 13.20, -17.10
1400615305033,-3.90, 13.20, -17.10
1400615305065,-4.20, 14.40, -19.50
1400615305066,-4.20, 14.40, -19.50
1400615305097,-5.40, 14.70, -23.40
1400615305129,-5.40, 14.70, -23.40
1400615305129,-6.60, 13.80, -26.40
1400615305161,-6.60, 13.80, -26.40
1400615305192,-7.50, 13.20, -27.30
1400615305192,-7.50, 13.20, -27.30
1400615305224,-9.00, 12.60, -28.50
1400615305225,-9.00, 12.60, -28.50
1400615305256,-10.50, 9.60, -30.00
1400615305289,-10.50, 9.60, -30.00
1400615305289,-11.70, 9.00, -30.60
1400615305320,-11.70, 9.00, -30.60
1400615305352,-13.50, 6.90, -30.30
1400615305353,-13.50, 6.90, -30.30
1400615305384,-15.60, 5.10, -30.30
1400615305385,-15.60, 5.10, -30.30
1400615305416,-18.00, 6.60, -30.60
1400615305449,-18.00, 6.60, -30.60
1400615305449,-21.00, 3.60, -31.80
1400615305480,-21.00, 3.60, -31.80
1400615305512,-23.10, 4.20, -31.20
1400615305512,-23.10, 4.20, -31.20
1400615305544,-25.50, 4.50, -29.40
1400615305544,-25.50, 4.50, -29.40
1400615305576,-26.40, 2.70, -27.30
1400615305609,-26.40, 2.70, -27.30
1400615305609,-28.20, 4.80, -24.00
1400615305658,-28.20, 4.80, -24.00
1400615305750,-29.70, 4.20, -22.80
1400615305751,-29.70, 4.20, -22.80
1400615305751,-29.70, 3.60, -22.20
1400615305751,-30.60, 4.20, -20.70
1400615305751,-30.60, 4.20, -20.70
1400615305785,-30.60, 3.60, -21.00
1400615305785,-30.60, 3.60, -21.00
1400615305817,-30.30, 3.60, -21.00
1400615305817,-30.30, 3.60, -21.00
1400615305853,-30.90, 3.90, -21.60
1400615305853,-30.90, 3.90, -21.60
1400615305889,-30.90, 3.90, -22.20
1400615305889,-30.90, 3.90, -22.20
1400615305922,-31.50, 4.20, -22.50
1400615305922,-31.50, 4.20, -22.50
1400615305963,-31.80, 4.80, -20.70
1400615305963,-31.80, 4.80, -20.70
1400615305993,-31.50, 6.00, -18.60
1400615306022,-31.50, 6.00, -18.60
1400615306051,-31.50, 8.10, -16.80
1400615306052,-31.50, 8.10, -16.80
1400615306081,-30.90, 9.30, -15.90
1400615306081,-30.90, 9.30, -15.90
1400615306110,-30.90, 10.50, -15.90
1400615306139,-30.90, 10.50, -15.90
1400615306168,-31.50, 10.50, -15.60
1400615306168,-31.50, 10.50, -15.60
1400615306197,-33.30, 11.70, -14.40
1400615306226,-33.30, 11.70, -14.40
1400615306255,-34.50, 14.40, -12.60
1400615306256,-34.50, 14.40, -12.60
1400615306326,-33.00, 20.70, -15.00
1400615306327,-29.10, 31.50, -17.70
1400615306327,-29.10, 31.50, -17.70
1400615306360,-17.40, 52.50, -22.80
1400615306360,-17.40, 52.50, -22.80
1400615306392,3.60, 87.60, -24.60
1400615306392,3.60, 87.60, -24.60
1400615306424,25.50, 123.30, -20.10
1400615306424,25.50, 123.30, -20.10
1400615306456,47.10, 157.20, -13.50
1400615306489,47.10, 157.20, -13.50
1400615306489,62.70, 181.50, -3.30
1400615306520,62.70, 181.50, -3.30
1400615306553,70.20, 192.30, 5.70
1400615306553,70.20, 192.30, 5.70
1400615306585,75.90, 199.80, 13.80
1400615306586,75.90, 199.80, 13.80
1400615306617,79.80, 205.50, 20.10
1400615306650,79.80, 205.50, 20.10
1400615306650,83.10, 209.40, 25.20
1400615306682,83.10, 209.40, 25.20
1400615306714,84.60, 210.60, 26.70
1400615306714,84.60, 210.60, 26.70
1400615306746,85.80, 211.20, 28.20
1400615306746,85.80, 211.20, 28.20
1400615306778,86.10, 211.50, 29.40
1400615306810,86.10, 211.50, 29.40
1400615306810,86.70, 211.50, 29.40
1400615306841,86.70, 211.50, 29.40
1400615306874,87.30, 212.40, 31.20
1400615306874,87.30, 212.40, 31.20
1400615306906,86.70, 212.40, 28.80
1400615306906,86.70, 212.40, 28.80
1400615306938,86.40, 211.80, 28.20
1400615306972,86.40, 211.80, 28.20
1400615306972,86.40, 211.80, 27.90
1400615307003,86.40, 211.80, 27.90
1400615307035,86.40, 211.50, 27.90
1400615307036,86.40, 211.50, 27.90
1400615307069,86.70, 211.80, 30.00
1400615307069,86.70, 211.80, 30.00
1400615307102,87.00, 211.80, 29.70
1400615307103,87.00, 211.80, 29.70
1400615307134,87.30, 211.80, 30.60
1400615307166,87.30, 211.80, 30.60
1400615307198,87.60, 212.40, 31.80
1400615307198,87.60, 212.40, 31.80
1400615307230,88.20, 213.00, 33.30
1400615307231,88.20, 213.00, 33.30
1400615307263,88.50, 213.60, 35.10
1400615307263,88.50, 213.60, 35.10
1400615307294,88.20, 214.20, 34.80
1400615307326,88.20, 214.20, 34.80
1400615307359,88.50, 213.60, 32.70
1400615307359,88.50, 213.60, 32.70
1400615307392,87.90, 213.60, 32.10
1400615307392,87.90, 213.60, 32.10
1400615307424,87.30, 213.90, 32.70
1400615307424,87.30, 213.90, 32.70
1400615307459,86.70, 214.20, 35.70
1400615307459,86.70, 214.20, 35.70
1400615307490,86.40, 215.10, 40.50
1400615307522,86.40, 215.10, 40.50
1400615307555,85.80, 215.40, 43.80
1400615307555,85.80, 215.40, 43.80
1400615307587,85.20, 215.40, 46.20
1400615307587,85.20, 215.40, 46.20
1400615307620,84.90, 215.70, 46.20
1400615307620,84.90, 215.70, 46.20
1400615307661,84.30, 215.40, 46.80
1400615307661,84.30, 215.40, 46.80
1400615307693,84.30, 215.70, 47.40
1400615307724,84.30, 215.70, 47.40
1400615307757,84.00, 215.70, 47.70
1400615307757,84.00, 215.70, 47.70
1400615307790,84.00, 215.70, 49.20
1400615307790,84.00, 215.70, 49.20
1400615307822,84.30, 215.70, 47.70
1400615307822,84.30, 215.70, 47.70
1400615307854,84.30, 215.70, 48.90
1400615307884,84.30, 215.70, 48.90
1400615307917,84.30, 216.30, 49.50
1400615307917,84.30, 216.30, 49.50
1400615307950,83.70, 216.90, 50.70
1400615307950,83.70, 216.90, 50.70
1400615307983,83.70, 218.40, 53.70
1400615307983,83.70, 218.40, 53.70
1400615308014,82.50, 218.70, 54.30
1400615308045,82.50, 218.70, 54.30
1400615308078,81.60, 220.20, 55.20
1400615308079,81.60, 220.20, 55.20
1400615308111,81.30, 221.10, 56.40
1400615308111,81.30, 221.10, 56.40
1400615308144,80.70, 221.70, 55.20
1400615308145,80.70, 221.70, 55.20
1400615308176,80.70, 222.90, 54.30
1400615308209,80.70, 222.90, 54.30
1400615308209,80.10, 222.90, 53.40
1400615308240,80.10, 222.90, 53.40
1400615308272,79.50, 223.20, 51.60
1400615308272,79.50, 223.20, 51.60
1400615308304,79.50, 223.20, 52.20
1400615308304,79.50, 223.20, 52.20
1400615308336,79.20, 223.50, 52.80
1400615308369,79.20, 223.50, 52.80
1400615308369,79.20, 223.80, 55.20
1400615308401,79.20, 223.80, 55.20
1400615308436,79.80, 223.80, 57.60
1400615308436,79.80, 223.80, 57.60
1400615308473,79.80, 224.10, 59.70
1400615308473,79.80, 224.10, 59.70
1400615308504,80.40, 225.00, 61.80
1400615308505,80.40, 225.00, 61.80
1400615308536,80.40, 225.30, 60.30
1400615308573,80.40, 225.30, 60.30
1400615308574,80.40, 225.60, 60.30
1400615308604,80.40, 225.60, 60.30
1400615308636,80.10, 225.60, 60.90
1400615308636,80.10, 225.60, 60.90
1400615308668,79.80, 224.40, 60.60
1400615308669,79.80, 224.40, 60.60
1400615308711,79.80, 225.30, 62.40
1400615308711,79.80, 225.30, 62.40
1400615308743,79.50, 225.00, 60.90
1400615308743,79.50, 225.00, 60.90
1400615308774,79.50, 225.60, 60.90
1400615308805,79.50, 225.60, 60.90
1400615308837,79.50, 226.20, 60.90
1400615308837,79.50, 226.20, 60.90
1400615308870,79.20, 225.60, 60.60
1400615308870,79.20, 225.60, 60.60
1400615308905,78.90, 225.90, 61.80
1400615308905,78.90, 225.90, 61.80
1400615308942,78.60, 225.60, 60.60
1400615308942,78.60, 225.60, 60.60
1400615308970,78.90, 226.20, 59.70
1400615308999,78.90, 226.20, 59.70
1400615309027,78.60, 226.50, 59.10
1400615309027,78.60, 226.50, 59.10
1400615309056,77.70, 228.00, 58.20
1400615309084,77.70, 228.00, 58.20
1400615309113,77.40, 228.30, 58.50
1400615309114,77.40, 228.30, 58.50
1400615309142,76.80, 228.60, 58.80
1400615309142,76.80, 228.60, 58.80
1400615309171,76.50, 228.90, 59.40
1400615309200,76.50, 228.90, 59.40
1400615309228,77.10, 227.70, 60.60
1400615309228,77.10, 227.70, 60.60
1400615309257,77.40, 228.90, 60.30
1400615309287,77.40, 228.90, 60.30
1400615309317,76.50, 228.60, 60.30
1400615309317,76.50, 228.60, 60.30
1400615309346,76.20, 228.30, 60.60
1400615309346,76.20, 228.30, 60.60
1400615309404,75.90, 228.90, 60.30
1400615309404,75.90, 228.90, 60.30
1400615309440,75.60, 228.00, 60.60
1400615309440,76.50, 228.90, 60.90
1400615309440,76.50, 228.90, 60.90
1400615309471,77.40, 229.50, 61.20
1400615309501,78.00, 229.80, 61.50
1400615309502,78.00, 229.80, 61.50
1400615309540,77.70, 229.50, 61.80
1400615309540,77.70, 229.50, 61.80
1400615309568,77.40, 229.20, 62.10
1400615309596,77.40, 229.20, 62.10
1400615309625,76.20, 228.90, 62.10
1400615309625,76.20, 228.90, 62.10
1400615309659,75.60, 228.30, 60.90
1400615309659,75.60, 228.30, 60.90
1400615309689,75.90, 228.30, 60.90
1400615309718,75.90, 228.30, 60.90
1400615309748,75.60, 228.00, 60.30
1400615309748,75.60, 228.00, 60.30
1400615309777,76.50, 228.60, 60.30
1400615309807,76.50, 228.60, 60.30
1400615309837,76.50, 229.50, 62.10
1400615309837,76.50, 229.50, 62.10
1400615309896,76.80, 229.80, 61.50
1400615309896,76.80, 229.80, 61.50
1400615309896,76.80, 230.40, 62.10
1400615309957,76.80, 230.40, 62.10
1400615309957,75.90, 229.50, 61.80
1400615309957,75.90, 229.50, 61.80
1400615309992,75.60, 230.10, 60.60
1400615309992,75.60, 230.10, 60.60
1400615310026,75.60, 229.80, 60.90
1400615310026,75.60, 229.80, 60.90
1400615310059,75.60, 229.20, 61.20
1400615310059,75.60, 229.20, 61.20
1400615310090,75.60, 230.10, 60.90
1400615310121,75.60, 230.10, 60.90
1400615310152,75.90, 229.20, 61.50
1400615310153,75.90, 229.20, 61.50
1400615310183,75.60, 229.50, 59.70
1400615310183,75.60, 229.50, 59.70
1400615310214,75.60, 229.50, 59.70
1400615310245,75.60, 229.50, 59.70
1400615310277,75.90, 228.30, 59.70
1400615310277,75.90, 228.30, 59.70
1400615310309,76.50, 228.60, 60.60
1400615310309,76.50, 228.60, 60.60
1400615310341,76.80, 229.20, 62.40
1400615310341,76.80, 229.20, 62.40
1400615310375,76.80, 228.90, 61.50
1400615310406,76.80, 228.90, 61.50
1400615310438,77.10, 229.50, 62.10
1400615310438,77.10, 229.50, 62.10
1400615310470,76.80, 229.80, 62.40
1400615310470,76.80, 229.80, 62.40
1400615310501,76.80, 229.20, 62.70
1400615310501,76.80, 229.20, 62.70
1400615310534,76.80, 229.50, 64.50
