1400615238578,79.80, 37.80, -55.80
1400615238582,79.80, 37.80, -55.80
1400615238582,79.20, 38.40, -55.50
1400615238583,79.20, 38.40, -55.50
1400615238636,79.50, 39.00, -55.20
1400615238636,79.50, 39.00, -55.20
1400615238677,79.80, 39.30, -54.90
1400615238677,79.80, 39.30, -54.90
1400615238991,80.70, 39.00, -53.10
1400615238991,80.70, 39.00, -53.10
1400615239041,80.70, 36.90, -54.90
1400615239041,80.70, 36.90, -54.90
1400615239041,81.00, 35.10, -55.20
1400615239041,81.00, 35.10, -55.20
1400615239042,81.00, 33.90, -55.80
1400615239042,81.00, 33.90, -55.80
1400615239042,81.00, 32.10, -56.10
1400615239042,81.60, 32.10, -54.90
1400615239042,81.60, 32.10, -54.90
1400615239043,81.90, 32.40, -55.50
1400615239044,81.90, 32.40, -55.50
1400615239044,81.60, 31.80, -57.90
1400615239044,81.00, 31.50, -60.00
1400615239045,81.00, 31.50, -60.00
1400615239046,80.40, 30.60, -62.10
1400615239046,80.40, 30.60, -62.10
1400615239082,80.10, 29.40, -64.20
1400615239083,80.10, 29.40, -64.20
1400615239123,80.70, 29.40, -64.20
1400615239123,80.70, 29.40, -64.20
1400615239163,80.70, 29.10, -64.20
1400615239163,80.70, 29.40, -63.90
1400615239163,80.70, 29.40, -63.90
1400615239223,80.70, 29.70, -63.60
1400615239223,80.70, 29.70, -63.60
1400615239255,80.70, 29.40, -63.60
1400615239256,80.70, 29.40, -63.60
1400615239287,81.00, 30.00, -64.20
1400615239289,81.00, 30.00, -64.20
1400615239336,81.30, 30.30, -63.00
1400615239336,81.30, 30.30, -63.00
1400615239386,81.30, 30.60, -63.00
1400615239386,81.30, 30.60, -63.00
1400615239425,81.30, 31.20, -61.20
1400615239425,81.30, 31.20, -61.20
1400615239459,81.30, 31.50, -59.40
1400615239459,81.30, 31.50, -59.40
1400615239498,80.70, 30.90, -61.20
1400615239498,80.70, 30.60, -61.20
1400615239530,80.70, 30.60, -61.20
1400615239530,80.40, 30.60, -61.80
1400615239567,79.80, 30.00, -63.00
1400615239568,79.80, 30.00, -63.00
1400615239604,80.40, 30.90, -62.10
1400615239604,80.40, 30.90, -62.10
1400615239636,80.10, 31.50, -60.30
1400615239668,80.10, 31.50, -60.30
1400615239668,80.70, 31.20, -60.30
1400615239701,80.70, 31.20, -60.30
1400615239735,81.00, 31.80, -59.10
1400615239735,81.00, 31.80, -59.10
1400615239767,80.70, 30.90, -59.70
1400615239768,80.70, 30.90, -59.70
1400615239800,81.00, 30.30, -59.40
1400615239800,81.00, 30.30, -59.40
1400615239832,80.70, 30.30, -59.40
1400615239864,80.70, 30.30, -59.40
1400615239897,80.70, 30.30, -59.10
1400615239897,80.70, 30.30, -59.10
1400615239930,80.70, 30.90, -58.20
1400615239930,80.70, 30.90, -58.20
1400615239962,80.70, 30.90, -57.90
1400615239963,80.70, 30.90, -57.90
1400615239994,80.70, 31.20, -57.90
1400615240026,80.70, 31.20, -57.90
1400615240059,81.00, 31.20, -57.90
1400615240060,81.00, 31.20, -57.90
1400615240092,81.30, 31.50, -59.10
1400615240092,81.30, 31.50, -59.10
1400615240124,81.00, 32.10, -59.70
1400615240124,81.00, 32.10, -59.70
1400615240156,81.00, 32.10, -59.40
1400615240189,81.00, 32.10, -59.40
1400615240189,80.70, 32.10, -58.80
1400615240221,80.70, 32.10, -58.80
1400615240254,80.70, 31.20, -57.90
1400615240254,80.70, 31.20, -57.90
1400615240286,80.40, 30.90, -59.70
1400615240287,80.40, 30.90, -59.70
1400615240318,80.40, 30.90, -60.60
1400615240350,80.40, 30.90, -60.60
1400615240351,80.70, 30.60, -61.20
1400615240382,80.70, 30.60, -61.20
1400615240414,80.40, 30.60, -60.90
1400615240414,80.40, 30.60, -60.90
1400615240446,80.70, 30.90, -58.80
1400615240447,80.70, 30.90, -58.80
1400615240479,80.70, 30.00, -59.70
1400615240479,80.70, 30.00, -59.70
1400615240512,80.40, 30.00, -59.40
1400615240546,80.40, 30.00, -59.40
1400615240583,80.70, 30.00, -59.70
1400615240584,80.70, 30.00, -59.70
1400615240624,81.00, 30.00, -59.70
1400615240624,81.00, 30.30, -58.20
1400615240624,81.00, 30.30, -58.20
1400615240666,81.60, 30.60, -58.20
1400615240666,81.60, 30.60, -58.20
1400615240704,81.60, 30.60, -57.90
1400615240705,81.60, 30.60, -57.90
1400615240746,81.60, 30.30, -57.30
1400615240746,81.60, 30.30, -57.30
1400615240785,81.60, 30.90, -57.30
1400615240785,81.60, 30.90, -57.30
1400615240828,81.60, 30.60, -57.60
1400615240829,81.60, 30.60, -57.60
1400615240867,81.00, 31.20, -57.60
1400615240909,80.70, 31.20, -57.60
1400615240909,80.70, 31.20, -57.60
1400615240909,80.70, 30.90, -58.20
1400615240950,80.70, 30.90, -58.20
1400615240991,80.70, 30.60, -57.30
1400615240991,80.70, 30.60, -57.30
1400615240991,81.30, 30.30, -58.80
1400615241031,81.30, 30.30, -58.80
1400615241071,81.30, 30.90, -59.40
1400615241071,81.30, 30.90, -59.40
1400615241071,81.30, 31.20, -58.80
1400615241114,81.30, 31.20, -58.80
1400615241115,81.60, 31.50, -59.10
1400615241148,81.60, 31.50, -59.10
1400615241180,81.00, 31.20, -57.90
1400615241180,81.00, 31.20, -57.90
1400615241212,81.00, 30.60, -59.10
1400615241213,81.00, 30.60, -59.10
1400615241245,81.00, 30.00, -59.40
1400615241245,81.00, 30.00, -59.40
1400615241277,80.40, 30.00, -59.40
1400615241315,80.40, 30.00, -59.40
1400615241315,80.40, 29.70, -59.70
1400615241348,80.40, 29.70, -59.70
1400615241348,80.70, 30.30, -57.60
1400615241380,80.70, 30.30, -57.60
1400615241412,80.40, 30.00, -58.80
1400615241412,80.40, 30.00, -58.80
1400615241444,81.00, 29.70, -58.80
1400615241444,81.00, 29.70, -58.80
1400615241476,81.00, 30.00, -58.20
1400615241509,81.00, 30.00, -58.20
1400615241509,80.70, 29.70, -57.90
1400615241541,80.70, 29.70, -57.90
1400615241574,80.70, 29.40, -56.70
1400615241574,80.70, 29.40, -56.70
1400615241606,80.10, 29.40, -57.00
1400615241607,80.10, 29.40, -57.00
1400615241639,80.10, 29.40, -57.30
1400615241639,80.10, 29.40, -57.30
1400615241672,80.40, 30.00, -57.90
1400615241704,80.40, 30.00, -57.90
1400615241736,80.40, 30.90, -58.20
1400615241736,80.40, 30.90, -58.20
1400615241770,80.70, 30.60, -58.50
1400615241770,80.70, 30.60, -58.50
1400615241812,81.00, 30.60, -58.20
1400615241813,81.00, 30.60, -58.20
1400615241845,80.70, 30.30, -57.90
1400615241845,80.70, 30.30, -57.90
1400615241877,81.00, 30.00, -57.00
1400615241910,81.00, 30.00, -57.00
1400615241910,80.70, 30.00, -58.80
1400615241942,80.70, 30.00, -58.80
1400615241975,80.40, 29.70, -58.80
1400615241975,80.40, 29.70, -58.80
1400615242008,80.40, 29.70, -59.10
1400615242008,80.40, 29.70, -59.10
1400615242046,80.40, 30.00, -59.40
1400615242046,80.40, 30.00, -59.40
1400615242080,81.00, 30.00, -57.60
1400615242080,81.00, 30.00, -57.60
1400615242112,81.00, 30.60, -59.10
1400615242149,81.00, 30.60, -59.10
1400615242149,80.40, 30.00, -59.10
1400615242181,80.40, 30.00, -59.10
1400615242213,80.10, 29.10, -59.10
1400615242213,80.10, 29.10, -59.10
1400615242250,80.10, 29.40, -59.70
1400615242251,80.10, 29.40, -59.70
1400615242283,80.40, 29.70, -57.90
1400615242284,80.40, 29.70, -57.90
1400615242325,80.70, 29.10, -58.80
1400615242325,80.70, 29.10, -58.80
1400615242358,81.30, 29.70, -58.80
1400615242390,81.30, 29.70, -58.80
1400615242390,81.60, 29.70, -58.20
1400615242422,81.60, 29.70, -58.20
1400615242454,80.70, 29.40, -58.50
1400615242454,80.70, 29.40, -58.50
1400615242487,81.00, 30.00, -57.30
1400615242487,81.00, 30.00, -57.30
1400615242524,80.70, 30.30, -57.90
1400615242524,80.70, 30.30, -57.90
1400615242556,80.70, 29.70, -57.90
1400615242589,80.70, 29.70, -57.90
1400615242589,81.00, 29.70, -57.60
1400615242621,81.00, 29.70, -57.60
1400615242658,80.40, 30.90, -58.80
1400615242658,80.40, 30.90, -58.80
1400615242691,80.40, 30.90, -58.50
1400615242691,80.40, 30.90, -58.50
1400615242723,80.10, 30.90, -58.20
1400615242723,80.10, 30.90, -58.20
1400615242756,80.10, 31.50, -58.50
1400615242789,80.10, 31.50, -58.50
1400615242789,80.70, 30.60, -57.30
1400615242825,80.70, 30.60, -57.30
1400615242858,81.00, 30.00, -59.40
1400615242858,81.00, 30.00, -59.40
1400615242898,81.00, 30.00, -60.00
1400615242898,81.00, 30.00, -60.00
1400615242941,81.00, 30.00, -60.00
1400615242941,81.00, 30.00, -60.00
1400615242974,80.10, 29.70, -60.30
1400615242974,80.10, 29.70, -60.30
1400615243008,80.70, 30.30, -58.20
1400615243008,80.70, 30.30, -58.20
1400615243041,80.40, 30.00, -59.70
1400615243041,80.40, 30.00, -59.70
1400615243073,80.70, 30.60, -59.70
1400615243107,81.00, 30.90, -59.40
1400615243107,81.00, 30.90, -59.40
1400615243139,81.00, 31.20, -60.90
1400615243139,81.00, 31.20, -60.90
1400615243171,81.30, 31.20, -58.80
1400615243203,81.30, 31.20, -58.80
1400615243235,81.90, 30.60, -58.80
1400615243235,81.90, 30.60, -58.80
1400615243268,81.90, 30.60, -58.80
1400615243268,81.90, 30.60, -58.80
1400615243300,81.60, 30.90, -57.30
1400615243301,81.60, 30.90, -57.30
1400615243332,81.00, 30.90, -57.90
1400615243370,81.00, 31.50, -57.00
1400615243370,81.00, 31.50, -57.00
1400615243402,80.70, 31.80, -57.30
1400615243402,80.70, 31.80, -57.30
1400615243434,80.70, 32.10, -57.30
1400615243465,80.70, 32.10, -57.30
1400615243497,81.30, 31.50, -57.30
1400615243497,81.30, 31.50, -57.30
1400615243529,81.30, 31.20, -58.20
1400615243529,81.30, 31.20, -58.20
1400615243562,81.60, 31.20, -58.80
1400615243562,81.60, 31.20, -58.80
1400615243593,81.60, 31.20, -58.50
1400615243641,81.60, 31.20, -58.50
1400615243641,81.60, 31.80, -57.90
1400615243641,81.60, 31.80, -57.90
1400615243673,81.60, 32.10, -57.30
1400615243705,81.60, 32.10, -57.30
1400615243737,81.60, 31.50, -56.40
1400615243737,81.60, 31.50, -56.40
1400615243770,81.30, 30.90, -58.20
1400615243770,81.30, 30.90, -58.20
1400615243802,81.00, 30.90, -58.80
1400615243802,81.00, 30.90, -58.80
1400615243834,80.70, 30.90, -58.50
1400615243865,80.70, 30.90, -58.50
1400615243897,80.40, 30.90, -58.80
1400615243897,80.40, 30.90, -58.80
1400615243947,80.70, 30.90, -57.30
1400615243947,80.70, 30.90, -57.30
1400615243997,80.10, 30.00, -59.10
1400615243997,80.10, 29.40, -59.70
1400615243997,80.10, 29.40, -59.70
1400615244030,80.10, 29.40, -61.20
1400615244030,80.10, 29.40, -61.20
1400615244063,79.80, 29.40, -62.40
1400615244064,79.80, 29.40, -62.40
1400615244095,79.80, 30.30, -62.10
1400615244127,79.80, 30.30, -62.10
1400615244159,79.80, 30.30, -63.30
1400615244160,79.80, 30.30, -63.30
1400615244191,79.50, 29.40, -63.60
1400615244192,79.50, 29.40, -63.60
1400615244224,79.50, 29.40, -63.90
1400615244224,79.50, 29.40, -63.90
1400615244256,79.50, 29.10, -64.50
1400615244288,79.50, 29.10, -64.50
1400615244288,80.10, 29.10, -62.70
1400615244320,80.10, 29.10, -62.70
1400615244354,80.10, 29.70, -60.90
1400615244354,80.10, 29.70, -60.90
1400615244386,80.10, 30.60, -60.00
1400615244386,80.10, 30.60, -60.00
1400615244418,80.10, 30.90, -58.20
1400615244450,80.10, 30.90, -58.20
1400615244450,79.80, 31.20, -57.90
1400615244482,79.80, 31.20, -57.90
1400615244513,79.50, 30.90, -57.30
1400615244514,79.50, 30.90, -57.30
1400615244545,79.80, 30.00, -56.40
1400615244546,79.80, 30.00, -56.40
1400615244577,79.50, 29.40, -58.20
1400615244610,79.50, 29.40, -58.20
1400615244611,79.50, 29.40, -58.20
1400615244642,79.50, 29.40, -58.20
1400615244674,80.10, 29.40, -58.80
1400615244674,80.10, 29.40, -58.80
1400615244706,80.70, 29.70, -59.10
1400615244706,80.70, 29.70, -59.10
1400615244738,81.60, 30.00, -57.00
1400615244770,81.60, 30.00, -57.00
1400615244770,81.60, 29.70, -59.10
1400615244802,81.60, 29.70, -59.10
1400615244834,81.60, 29.40, -58.50
1400615244834,81.60, 29.40, -58.50
1400615244866,81.30, 29.40, -58.50
1400615244866,81.30, 29.40, -58.50
1400615244899,80.70, 29.40, -58.50
1400615244946,80.70, 29.40, -58.50
1400615244946,81.00, 30.30, -56.40
1400615244946,81.00, 30.30, -56.40
1400615244983,79.20, 29.10, -60.00
1400615244983,79.20, 29.10, -60.00
1400615245020,78.90, 28.80, -61.50
1400615245020,78.90, 28.80, -61.50
1400615245053,78.60, 28.80, -63.30
1400615245085,78.60, 28.80, -63.30
1400615245118,79.50, 26.70, -66.90
1400615245119,79.50, 26.70, -66.90
1400615245151,80.10, 27.00, -66.60
1400615245151,80.10, 27.00, -66.60
1400615245184,80.10, 27.30, -66.30
1400615245184,80.10, 27.30, -66.30
1400615245216,80.70, 27.30, -66.60
1400615245250,80.70, 27.30, -66.60
1400615245250,79.50, 27.60, -66.60
1400615245282,79.50, 27.60, -66.60
1400615245314,80.10, 27.90, -65.40
1400615245314,80.10, 27.90, -65.40
1400615245347,80.40, 27.60, -66.00
1400615245347,80.40, 27.60, -66.00
1400615245384,80.10, 28.50, -67.20
1400615245384,80.10, 28.50, -67.20
1400615245416,79.50, 29.70, -66.00
1400615245450,79.50, 29.70, -66.00
1400615245450,80.10, 30.00, -66.00
1400615245481,80.10, 30.00, -66.00
1400615245514,80.10, 30.00, -66.00
1400615245514,80.10, 30.00, -66.00
1400615245546,80.40, 29.40, -65.40
1400615245546,80.40, 29.40, -65.40
1400615245579,79.80, 28.80, -65.40
1400615245580,79.80, 28.80, -65.40
1400615245612,79.80, 29.10, -64.80
1400615245643,79.80, 29.10, -64.80
1400615245676,79.50, 29.10, -64.80
1400615245676,79.50, 29.10, -64.80
1400615245710,79.50, 28.80, -64.50
1400615245710,79.50, 28.80, -64.50
1400615245743,79.80, 29.70, -64.20
1400615245743,79.80, 29.70, -64.20
1400615245798,79.50, 29.40, -63.90
1400615245798,79.50, 29.40, -63.90
1400615245831,80.10, 30.00, -63.60
1400615245831,80.10, 30.00, -63.60
1400615245866,80.10, 30.00, -63.60
1400615245866,80.10, 30.00, -63.60
1400615245899,80.70, 29.40, -63.90
1400615245899,80.70, 29.40, -63.90
1400615245934,80.40, 29.10, -64.20
1400615245977,80.40, 29.10, -64.20
1400615245977,80.40, 28.50, -63.90
1400615246022,80.40, 28.50, -63.90
1400615246022,80.70, 28.50, -64.20
1400615246023,80.70, 28.50, -64.20
1400615246054,80.70, 28.20, -63.90
1400615246096,80.70, 28.20, -63.90
1400615246096,80.70, 28.50, -64.20
1400615246133,80.70, 28.50, -64.20
1400615246133,80.70, 28.80, -64.80
1400615246165,80.70, 28.80, -64.80
1400615246197,80.70, 28.80, -63.30
1400615246197,80.70, 28.80, -63.30
1400615246228,80.40, 30.30, -62.70
1400615246229,80.40, 30.30, -62.70
1400615246259,81.00, 30.60, -61.50
1400615246289,81.00, 30.60, -61.50
1400615246289,81.30, 30.60, -59.10
1400615246319,81.30, 30.60, -59.10
1400615246350,80.70, 31.20, -59.40
1400615246351,80.70, 31.20, -59.40
1400615246382,81.60, 30.60, -58.80
1400615246382,81.60, 30.60, -58.80
1400615246413,81.00, 30.60, -60.00
1400615246443,81.00, 30.60, -60.00
1400615246474,80.70, 30.60, -59.70
1400615246474,80.70, 30.60, -59.70
1400615246504,81.00, 30.60, -59.70
1400615246504,81.00, 30.60, -59.70
1400615246535,80.40, 30.00, -60.00
1400615246565,80.40, 30.00, -60.00
1400615246595,81.00, 30.30, -59.10
1400615246595,81.00, 30.30, -59.10
1400615246626,81.60, 30.00, -61.50
1400615246626,81.60, 30.00, -61.50
1400615246686,81.90, 29.70, -62.10
1400615246686,81.90, 29.70, -62.10
1400615246717,82.20, 29.40, -62.70
1400615246717,82.20, 29.40, -62.70
1400615246748,82.50, 28.80, -63.30
1400615246748,82.50, 28.80, -63.30
1400615246819,82.50, 29.10, -62.10
1400615246819,82.50, 29.10, -62.10
1400615246820,82.80, 27.90, -63.90
1400615246820,82.80, 27.90, -63.90
1400615246854,83.10, 27.60, -64.50
1400615246891,83.40, 27.00, -65.10
1400615246891,83.40, 27.00, -65.10
1400615246926,83.70, 25.20, -66.30
1400615246926,83.70, 25.20, -66.30
1400615246959,83.70, 24.30, -67.50
1400615246959,83.70, 24.30, -67.50
1400615246991,84.00, 22.50, -69.60
1400615247023,84.00, 22.50, -69.60
1400615247056,84.30, 21.00, -73.80
1400615247056,84.30, 21.00, -73.80
1400615247089,84.30, 18.60, -76.80
1400615247090,84.30, 18.60, -76.80
1400615247123,84.30, 16.50, -78.90
1400615247123,84.30, 16.50, -78.90
1400615247155,83.40, 14.40, -81.00
1400615247188,83.40, 14.40, -81.00
1400615247188,83.40, 11.70, -81.90
1400615247220,83.40, 11.70, -81.90
1400615247254,83.70, 10.50, -84.90
1400615247254,83.70, 10.50, -84.90
1400615247286,83.70, 8.40, -87.90
1400615247287,83.70, 8.40, -87.90
1400615247320,84.60, 5.70, -90.30
1400615247320,84.60, 5.70, -90.30
1400615247354,84.60, 3.90, -93.00
1400615247386,84.60, 3.90, -93.00
1400615247420,84.30, 1.50, -94.20
1400615247420,84.30, 1.50, -94.20
1400615247455,84.00, -1.50, -98.10
1400615247456,84.00, -1.50, -98.10
1400615247488,83.10, -4.20, -100.80
1400615247488,83.10, -4.20, -100.80
1400615247521,81.90, -7.80, -103.50
1400615247522,81.90, -7.80, -103.50
1400615247554,81.00, -12.90, -107.40
1400615247586,81.00, -12.90, -107.40
1400615247619,79.50, -18.00, -110.10
1400615247619,79.50, -18.00, -110.10
1400615247653,78.00, -25.80, -115.80
1400615247653,78.00, -25.80, -115.80
1400615247686,77.10, -33.90, -120.00
1400615247686,77.10, -33.90, -120.00
1400615247718,75.30, -42.00, -123.90
1400615247719,75.30, -42.00, -123.90
1400615247752,73.50, -50.70, -127.80
1400615247783,73.50, -50.70, -127.80
1400615247816,70.50, -59.10, -130.20
1400615247816,70.50, -59.10, -130.20
1400615247849,65.40, -69.00, -134.40
1400615247849,65.40, -69.00, -134.40
1400615247882,65.40, -69.00, -134.40
1400615247882,65.40, -69.00, -134.40
1400615247915,51.90, -90.30, -140.70
1400615247948,51.90, -90.30, -140.70
1400615247980,45.30, -99.30, -143.40
1400615247980,45.30, -99.30, -143.40
1400615248023,40.20, -107.40, -143.70
1400615248024,40.20, -107.40, -143.70
1400615248057,36.00, -114.30, -144.30
1400615248057,36.00, -114.30, -144.30
1400615248090,30.30, -123.60, -145.20
1400615248090,30.30, -123.60, -145.20
1400615248122,24.00, -135.90, -144.30
1400615248122,24.00, -135.90, -144.30
1400615248154,15.90, -149.70, -142.80
1400615248185,15.90, -149.70, -142.80
1400615248217,9.00, -162.90, -140.40
1400615248217,9.00, -162.90, -140.40
1400615248253,4.20, -171.60, -137.70
1400615248253,4.20, -171.60, -137.70
1400615248294,1.80, -175.20, -135.00
1400615248294,1.80, -175.20, -135.00
1400615248327,1.80, -176.10, -132.90
1400615248327,1.80, -176.10, -132.90
1400615248360,2.10, -175.80, -133.50
1400615248360,2.10, -175.80, -133.50
1400615248391,2.40, -175.50, -131.40
1400615248423,2.40, -175.50, -131.40
1400615248456,2.40, -176.40, -130.50
1400615248456,2.40, -176.40, -130.50
1400615248490,2.10, -175.50, -131.10
1400615248490,2.10, -175.50, -131.10
1400615248522,1.80, -175.20, -129.90
1400615248522,1.80, -175.20, -129.90
1400615248554,1.80, -175.50, -131.10
1400615248586,1.80, -175.50, -131.10
1400615248620,2.10, -175.50, -130.50
1400615248620,2.10, -175.50, -130.50
1400615248656,1.80, -175.20, -130.20
1400615248656,1.80, -175.20, -130.20
1400615248688,1.80, -174.90, -129.30
1400615248689,1.80, -174.90, -129.30
1400615248721,1.50, -174.00, -127.80
1400615248721,1.50, -174.00, -127.80
1400615248753,0.90, -173.40, -128.70
1400615248784,0.90, -173.40, -128.70
1400615248816,1.50, -173.70, -128.10
1400615248816,1.50, -173.70, -128.10
1400615248849,1.20, -173.70, -129.30
1400615248849,1.20, -173.70, -129.30
1400615248881,0.90, -173.70, -130.20
1400615248881,0.90, -173.70, -130.20
1400615248913,0.60, -173.70, -129.90
1400615248944,0.60, -173.70, -129.90
1400615248976,0.30, -173.40, -130.80
1400615248976,0.30, -173.40, -130.80
1400615249017,0.00, -172.80, -130.50
1400615249017,0.00, -172.80, -130.50
1400615249049,0.00, -173.10, -130.50
1400615249049,0.00, -173.10, -130.50
1400615249081,-0.60, -174.00, -132.90
1400615249081,-0.60, -174.00, -132.90
1400615249112,-0.30, -174.60, -135.00
1400615249144,-0.30, -174.60, -135.00
1400615249176,-0.30, -176.40, -137.10
1400615249176,-0.30, -176.40, -137.10
1400615249208,-0.60, -177.00, -139.20
1400615249208,-0.60, -177.00, -139.20
1400615249241,-0.60, -177.60, -139.20
1400615249241,-0.60, -177.60, -139.20
1400615249273,-0.90, -178.20, -138.90
1400615249304,-0.90, -178.20, -138.90
1400615249337,-0.60, -177.90, -137.10
1400615249337,-0.60, -177.90, -137.10
1400615249370,0.00, -177.90, -135.30
1400615249370,0.00, -177.90, -135.30
1400615249403,0.90, -177.60, -133.20
1400615249403,0.90, -177.60, -133.20
1400615249434,1.80, -178.20, -131.40
1400615249465,1.80, -178.20, -131.40
1400615249497,2.40, -178.20, -131.10
1400615249497,2.40, -178.20, -131.10
1400615249529,3.30, -178.20, -131.10
1400615249530,3.30, -178.20, -131.10
1400615249562,3.30, -178.20, -131.40
1400615249563,3.30, -178.20, -131.40
1400615249594,2.70, -177.00, -132.30
1400615249625,2.70, -177.00, -132.30
1400615249661,2.10, -176.70, -132.30
1400615249661,2.10, -176.70, -132.30
1400615249696,1.80, -177.00, -132.30
1400615249696,1.80, -177.00, -132.30
1400615249731,2.40, -177.60, -132.60
1400615249731,2.40, -177.60, -132.60
1400615249765,4.20, -178.20, -132.00
1400615249766,4.20, -178.20, -132.00
1400615249800,5.10, -178.50, -134.10
1400615249801,5.10, -178.50, -134.10
1400615249834,5.70, -178.50, -134.10
1400615249868,5.70, -178.50, -134.10
1400615249868,6.00, -178.20, -134.10
1400615249902,6.00, -178.20, -134.10
1400615249954,6.30, -179.10, -134.10
1400615249955,6.30, -179.40, -132.60
1400615249955,6.30, -179.40, -132.60
1400615249990,6.90, -179.10, -132.90
1400615249990,6.90, -179.10, -132.90
1400615250024,7.80, -178.50, -133.20
1400615250024,7.80, -178.50, -133.20
1400615250059,8.10, -177.60, -133.20
1400615250060,8.10, -177.60, -133.20
1400615250091,9.30, -177.60, -134.40
1400615250124,9.30, -177.60, -134.40
1400615250155,9.60, -176.70, -135.60
1400615250156,9.60, -176.70, -135.60
1400615250188,9.90, -176.40, -136.20
1400615250188,9.90, -176.40, -136.20
1400615250220,10.20, -177.60, -135.30
1400615250220,10.20, -177.60, -135.30
1400615250252,10.20, -177.90, -132.90
1400615250284,10.20, -180.00, -130.50
1400615250284,10.20, -180.00, -130.50
1400615250316,10.50, -183.30, -129.00
1400615250353,10.50, -183.30, -129.00
1400615250353,9.90, -186.30, -128.70
1400615250384,9.90, -186.30, -128.70
1400615250417,8.70, -189.60, -129.30
1400615250417,8.70, -189.60, -129.30
1400615250449,7.50, -192.30, -130.20
1400615250450,7.50, -192.30, -130.20
1400615250481,5.10, -195.00, -130.80
1400615250482,5.10, -195.00, -130.80
1400615250514,3.90, -196.50, -131.40
1400615250546,3.90, -196.50, -131.40
1400615250578,3.00, -197.40, -131.40
1400615250578,3.00, -197.40, -131.40
1400615250610,2.10, -198.30, -131.40
1400615250610,2.10, -198.30, -131.40
1400615250642,1.50, -198.30, -131.70
1400615250642,1.50, -198.30, -131.70
1400615250674,0.60, -198.60, -131.40
1400615250705,0.60, -198.60, -131.40
1400615250737,0.00, -199.80, -131.40
1400615250738,0.00, -199.80, -131.40
1400615250770,-1.20, -200.10, -129.60
1400615250771,-1.20, -200.10, -129.60
1400615250803,-1.80, -200.10, -127.50
1400615250803,-1.80, -200.10, -127.50
1400615250834,-2.70, -199.80, -124.80
1400615250866,-2.70, -199.80, -124.80
1400615250900,-3.60, -199.20, -123.00
1400615250900,-3.60, -199.20, -123.00
1400615250932,-4.20, -199.20, -124.80
1400615250932,-4.20, -199.20, -124.80
1400615250964,-5.40, -199.20, -124.50
1400615250964,-5.40, -199.20, -124.50
1400615250996,-6.60, -199.50, -123.90
1400615251027,-6.60, -199.50, -123.90
1400615251059,-7.80, -199.80, -123.60
1400615251059,-7.80, -199.80, -123.60
1400615251091,-9.00, -199.80, -121.50
1400615251091,-9.00, -199.80, -121.50
1400615251133,-10.20, -200.70, -121.20
1400615251165,-10.50, -201.00, -121.50
1400615251196,-10.80, -200.70, -120.90
1400615251196,-10.80, -200.70, -120.90
1400615251228,-11.10, -201.60, -120.60
1400615251229,-11.10, -201.60, -120.60
1400615251261,-11.10, -200.70, -119.70
1400615251261,-11.10, -200.70, -119.70
1400615251293,-12.00, -200.40, -119.10
1400615251324,-12.00, -200.40, -119.10
1400615251357,-12.90, -201.00, -120.60
1400615251357,-12.90, -201.00, -120.60
1400615251390,-13.20, -201.00, -121.50
1400615251390,-13.20, -201.00, -121.50
1400615251423,-14.70, -201.60, -122.40
1400615251423,-14.70, -201.60, -122.40
1400615251455,-15.30, -202.20, -123.90
1400615251486,-15.30, -202.20, -123.90
1400615251519,-15.60, -202.20, -123.90
1400615251519,-15.60, -202.20, -123.90
1400615251551,-16.20, -202.50, -123.60
1400615251551,-16.20, -202.50, -123.60
1400615251583,-16.80, -202.50, -123.90
1400615251583,-16.80, -202.50, -123.90
1400615251614,-17.70, -202.50, -123.30
1400615251646,-17.70, -202.50, -123.30
1400615251678,-18.00, -201.90, -122.10
1400615251678,-18.00, -201.90, -122.10
1400615251710,-18.00, -201.60, -120.60
1400615251711,-18.00, -201.60, -120.60
1400615251743,-5.10, -20.10, 10.20
1400615251743,-5.10, -20.10, 10.20
1400615251775,-4.80, -19.80, 11.70
1400615251806,-4.80, -19.80, 11.70
1400615251839,-5.40, -20.70, 12.30
1400615251839,-5.40, -20.70, 12.30
1400615251871,-6.00, -20.70, 12.90
1400615251871,-6.00, -20.70, 12.90
1400615251903,-5.70, -20.40, 14.70
1400615251903,-5.70, -20.40, 14.70
1400615251934,-6.30, -21.60, 13.80
1400615251966,-6.30, -21.60, 13.80
1400615251999,-5.70, -21.30, 14.10
1400615251999,-5.70, -21.30, 14.10
1400615252031,-5.70, -21.60, 13.50
1400615252031,-5.70, -21.60, 13.50
1400615252064,-5.70, -21.30, 12.90
1400615252065,-5.70, -21.30, 12.90
1400615252096,-5.10, -20.70, 14.40
1400615252129,-5.10, -20.70, 14.40
1400615252129,-5.70, -20.40, 14.40
1400615252160,-5.70, -20.40, 14.40
1400615252192,-6.00, -20.10, 14.40
1400615252193,-6.00, -20.10, 14.40
1400615252224,-5.40, -20.40, 14.70
1400615252224,-5.40, -20.40, 14.70
1400615252256,-5.70, -20.10, 14.70
1400615252288,-5.70, -20.10, 14.70
1400615252288,-5.10, -20.40, 14.70
1400615252320,-5.10, -20.40, 14.70
1400615252352,-4.80, -20.70, 14.40
1400615252352,-4.80, -20.70, 14.40
1400615252384,-5.40, -20.70, 14.10
1400615252384,-5.40, -20.70, 14.10
1400615252416,-5.10, -20.70, 14.70
1400615252449,-5.10, -20.70, 14.70
1400615252449,-6.30, -21.00, 13.50
1400615252480,-6.30, -21.00, 13.50
1400615252512,-6.30, -20.70, 14.10
1400615252512,-6.30, -20.70, 14.10
1400615252544,-6.30, -20.70, 14.70
1400615252544,-6.30, -20.70, 14.70
1400615252576,-6.60, -21.00, 14.40
1400615252607,-6.60, -21.00, 14.40
1400615252639,-6.30, -20.40, 16.20
1400615252639,-6.30, -20.40, 16.20
1400615252671,-6.30, -20.70, 14.40
1400615252672,-6.30, -20.70, 14.40
1400615252703,-6.60, -20.70, 14.70
1400615252704,-6.60, -20.70, 14.70
1400615252735,-6.60, -21.00, 15.00
1400615252768,-6.60, -21.00, 15.00
1400615252768,-6.30, -21.30, 14.70
1400615252800,-6.30, -21.30, 14.70
1400615252832,-6.30, -20.70, 16.50
1400615252832,-6.30, -20.70, 16.50
1400615252864,-6.60, -21.90, 15.30
1400615252864,-6.60, -21.90, 15.30
1400615252896,-6.60, -21.90, 15.00
1400615252930,-6.60, -21.90, 15.00
1400615252930,-6.60, -21.90, 15.00
1400615252961,-6.60, -21.90, 15.00
1400615252993,-6.60, -22.20, 15.30
1400615252993,-6.60, -22.20, 15.30
1400615253025,-6.60, -21.00, 16.20
1400615253025,-6.60, -21.00, 16.20
1400615253057,-6.60, -20.40, 16.20
1400615253089,-6.60, -20.40, 16.20
1400615253090,-6.00, -19.80, 16.20
1400615253121,-6.00, -19.80, 16.20
1400615253153,-6.30, -19.20, 15.60
1400615253153,-6.30, -19.20, 15.60
1400615253185,-6.30, -18.60, 14.70
1400615253185,-6.30, -18.60, 14.70
1400615253217,-6.00, -19.20, 15.00
1400615253250,-6.00, -19.20, 15.00
1400615253250,-6.60, -19.50, 15.30
1400615253281,-6.60, -19.50, 15.30
1400615253313,-6.30, -19.80, 15.60
1400615253313,-6.30, -19.80, 15.60
1400615253345,-6.30, -20.40, 16.20
1400615253345,-6.30, -20.40, 16.20
1400615253387,-6.90, -20.70, 13.80
1400615253387,-6.90, -20.70, 13.80
1400615253420,-7.20, -21.30, 14.10
1400615253420,-7.20, -21.30, 14.10
1400615253451,-7.20, -20.70, 13.80
1400615253491,-7.20, -20.70, 13.80
1400615253491,-6.60, -20.70, 14.10
1400615253529,-6.60, -20.70, 14.10
1400615253529,-4.80, -20.70, 15.90
1400615253561,-4.80, -20.70, 15.90
1400615253593,-0.30, -20.10, 14.10
1400615253593,-0.30, -20.10, 14.10
1400615253626,4.20, -18.90, 14.40
1400615253626,4.20, -18.90, 14.40
1400615253659,8.40, -17.70, 14.10
1400615253659,8.40, -17.70, 14.10
1400615253691,11.40, -15.90, 15.00
1400615253723,11.40, -15.90, 15.00
1400615253757,11.10, -15.00, 16.80
1400615253757,11.10, -15.00, 16.80
1400615253790,6.90, -16.80, 15.60
1400615253790,6.90, -16.80, 15.60
1400615253822,2.70, -18.00, 15.00
1400615253823,2.70, -18.00, 15.00
1400615253854,-1.20, -18.60, 14.40
1400615253886,-1.20, -18.60, 14.40
1400615253919,-4.80, -19.20, 14.10
1400615253919,-4.80, -19.20, 14.10
1400615253952,-5.40, -18.60, 15.30
1400615253952,-5.40, -18.60, 15.30
1400615253985,-5.40, -18.90, 15.60
1400615253985,-5.40, -18.90, 15.60
1400615254017,-5.70, -18.60, 15.90
1400615254050,-5.70, -18.60, 15.90
1400615254050,-5.40, -18.60, 15.90
1400615254082,-5.40, -18.60, 15.90
1400615254114,-4.50, -18.30, 14.10
1400615254115,-4.50, -18.30, 14.10
1400615254147,-5.10, -18.30, 14.10
1400615254147,-5.10, -18.30, 14.10
1400615254180,-4.50, -18.30, 13.20
1400615254181,-4.50, -18.30, 13.20
1400615254213,-4.50, -18.30, 13.20
1400615254244,-4.50, -18.30, 13.20
1400615254278,-5.10, -18.60, 14.40
1400615254278,-5.10, -18.60, 14.40
1400615254311,-5.10, -18.60, 11.70
1400615254311,-5.10, -18.60, 11.70
1400615254344,-5.40, -19.20, 12.30
1400615254344,-5.40, -19.20, 12.30
1400615254376,-5.10, -18.90, 12.90
1400615254409,-5.10, -18.90, 12.90
1400615254409,-4.80, -18.60, 13.50
1400615254441,-4.80, -18.60, 13.50
1400615254473,-4.50, -18.90, 15.30
1400615254473,-4.50, -18.90, 15.30
1400615254506,-4.50, -19.20, 13.80
1400615254506,-4.50, -19.20, 13.80
1400615254539,-4.50, -19.50, 13.80
1400615254571,-4.50, -19.50, 13.80
1400615254571,-4.50, -19.20, 14.10
1400615254603,-4.50, -19.20, 14.10
1400615254636,-4.50, -18.60, 14.10
1400615254636,-4.50, -18.60, 14.10
1400615254670,-5.10, -17.40, 15.30
1400615254670,-5.10, -17.40, 15.30
1400615254702,-5.10, -17.70, 14.40
1400615254703,-5.10, -17.70, 14.40
1400615254734,-5.10, -18.00, 14.40
1400615254767,-5.10, -18.00, 14.40
1400615254800,-5.40, -18.00, 14.70
1400615254800,-5.40, -18.00, 14.70
1400615254834,-4.80, -19.20, 12.90
1400615254834,-4.80, -19.20, 12.90
1400615254867,-5.10, -19.20, 11.40
1400615254867,-5.10, -19.20, 11.40
1400615254901,-5.70, -19.80, 9.60
1400615254902,-5.70, -19.80, 9.60
1400615254933,-5.70, -20.40, 7.50
1400615254966,-5.70, -20.40, 7.50
1400615254999,-5.70, -20.10, 7.50
1400615254999,-5.70, -20.10, 7.50
1400615255032,-1.80, -19.50, 7.80
1400615255032,-1.80, -19.50, 7.80
1400615255065,2.70, -18.60, 7.50
1400615255065,2.70, -18.60, 7.50
1400615255097,6.60, -17.70, 7.80
1400615255130,6.60, -17.70, 7.80
1400615255130,10.50, -17.40, 8.40
1400615255162,10.50, -17.40, 8.40
1400615255194,9.90, -17.40, 9.00
1400615255194,9.90, -17.40, 9.00
1400615255227,6.00, -18.30, 8.70
1400615255227,6.00, -18.30, 8.70
1400615255260,2.10, -19.20, 8.40
1400615255261,2.10, -19.20, 8.40
1400615255293,-0.90, -19.50, 8.10
1400615255324,-0.90, -19.50, 8.10
1400615255358,-4.50, -19.80, 8.40
1400615255358,-4.50, -19.80, 8.40
1400615255391,-4.20, -19.20, 11.40
1400615255391,-4.20, -19.20, 11.40
1400615255424,-4.50, -19.50, 12.00
1400615255424,-4.50, -19.50, 12.00
1400615255456,-4.80, -19.20, 14.10
1400615255489,-4.80, -19.20, 14.10
1400615255489,-4.80, -19.50, 14.70
1400615255521,-4.80, -19.50, 14.70
1400615255554,-5.40, -20.10, 13.80
1400615255555,-5.40, -20.10, 13.80
1400615255587,-5.10, -19.50, 15.00
1400615255587,-5.10, -19.50, 15.00
1400615255620,-4.80, -19.80, 14.40
1400615255620,-4.80, -19.80, 14.40
1400615255652,-5.10, -19.80, 14.10
1400615255684,-4.80, -19.20, 14.70
1400615255685,-4.80, -19.20, 14.70
1400615255716,-4.80, -18.90, 15.60
1400615255750,-4.80, -18.90, 15.60
1400615255750,-5.10, -18.60, 16.20
1400615255782,-5.10, -18.60, 16.20
1400615255814,-5.10, -18.60, 16.80
1400615255814,-5.10, -18.60, 16.80
1400615255847,-5.10, -18.90, 15.60
1400615255847,-5.10, -18.90, 15.60
1400615255881,-5.10, -19.80, 15.30
1400615255881,-5.10, -19.80, 15.30
1400615255913,-5.70, -19.80, 15.30
1400615255945,-5.70, -19.80, 15.30
1400615255983,-5.40, -20.10, 15.00
1400615255983,-5.40, -20.10, 15.00
1400615256015,-5.40, -20.10, 16.20
1400615256015,-5.40, -20.10, 16.20
1400615256049,-5.70, -19.80, 14.40
1400615256049,-5.70, -19.80, 14.40
1400615256081,-5.70, -19.80, 14.40
1400615256082,-5.70, -19.80, 14.40
1400615256114,-5.70, -19.50, 14.70
1400615256146,-5.70, -19.50, 14.70
1400615256179,-6.30, -19.20, 15.00
1400615256179,-6.30, -19.20, 15.00
1400615256212,-5.70, -19.50, 16.20
1400615256212,-5.70, -19.50, 16.20
1400615256244,-5.10, -20.10, 14.40
1400615256245,-5.10, -20.10, 14.40
1400615256277,-5.40, -20.40, 13.80
1400615256310,-5.40, -20.40, 13.80
1400615256311,-4.80, -20.40, 14.10
1400615256342,-4.80, -20.40, 14.10
1400615256376,-4.50, -20.70, 13.80
1400615256376,-4.50, -20.70, 13.80
1400615256418,-4.80, -20.10, 15.00
1400615256418,-4.80, -20.10, 15.00
1400615256451,-4.80, -20.70, 14.70
1400615256451,-4.80, -20.70, 14.70
1400615256484,-4.80, -20.70, 14.10
1400615256484,-4.80, -20.70, 14.10
1400615256516,-4.80, -20.70, 14.70
1400615256549,-4.80, -20.70, 14.70
1400615256550,-5.40, -21.00, 14.40
1400615256581,-5.40, -21.00, 14.40
1400615256614,-2.10, -19.20, 14.70
1400615256615,-2.10, -19.20, 14.70
1400615256647,1.50, -18.30, 14.70
1400615256648,1.50, -18.30, 14.70
1400615256681,5.40, -16.80, 14.70
1400615256681,5.40, -16.80, 14.70
1400615256713,10.20, -15.30, 15.90
1400615256744,10.20, -15.30, 15.90
1400615256777,11.70, -15.90, 14.70
1400615256777,11.70, -15.90, 14.70
1400615256810,11.70, -15.60, 15.00
1400615256810,11.70, -15.60, 15.00
1400615256843,7.80, -16.20, 14.70
1400615256843,7.80, -16.20, 14.70
1400615256875,4.50, -17.70, 14.10
1400615256908,4.50, -17.70, 14.10
1400615256940,0.00, -18.30, 15.00
1400615256940,0.00, -18.30, 15.00
1400615256993,-4.20, -20.40, 12.90
1400615256993,-4.20, -20.40, 12.90
1400615256993,-4.50, -21.00, 13.20
1400615257025,-4.50, -21.00, 13.20
1400615257057,-4.80, -21.00, 13.50
1400615257057,-4.80, -21.00, 13.50
1400615257100,-5.10, -20.70, 13.80
1400615257100,-5.10, -20.70, 13.80
1400615257132,-4.80, -19.80, 15.90
1400615257132,-4.80, -19.80, 15.90
1400615257164,-4.80, -20.10, 14.10
1400615257164,-4.80, -20.10, 14.10
1400615257195,-5.10, -20.10, 13.80
1400615257228,-5.10, -20.10, 13.80
1400615257260,-4.80, -20.40, 12.90
1400615257260,-4.80, -20.40, 12.90
1400615257292,-4.50, -20.40, 12.90
1400615257292,-4.50, -20.40, 12.90
1400615257328,-4.80, -19.80, 14.40
1400615257329,-4.80, -19.80, 14.40
1400615257361,-4.50, -19.50, 14.70
1400615257361,-4.50, -19.50, 14.70
1400615257392,-4.80, -19.50, 15.30
1400615257425,-4.80, -19.50, 15.30
1400615257465,-5.40, -19.80, 15.60
1400615257465,-5.40, -19.80, 15.60
1400615257508,-5.40, -19.80, 15.60
1400615257508,-5.40, -19.80, 15.60
1400615257544,-5.40, -20.10, 15.00
1400615257544,-5.40, -20.10, 15.00
1400615257585,-5.40, -20.40, 15.00
1400615257585,-5.40, -20.40, 15.00
1400615257621,-5.10, -20.10, 15.00
1400615257621,-5.10, -20.10, 15.00
1400615257653,-5.10, -19.80, 15.60
1400615257653,-5.10, -19.80, 15.60
1400615257684,-5.10, -19.80, 14.70
1400615257684,-5.10, -19.80, 14.70
1400615257715,-5.10, -18.90, 14.40
1400615257745,-5.10, -18.90, 14.40
1400615257777,-5.10, -18.90, 14.10
1400615257777,-5.10, -18.90, 14.10
1400615257809,-4.50, -19.50, 13.50
1400615257809,-4.50, -19.50, 13.50
1400615257840,-5.10, -18.90, 14.70
1400615257840,-5.10, -18.90, 14.70
1400615257871,-4.80, -19.50, 12.90
1400615257902,-4.80, -19.50, 12.90
1400615257933,-4.80, -19.50, 13.20
1400615257933,-4.80, -19.50, 13.20
1400615257971,-5.40, -19.20, 13.20
1400615257971,-5.40, -19.80, 11.70
1400615258002,-5.40, -19.80, 11.70
1400615258034,-6.00, -19.50, 13.20
1400615258034,-6.00, -19.50, 13.20
1400615258067,-6.30, -19.50, 12.30
1400615258067,-6.30, -19.50, 12.30
1400615258099,-6.00, -19.80, 12.30
1400615258100,-6.00, -19.80, 12.30
1400615258131,-6.00, -19.50, 14.10
1400615258163,-6.00, -19.50, 14.10
1400615258196,-6.00, -20.10, 13.80
1400615258196,-6.00, -20.10, 13.80
1400615258228,-5.10, -20.40, 14.40
1400615258228,-5.10, -20.40, 14.40
1400615258261,-0.60, -19.20, 15.00
1400615258261,-0.60, -19.20, 15.00
1400615258293,3.30, -18.00, 14.70
1400615258325,3.30, -18.00, 14.70
1400615258357,7.80, -16.80, 15.30
1400615258357,7.80, -16.80, 15.30
1400615258389,11.10, -15.90, 15.60
1400615258389,11.10, -15.90, 15.60
1400615258421,10.50, -16.20, 15.90
1400615258421,10.50, -16.20, 15.90
1400615258453,10.80, -15.60, 15.90
1400615258500,10.80, -15.60, 15.90
1400615258500,10.80, -15.00, 15.60
1400615258500,10.80, -15.00, 15.60
1400615258533,8.70, -15.00, 15.30
1400615258565,8.70, -15.00, 15.30
1400615258599,5.40, -15.90, 14.10
1400615258599,5.40, -15.90, 14.10
1400615258631,1.50, -17.70, 13.80
1400615258631,1.50, -17.70, 13.80
1400615258664,-2.40, -19.20, 14.10
1400615258664,-2.40, -19.20, 14.10
1400615258696,-3.60, -20.10, 12.90
1400615258728,-3.60, -20.10, 12.90
1400615258728,-4.50, -20.10, 13.50
1400615258760,-4.50, -20.10, 13.50
1400615258792,-4.80, -19.80, 13.50
1400615258792,-4.80, -19.80, 13.50
1400615258824,-4.80, -19.50, 13.20
1400615258824,-4.80, -19.50, 13.20
1400615258856,-5.10, -19.50, 14.40
1400615258890,-5.10, -19.50, 14.40
1400615258890,-5.10, -20.70, 13.80
1400615258921,-5.10, -20.70, 13.80
1400615258954,-5.70, -21.30, 14.40
1400615258954,-5.70, -21.30, 14.40
1400615258986,-5.40, -20.70, 15.00
1400615258987,-5.40, -20.70, 15.00
1400615259019,-5.40, -20.70, 14.40
1400615259020,-5.40, -20.70, 14.40
1400615259051,-5.40, -20.10, 15.60
1400615259083,-5.40, -20.10, 15.60
1400615259115,-5.10, -20.10, 15.00
1400615259115,-5.10, -20.10, 15.00
1400615259148,-5.70, -20.40, 14.40
1400615259148,-5.70, -20.40, 14.40
1400615259180,-5.10, -20.40, 14.40
1400615259180,-5.10, -20.40, 14.40
1400615259212,-5.70, -19.50, 13.50
1400615259244,-5.10, -19.20, 13.20
1400615259244,-5.10, -19.20, 13.20
1400615259277,-4.80, -19.20, 13.80
1400615259309,-4.80, -19.20, 13.80
1400615259309,-5.10, -18.60, 13.80
1400615259341,-5.10, -18.60, 13.80
1400615259373,-5.10, -19.50, 14.10
1400615259373,-5.10, -19.50, 14.10
1400615259415,-4.80, -19.50, 14.70
1400615259415,-4.80, -19.50, 14.70
1400615259447,-5.40, -19.50, 14.70
1400615259447,-5.40, -19.50, 14.70
1400615259480,-5.10, -19.50, 14.10
1400615259480,-5.10, -19.50, 14.10
1400615259512,-5.70, -19.50, 12.90
1400615259543,-5.70, -19.50, 12.90
1400615259576,-5.70, -19.50, 12.90
1400615259576,-5.70, -19.50, 12.90
1400615259609,-5.40, -19.20, 12.00
1400615259609,-5.40, -19.20, 12.00
1400615259641,-5.70, -18.90, 12.90
1400615259641,-5.70, -18.90, 12.90
1400615259673,-5.40, -18.60, 14.70
1400615259705,-5.40, -18.60, 14.70
1400615259737,-5.70, -19.50, 12.60
1400615259737,-5.70, -19.50, 12.60
1400615259770,-1.80, -18.30, 13.20
1400615259770,-1.80, -18.30, 13.20
1400615259802,2.70, -18.30, 13.20
1400615259802,2.70, -18.30, 13.20
1400615259834,7.50, -17.40, 13.20
1400615259865,7.50, -17.40, 13.20
1400615259897,12.00, -15.30, 15.90
1400615259898,12.00, -15.30, 15.90
1400615259930,12.00, -15.90, 15.60
1400615259931,12.00, -15.90, 15.60
1400615259963,8.70, -17.40, 15.60
1400615259963,8.70, -17.40, 15.60
1400615259995,4.50, -18.60, 15.30
1400615260027,4.50, -18.60, 15.30
1400615260061,0.30, -20.10, 15.00
1400615260061,0.30, -20.10, 15.00
1400615260092,-3.30, -20.70, 15.30
1400615260093,-3.30, -20.70, 15.30
1400615260124,-4.50, -20.70, 15.30
1400615260125,-4.50, -20.70, 15.30
1400615260156,-4.80, -20.10, 15.30
1400615260189,-4.80, -20.10, 15.30
1400615260189,-5.40, -20.10, 15.30
1400615260220,-5.40, -20.10, 15.30
1400615260253,-5.40, -19.50, 14.40
1400615260253,-5.40, -19.50, 14.40
1400615260285,-5.10, -19.80, 13.80
1400615260285,-5.10, -19.80, 13.80
1400615260317,-4.80, -19.80, 13.20
1400615260350,-4.80, -19.80, 13.20
1400615260350,-4.80, -19.80, 12.60
1400615260382,-4.80, -19.80, 12.60
1400615260414,-5.10, -20.10, 14.40
1400615260414,-5.10, -20.10, 14.40
1400615260446,-6.00, -20.70, 12.90
1400615260447,-6.00, -20.70, 12.90
1400615260479,-6.60, -20.70, 13.50
1400615260480,-6.60, -20.70, 13.50
1400615260511,-6.30, -21.00, 13.80
1400615260544,-6.30, -21.00, 13.80
1400615260576,-6.00, -21.30, 12.60
1400615260576,-6.00, -21.30, 12.60
1400615260609,-5.40, -20.70, 14.40
1400615260609,-5.40, -20.70, 14.40
1400615260641,-5.10, -21.30, 12.90
1400615260641,-5.10, -21.30, 12.90
1400615260674,-5.10, -21.00, 11.40
1400615260705,-5.10, -21.00, 11.40
1400615260738,-5.70, -21.30, 10.20
1400615260738,-5.70, -21.30, 10.20
1400615260771,-6.30, -21.60, 8.70
1400615260771,-6.30, -21.60, 8.70
1400615260803,-6.30, -21.00, 8.40
1400615260803,-6.30, -21.00, 8.40
1400615260835,-6.60, -21.00, 8.10
1400615260868,-6.60, -21.00, 8.10
1400615260900,-6.60, -21.00, 8.40
1400615260900,-6.60, -21.00, 8.40
1400615260932,-6.60, -21.00, 7.50
1400615260932,-6.60, -21.00, 7.50
1400615260964,-7.20, -20.70, 7.20
1400615260964,-7.20, -20.70, 7.20
1400615260996,-7.20, -20.40, 7.20
1400615261028,-7.20, -20.40, 7.20
1400615261028,-7.20, -20.70, 6.90
1400615261060,-7.20, -20.70, 6.90
1400615261091,-7.20, -20.10, 9.30
1400615261092,-7.20, -20.10, 9.30
1400615261124,-6.60, -20.10, 11.40
1400615261124,-6.60, -20.10, 11.40
1400615261155,-6.30, -20.70, 11.40
1400615261188,-6.30, -20.70, 11.40
1400615261220,-1.50, -18.90, 14.10
1400615261220,-1.50, -18.90, 14.10
1400615261252,2.70, -18.00, 13.80
1400615261252,2.70, -18.00, 13.80
1400615261284,7.20, -16.80, 13.80
1400615261284,7.20, -16.80, 13.80
1400615261316,11.70, -15.30, 15.90
1400615261348,11.70, -15.30, 15.90
1400615261348,11.40, -15.90, 14.10
1400615261380,11.40, -15.90, 14.10
1400615261412,9.30, -16.80, 14.40
1400615261412,9.30, -16.80, 14.40
1400615261444,5.70, -18.00, 14.40
1400615261444,5.70, -18.00, 14.40
1400615261476,1.80, -19.50, 14.10
1400615261508,1.80, -19.50, 14.10
1400615261509,-1.80, -20.10, 15.30
1400615261540,-1.80, -20.10, 15.30
1400615261573,-4.20, -21.30, 13.80
1400615261573,-4.20, -21.30, 13.80
1400615261605,-4.80, -21.60, 13.20
1400615261605,-4.80, -21.60, 13.20
1400615261637,-5.40, -21.30, 13.50
1400615261669,-5.40, -21.30, 13.50
1400615261669,-5.40, -21.30, 13.50
1400615261700,-5.40, -21.30, 13.50
1400615261732,-5.40, -20.40, 15.00
1400615261732,-5.40, -20.40, 15.00
1400615261764,-5.10, -20.70, 15.00
1400615261765,-5.10, -20.70, 15.00
1400615261796,-5.40, -20.40, 14.70
1400615261828,-5.40, -20.40, 14.70
1400615261829,-5.40, -20.70, 14.10
1400615261861,-5.40, -20.70, 14.10
1400615261893,-5.40, -20.10, 13.80
1400615261893,-5.40, -20.10, 13.80
1400615261925,-6.00, -19.80, 14.10
1400615261925,-6.00, -19.80, 14.10
1400615261957,-6.00, -20.10, 14.40
1400615261989,-6.00, -20.10, 14.40
1400615261989,-6.30, -20.10, 15.60
1400615262021,-6.30, -20.10, 15.60
1400615262053,-6.30, -20.40, 15.90
1400615262053,-6.30, -20.40, 15.90
1400615262084,-6.30, -20.70, 14.40
1400615262085,-6.30, -20.70, 14.40
1400615262116,-6.00, -20.40, 14.40
1400615262149,-6.00, -20.40, 14.40
1400615262149,-5.70, -20.10, 14.40
1400615262180,-5.70, -20.10, 14.40
1400615262212,-5.70, -20.10, 14.40
1400615262213,-5.70, -20.10, 14.40
1400615262244,-5.70, -20.10, 16.20
1400615262244,-5.70, -20.10, 16.20
1400615262276,-6.30, -21.00, 14.10
1400615262308,-6.30, -21.00, 14.10
1400615262309,-6.30, -21.30, 14.10
1400615262340,-6.30, -21.30, 14.10
1400615262372,-6.00, -21.30, 13.80
1400615262372,-6.00, -21.30, 13.80
1400615262404,-6.00, -20.70, 13.50
1400615262404,-6.00, -20.70, 13.50
1400615262441,-6.30, -20.40, 15.90
1400615262441,-6.30, -20.40, 15.90
1400615262473,-6.60, -21.00, 14.40
1400615262504,-6.60, -21.00, 14.40
1400615262536,-6.90, -21.00, 15.00
1400615262536,-6.90, -21.00, 15.00
1400615262569,-6.60, -21.60, 14.70
1400615262569,-6.60, -21.60, 14.70
1400615262613,-1.80, -20.40, 14.10
1400615262613,-1.80, -20.40, 14.10
1400615262645,2.40, -18.90, 15.30
1400615262646,2.40, -18.90, 15.30
1400615262677,6.60, -17.70, 15.60
1400615262710,6.60, -17.70, 15.60
1400615262710,11.10, -16.50, 16.50
1400615262741,11.10, -16.50, 16.50
1400615262774,10.20, -16.50, 17.70
1400615262774,10.20, -16.50, 17.70
1400615262806,7.50, -16.50, 16.80
1400615262806,7.50, -16.50, 16.80
1400615262840,3.90, -17.70, 16.80
1400615262840,3.90, -17.70, 16.80
1400615262872,-0.30, -18.60, 16.20
1400615262906,-4.20, -19.50, 13.50
1400615262906,-4.20, -19.50, 13.50
1400615262939,-5.70, -20.10, 14.10
1400615262971,-5.70, -20.10, 14.10
1400615262972,-5.40, -19.80, 14.10
1400615263004,-5.40, -19.80, 14.10
1400615263038,-6.00, -20.10, 13.80
1400615263039,-6.00, -20.10, 13.80
1400615263072,-5.70, -19.80, 15.60
1400615263073,-5.70, -19.80, 15.60
1400615263105,-5.70, -20.10, 13.50
1400615263105,-5.70, -20.10, 13.50
1400615263137,-5.70, -19.50, 13.50
1400615263170,-5.70, -19.50, 13.50
1400615263170,-5.40, -19.20, 13.80
1400615263202,-5.40, -19.20, 13.80
1400615263235,-5.10, -19.80, 14.10
1400615263235,-5.10, -19.80, 14.10
1400615263268,-5.10, -19.80, 15.90
1400615263268,-5.10, -19.80, 15.90
1400615263301,-5.40, -21.00, 14.40
1400615263301,-5.40, -21.00, 14.40
1400615263332,-4.80, -21.00, 14.40
1400615263365,-5.10, -20.70, 14.40
1400615263365,-5.10, -20.70, 14.40
1400615263397,-5.40, -21.30, 13.80
1400615263430,-5.40, -21.30, 13.80
1400615263430,-5.40, -21.00, 15.60
1400615263462,-5.40, -21.00, 15.60
1400615263494,-5.70, -21.30, 15.60
1400615263495,-5.70, -21.30, 15.60
1400615263527,-6.00, -21.90, 15.30
1400615263527,-6.00, -21.90, 15.30
1400615263560,-5.40, -21.00, 16.80
1400615263560,-5.40, -21.00, 16.80
1400615263592,-5.10, -20.70, 16.50
1400615263625,-5.40, -20.40, 16.80
1400615263625,-5.40, -20.40, 16.80
1400615263657,-5.40, -19.50, 16.80
1400615263690,-5.40, -19.50, 16.80
1400615263690,-5.70, -19.80, 16.50
1400615263722,-5.70, -19.80, 16.50
1400615263755,-6.30, -19.80, 15.90
1400615263755,-6.30, -19.80, 15.90
1400615263787,-6.00, -20.10, 15.30
1400615263788,-6.00, -20.10, 15.30
1400615263820,-5.70, -20.10, 14.70
1400615263821,-5.70, -20.10, 14.70
1400615263852,-5.40, -20.10, 13.80
1400615263885,-4.80, -20.10, 14.10
1400615263885,-4.80, -20.10, 14.10
1400615263916,-0.30, -19.20, 12.60
1400615263950,-0.30, -19.20, 12.60
1400615263950,3.90, -18.30, 13.50
1400615263982,3.90, -18.30, 13.50
1400615264014,8.40, -18.00, 13.80
1400615264014,8.40, -18.00, 13.80
1400615264047,12.00, -17.10, 14.10
1400615264047,12.00, -17.10, 14.10
1400615264080,12.60, -16.80, 16.50
1400615264080,12.60, -16.80, 16.50
1400615264112,11.40, -17.40, 15.30
1400615264144,11.40, -17.40, 15.30
1400615264177,7.50, -17.70, 15.90
1400615264177,7.50, -17.70, 15.90
1400615264210,3.60, -18.60, 15.60
1400615264210,3.60, -18.60, 15.60
1400615264243,-0.60, -19.80, 15.00
1400615264243,-0.60, -19.80, 15.00
1400615264275,-4.20, -20.10, 16.20
1400615264307,-4.20, -20.10, 16.20
1400615264339,-5.10, -20.10, 15.90
1400615264340,-5.10, -20.10, 15.90
1400615264372,-5.40, -19.80, 15.90
1400615264372,-5.40, -19.80, 15.90
1400615264405,-5.40, -19.80, 15.60
1400615264405,-5.40, -19.80, 15.60
1400615264437,-5.40, -20.10, 15.00
1400615264470,-5.40, -20.10, 15.00
1400615264470,-4.80, -20.10, 15.30
1400615264502,-4.80, -20.10, 15.30
1400615264535,-4.50, -20.10, 15.00
1400615264535,-4.50, -20.10, 15.00
1400615264568,-5.10, -20.10, 14.70
1400615264568,-5.10, -20.10, 14.70
1400615264601,-4.80, -20.10, 14.70
1400615264601,-4.80, -20.10, 14.70
1400615264633,-4.50, -20.10, 13.20
1400615264665,-4.50, -20.10, 13.20
1400615264698,-5.10, -20.40, 13.50
1400615264698,-5.10, -20.40, 13.50
1400615264731,-5.10, -20.10, 13.80
1400615264731,-5.10, -20.10, 13.80
1400615264764,-4.80, -20.10, 13.50
1400615264764,-4.80, -20.10, 13.50
1400615264796,-4.80, -20.40, 15.00
1400615264828,-4.80, -20.40, 15.00
1400615264829,-5.10, -20.70, 13.20
1400615264860,-5.10, -20.70, 13.20
1400615264893,-4.80, -20.40, 13.80
1400615264893,-4.80, -20.40, 13.80
1400615264925,-5.40, -19.80, 13.50
1400615264925,-5.40, -19.80, 13.50
1400615264957,-5.70, -19.80, 13.80
1400615264990,-5.70, -19.80, 13.80
1400615264990,-5.10, -19.20, 15.30
1400615265022,-5.10, -19.20, 15.30
1400615265055,-5.40, -20.40, 13.80
1400615265055,-5.40, -20.40, 13.80
1400615265091,-5.40, -21.30, 14.10
1400615265091,-5.40, -21.30, 14.10
1400615265124,-5.40, -21.60, 14.10
1400615265124,-5.40, -21.60, 14.10
1400615265156,-5.70, -21.90, 14.40
1400615265189,-5.70, -21.90, 14.40
1400615265189,-2.40, -18.90, 15.90
1400615265221,-2.40, -18.90, 15.90
1400615265254,1.50, -17.70, 15.90
1400615265254,1.50, -17.70, 15.90
1400615265287,6.30, -16.50, 15.90
1400615265287,6.30, -16.50, 15.90
1400615265320,10.20, -15.00, 16.20
1400615265320,10.20, -15.00, 16.20
1400615265352,11.70, -15.60, 16.20
1400615265384,11.70, -15.60, 17.10
1400615265385,11.70, -15.60, 17.10
1400615265416,9.90, -16.20, 17.70
1400615265454,9.90, -16.20, 17.70
1400615265454,6.00, -17.40, 16.50
1400615265486,6.00, -17.40, 16.50
1400615265519,1.50, -18.30, 16.50
1400615265519,1.50, -18.30, 16.50
1400615265551,-2.40, -19.20, 15.30
1400615265552,-2.40, -19.20, 15.30
1400615265584,-5.10, -19.50, 14.40
1400615265584,-5.10, -19.50, 14.40
1400615265616,-5.40, -19.50, 15.90
1400615265649,-5.40, -19.50, 15.90
1400615265649,-5.70, -20.10, 14.10
1400615265681,-5.70, -20.10, 14.10
1400615265713,-5.70, -20.70, 15.00
1400615265714,-5.70, -20.70, 15.00
1400615265746,-6.00, -20.40, 15.30
1400615265746,-6.00, -20.40, 15.30
1400615265780,-6.00, -20.70, 15.00
1400615265780,-6.00, -20.70, 15.00
1400615265812,-5.70, -20.40, 16.80
1400615265844,-5.70, -20.40, 16.80
1400615265876,-6.00, -20.70, 15.00
1400615265877,-6.00, -20.70, 15.00
1400615265909,-6.30, -21.00, 15.30
1400615265910,-6.30, -21.00, 15.30
1400615265942,-6.00, -21.00, 15.00
1400615265943,-6.00, -21.00, 15.00
1400615265976,-6.30, -20.70, 15.60
1400615266009,-6.30, -20.70, 15.60
1400615266009,-6.60, -19.20, 17.70
1400615266040,-6.60, -19.20, 17.70
1400615266093,-6.90, -20.10, 17.10
1400615266093,-6.90, -20.10, 17.10
1400615266093,-6.90, -19.80, 17.40
1400615266124,-6.90, -19.80, 17.40
1400615266156,-6.90, -19.80, 17.70
1400615266156,-6.90, -19.80, 17.70
1400615266188,-6.90, -20.10, 17.70
1400615266188,-6.90, -20.10, 17.70
1400615266224,-6.00, -18.90, 18.90
1400615266225,-6.00, -18.90, 18.90
1400615266256,-6.30, -19.20, 19.20
1400615266289,-6.30, -19.20, 19.20
1400615266289,-5.70, -19.20, 19.20
1400615266323,-5.70, -19.20, 19.20
1400615266357,-5.70, -19.50, 19.20
1400615266357,-5.70, -19.50, 19.20
1400615266389,-6.60, -18.60, 18.30
1400615266389,-6.60, -18.60, 18.30
1400615266427,-6.90, -18.30, 18.00
1400615266427,-6.90, -18.30, 18.00
1400615266461,-6.90, -17.40, 17.70
1400615266461,-6.90, -17.40, 17.70
1400615266492,-6.90, -17.40, 17.40
1400615266523,-6.90, -17.40, 17.40
1400615266555,-6.00, -18.60, 17.40
1400615266555,-6.00, -18.60, 17.40
1400615266587,-1.80, -17.40, 15.90
1400615266588,-1.80, -17.40, 15.90
1400615266620,2.10, -16.50, 15.90
1400615266620,2.10, -16.50, 15.90
1400615266651,6.90, -15.30, 16.50
1400615266683,6.90, -15.30, 16.50
1400615266715,11.10, -13.50, 17.10
1400615266715,11.10, -13.50, 17.10
1400615266747,11.10, -13.50, 19.20
1400615266747,11.10, -13.50, 19.20
1400615266779,10.50, -14.10, 18.30
1400615266779,10.50, -14.10, 18.30
1400615266811,6.60, -15.60, 18.90
1400615266842,6.60, -15.60, 18.90
1400615266874,2.10, -17.10, 18.30
1400615266874,2.10, -17.10, 18.30
1400615266907,-2.10, -18.90, 18.30
1400615266907,-2.10, -18.90, 18.30
1400615266939,-5.70, -19.50, 19.20
1400615266940,-5.70, -19.50, 19.20
1400615266971,-6.00, -19.50, 18.00
1400615267003,-6.00, -19.50, 18.00
1400615267035,-6.00, -19.80, 18.60
1400615267035,-6.00, -19.80, 18.60
1400615267067,-5.70, -19.50, 18.30
1400615267067,-5.70, -19.50, 18.30
1400615267099,-5.40, -19.50, 18.30
1400615267100,-5.40, -19.50, 18.30
1400615267131,-5.40, -18.60, 18.90
1400615267162,-5.40, -18.60, 18.90
1400615267194,-6.00, -18.30, 19.20
1400615267194,-6.00, -18.30, 19.20
1400615267226,-5.70, -18.30, 19.80
1400615267226,-5.70, -18.30, 19.80
1400615267258,-6.00, -18.00, 19.20
1400615267291,-6.00, -18.00, 19.20
1400615267291,-6.30, -18.30, 17.40
1400615267322,-6.30, -18.30, 17.40
1400615267354,-6.00, -17.70, 17.70
1400615267354,-6.00, -17.70, 17.70
1400615267386,-6.00, -17.10, 18.00
1400615267386,-6.00, -17.10, 18.00
1400615267418,-6.00, -16.50, 19.50
1400615267450,-6.00, -16.50, 19.50
1400615267450,-5.70, -16.20, 21.60
1400615267481,-5.70, -16.20, 21.60
1400615267513,-6.00, -16.20, 20.40
1400615267513,-6.00, -16.20, 20.40
1400615267545,-6.60, -15.90, 20.40
1400615267545,-6.60, -15.90, 20.40
1400615267577,-6.60, -15.90, 20.40
1400615267624,-6.60, -15.90, 20.40
1400615267625,-6.60, -15.00, 20.40
1400615267625,-6.60, -15.00, 20.40
1400615267656,-6.00, -14.40, 21.90
1400615267688,-6.00, -14.40, 21.90
1400615267689,-5.70, -15.30, 21.00
1400615267721,-5.70, -15.30, 21.00
1400615267753,-6.30, -15.60, 21.30
1400615267753,-6.30, -15.60, 21.30
1400615267785,-6.30, -15.90, 21.90
1400615267785,-6.30, -15.90, 21.90
1400615267816,-6.30, -15.30, 22.20
1400615267849,-6.30, -15.30, 22.20
1400615267849,-6.30, -14.10, 24.30
1400615267881,-6.30, -14.10, 24.30
1400615267913,-6.30, -13.80, 24.30
1400615267913,-6.30, -13.80, 24.30
1400615267945,-6.60, -13.20, 24.30
1400615267946,-6.60, -13.20, 24.30
1400615267977,-3.00, -11.70, 24.90
1400615268010,-3.00, -11.70, 24.90
1400615268010,0.30, -9.30, 24.00
1400615268043,0.30, -9.30, 24.00
1400615268075,4.80, -8.10, 24.30
1400615268075,4.80, -8.10, 24.30
1400615268107,9.30, -7.20, 24.90
1400615268107,9.30, -7.20, 24.90
1400615268139,9.60, -7.20, 25.20
1400615268139,9.60, -7.20, 25.20
1400615268171,9.60, -8.40, 26.70
1400615268202,9.60, -8.40, 26.70
1400615268234,5.10, -10.20, 25.50
1400615268234,5.10, -10.20, 25.50
1400615268266,0.90, -10.80, 25.20
1400615268267,0.90, -10.80, 25.20
1400615268299,-3.00, -12.30, 24.90
1400615268300,-3.00, -12.30, 24.90
1400615268331,-6.90, -13.20, 23.70
1400615268363,-6.90, -13.20, 23.70
1400615268418,-6.30, -12.90, 24.90
1400615268419,-6.30, -12.90, 24.90
1400615268471,-6.60, -13.20, 23.10
1400615268472,-6.60, -13.20, 23.10
1400615268472,-6.30, -13.20, 22.20
1400615268472,-6.30, -13.20, 22.20
1400615268504,-6.00, -13.20, 21.90
1400615268505,-6.00, -13.20, 21.90
1400615268536,-5.70, -12.60, 21.90
1400615268569,-5.70, -12.60, 21.90
1400615268569,-5.70, -12.30, 23.40
1400615268601,-5.70, -12.30, 23.40
1400615268633,-6.30, -12.90, 22.50
1400615268633,-6.30, -12.90, 22.50
1400615268666,-6.00, -12.90, 22.50
1400615268666,-6.00, -12.90, 22.50
1400615268698,-6.30, -13.80, 22.20
1400615268730,-6.30, -13.80, 22.20
1400615268730,-6.30, -14.40, 22.20
1400615268762,-6.30, -14.40, 22.20
1400615268794,-6.30, -14.10, 23.10
1400615268794,-6.30, -14.10, 23.10
1400615268826,-6.60, -14.70, 22.80
1400615268826,-6.60, -14.70, 22.80
1400615268858,-6.60, -15.00, 22.80
1400615268890,-6.60, -15.00, 22.80
1400615268890,-6.00, -15.00, 22.50
1400615268922,-6.00, -15.00, 22.50
1400615268954,-6.00, -14.70, 20.70
1400615268954,-6.00, -14.70, 20.70
1400615268986,-5.70, -14.10, 20.70
1400615268987,-5.70, -14.10, 20.70
1400615269019,-5.40, -14.10, 20.40
1400615269051,-5.40, -14.10, 20.40
1400615269051,-5.70, -13.80, 20.40
1400615269083,-5.70, -13.80, 20.40
1400615269114,-5.10, -14.70, 21.00
1400615269115,-5.10, -14.70, 21.00
1400615269146,-1.50, -14.40, 18.60
1400615269147,-1.50, -14.40, 18.60
1400615269179,2.40, -13.80, 18.30
1400615269179,2.40, -13.80, 18.30
1400615269211,6.60, -13.50, 18.00
1400615269242,6.60, -13.50, 18.00
1400615269275,10.50, -12.30, 16.20
1400615269275,10.50, -12.30, 16.20
1400615269307,10.50, -12.00, 17.10
1400615269307,10.50, -12.00, 17.10
1400615269340,6.90, -13.80, 15.30
1400615269340,6.90, -13.80, 15.30
1400615269372,2.40, -14.70, 15.30
1400615269404,-1.20, -16.50, 17.70
1400615269404,-1.20, -16.50, 17.70
1400615269436,-6.00, -18.90, 17.70
1400615269468,-6.00, -18.90, 17.70
1400615269468,-6.60, -18.30, 19.20
1400615269500,-6.60, -18.30, 19.20
1400615269532,-6.60, -19.20, 18.90
1400615269532,-6.60, -19.20, 18.90
1400615269564,-6.60, -18.60, 18.90
1400615269565,-6.60, -18.60, 18.90
1400615269596,-6.00, -17.70, 20.10
1400615269628,-6.00, -17.70, 20.10
1400615269629,-6.00, -18.60, 20.10
1400615269662,-6.00, -18.60, 20.10
1400615269694,-6.00, -18.90, 18.30
1400615269694,-6.00, -18.90, 18.30
1400615269726,-6.30, -20.10, 16.50
1400615269726,-6.30, -20.10, 16.50
1400615269759,-6.90, -20.40, 14.70
1400615269790,-6.90, -20.40, 14.70
1400615269791,-7.50, -20.40, 12.60
1400615269822,-7.50, -20.40, 12.60
1400615269854,-7.20, -20.10, 13.20
1400615269854,-7.20, -20.10, 13.20
1400615269886,-6.90, -18.30, 13.50
1400615269886,-6.90, -18.30, 13.50
1400615269918,-6.00, -18.30, 14.70
1400615269950,-6.00, -18.30, 14.70
1400615269950,-6.00, -18.30, 14.70
1400615269982,-6.00, -18.30, 14.70
1400615270014,-6.30, -18.30, 15.90
1400615270014,-6.30, -18.30, 15.90
1400615270046,-6.00, -19.20, 16.50
1400615270046,-6.00, -19.20, 16.50
1400615270079,-6.00, -19.20, 17.10
1400615270079,-6.00, -19.20, 17.10
1400615270111,-5.70, -18.90, 18.60
1400615270143,-5.70, -18.90, 18.60
1400615270175,-6.00, -19.50, 16.20
1400615270175,-6.00, -19.50, 16.20
1400615270207,-1.80, -18.30, 16.80
1400615270207,-1.80, -18.30, 16.80
1400615270239,2.40, -17.70, 16.20
1400615270240,2.40, -17.70, 16.20
1400615270272,6.90, -16.80, 16.20
1400615270303,6.90, -16.80, 16.20
1400615270335,11.40, -15.00, 18.30
1400615270335,11.40, -15.00, 18.30
1400615270368,11.40, -15.90, 17.10
1400615270368,11.40, -15.90, 17.10
1400615270400,10.50, -15.90, 18.00
1400615270401,10.50, -15.90, 18.00
1400615270432,6.90, -16.80, 18.60
1400615270464,6.90, -16.80, 18.60
1400615270496,2.40, -18.30, 18.90
1400615270496,2.40, -18.30, 18.90
1400615270529,-0.60, -18.30, 19.50
1400615270529,-0.60, -18.30, 19.50
1400615270561,-3.90, -19.20, 18.60
1400615270561,-3.90, -19.20, 18.60
1400615270593,-4.50, -18.60, 18.00
1400615270624,-4.50, -18.60, 18.00
1400615270656,-4.80, -18.30, 18.30
1400615270656,-4.80, -18.30, 18.30
1400615270689,-6.00, -17.70, 17.40
1400615270689,-6.00, -17.70, 17.40
1400615270721,-6.00, -18.00, 17.70
1400615270721,-6.00, -18.00, 17.70
1400615270753,-6.00, -18.30, 17.70
1400615270785,-6.00, -18.30, 17.70
1400615270817,-6.00, -18.60, 18.00
1400615270817,-6.00, -18.60, 18.00
1400615270850,-5.70, -19.50, 18.90
1400615270850,-5.70, -19.50, 18.90
1400615270882,-5.70, -19.50, 17.40
1400615270882,-5.70, -19.50, 17.40
1400615270915,-5.10, -20.10, 17.70
1400615270946,-5.10, -20.10, 17.70
1400615270979,-4.80, -19.80, 17.10
1400615270979,-4.80, -19.80, 17.10
1400615271011,-4.80, -19.50, 17.10
1400615271011,-4.80, -19.50, 17.10
1400615271043,-4.20, -19.20, 18.60
1400615271043,-4.20, -19.20, 18.60
1400615271075,-4.80, -19.50, 16.20
1400615271107,-4.80, -19.50, 16.20
1400615271139,-5.10, -19.50, 14.40
1400615271139,-5.10, -19.50, 14.40
1400615271172,-5.70, -19.50, 13.80
1400615271172,-5.70, -19.50, 13.80
1400615271204,-5.70, -19.50, 13.80
1400615271204,-5.70, -19.50, 13.80
1400615271236,-5.40, -19.20, 15.90
1400615271269,-5.40, -19.20, 15.90
1400615271269,-5.40, -19.20, 17.70
1400615271301,-5.40, -19.20, 17.70
1400615271333,-5.40, -19.20, 18.00
1400615271333,-5.40, -19.20, 18.00
1400615271365,-6.00, -18.90, 17.40
1400615271365,-6.00, -18.90, 17.40
1400615271397,-5.10, -18.90, 17.70
1400615271436,-5.10, -18.90, 17.70
1400615271476,-4.80, -18.90, 17.40
1400615271476,-4.80, -18.90, 17.40
1400615271476,0.00, -17.70, 18.00
1400615271509,0.00, -17.70, 18.00
1400615271509,4.50, -17.10, 18.00
1400615271541,4.50, -17.10, 18.00
1400615271574,8.40, -16.20, 17.70
1400615271574,8.40, -16.20, 17.70
1400615271607,12.30, -14.10, 17.70
1400615271607,12.30, -14.10, 17.70
1400615271640,12.60, -14.10, 18.00
1400615271640,12.60, -14.10, 18.00
1400615271672,11.40, -14.40, 18.60
1400615271705,8.40, -15.30, 17.70
1400615271705,8.40, -15.30, 17.70
1400615271738,4.80, -17.10, 18.30
1400615271771,4.80, -17.10, 18.30
1400615271771,0.90, -18.30, 18.00
1400615271803,0.90, -18.30, 18.00
1400615271835,-2.40, -18.90, 17.40
1400615271835,-2.40, -18.90, 17.40
1400615271868,-2.70, -18.90, 18.30
1400615271868,-2.70, -18.90, 18.30
1400615271901,-3.30, -19.20, 16.80
1400615271901,-3.30, -19.20, 16.80
1400615271933,-3.90, -19.20, 16.80
1400615271965,-3.90, -19.20, 16.80
1400615271999,-3.30, -20.10, 16.80
1400615271999,-3.30, -20.10, 16.80
1400615272032,-3.90, -20.40, 16.50
1400615272032,-3.90, -20.40, 16.50
1400615272065,-3.90, -21.00, 18.00
1400615272065,-3.90, -21.00, 18.00
1400615272099,-4.50, -21.90, 17.10
1400615272131,-4.50, -21.90, 17.10
1400615272131,-5.10, -21.30, 17.70
1400615272163,-5.10, -21.30, 17.70
1400615272197,-5.40, -21.90, 18.00
1400615272197,-5.40, -21.90, 18.00
1400615272230,-5.70, -21.60, 18.30
1400615272231,-5.70, -21.60, 18.30
1400615272264,-5.10, -21.00, 19.50
1400615272264,-5.10, -21.00, 19.50
1400615272296,-4.80, -21.00, 19.80
1400615272330,-4.80, -21.00, 19.80
1400615272330,-4.50, -20.40, 20.10
1400615272362,-4.50, -20.40, 20.10
1400615272395,-3.90, -20.10, 20.10
1400615272396,-3.90, -20.10, 20.10
1400615272429,-4.20, -19.80, 19.20
1400615272429,-4.20, -19.80, 19.20
1400615272462,-4.20, -20.10, 18.60
1400615272463,-4.20, -20.10, 18.60
1400615272494,-4.50, -20.40, 18.60
1400615272526,-4.50, -20.40, 18.60
1400615272559,-4.80, -20.10, 18.60
1400615272559,-4.80, -20.10, 18.60
1400615272592,-4.50, -20.10, 19.20
1400615272592,-4.50, -20.10, 19.20
1400615272624,-4.80, -19.80, 18.00
1400615272625,-4.80, -19.80, 18.00
1400615272657,-5.10, -18.90, 17.70
1400615272690,-5.10, -18.90, 17.70
1400615272690,-4.50, -18.60, 18.00
1400615272722,-4.50, -18.60, 18.00
1400615272755,-4.80, -18.30, 18.30
1400615272755,-4.80, -18.30, 18.30
1400615272788,-4.80, -17.40, 20.10
1400615272788,-4.80, -17.40, 20.10
1400615272822,-4.50, -17.10, 18.00
1400615272822,-4.50, -17.10, 18.00
1400615272854,-4.50, -16.20, 17.70
1400615272886,-4.50, -16.20, 17.70
1400615272919,-3.90, -16.20, 16.80
1400615272919,-3.90, -16.20, 16.80
1400615272953,-3.60, -15.90, 15.60
1400615272953,-3.60, -15.90, 15.60
1400615272985,-2.70, -15.00, 17.40
1400615272986,-2.70, -15.00, 17.40
1400615273017,-1.80, -14.70, 16.80
1400615273051,-1.80, -14.70, 16.80
1400615273051,-1.50, -13.20, 16.50
1400615273083,-1.50, -13.20, 16.50
1400615273116,-1.50, -12.00, 16.50
1400615273116,-1.50, -12.00, 16.50
1400615273150,-1.80, -12.30, 13.80
1400615273150,-1.80, -12.30, 13.80
1400615273182,-1.80, -11.10, 14.10
1400615273182,-1.80, -11.10, 14.10
1400615273214,-1.50, -11.10, 13.80
1400615273246,-1.50, -11.10, 13.80
1400615273281,-2.10, -11.10, 13.20
1400615273281,-2.10, -11.10, 13.20
1400615273314,-2.10, -10.50, 14.40
1400615273314,-2.10, -10.50, 14.40
1400615273348,-3.60, -11.10, 11.40
1400615273348,-3.60, -11.10, 11.40
1400615273381,-4.50, -11.70, 9.00
1400615273381,-4.50, -11.70, 9.00
1400615273413,-5.10, -12.90, 7.20
1400615273445,-5.10, -12.90, 7.20
1400615273486,-6.00, -14.40, 5.10
1400615273487,-6.00, -14.40, 5.10
1400615273519,-6.30, -15.00, 5.10
1400615273520,-6.30, -15.00, 5.10
1400615273553,-6.90, -15.60, 4.50
1400615273553,-6.90, -15.60, 4.50
1400615273585,-6.90, -15.60, 4.20
1400615273585,-6.90, -15.60, 4.20
1400615273617,-6.90, -15.90, 4.80
1400615273650,-6.90, -15.90, 4.80
1400615273651,-6.90, -15.60, 4.50
1400615273682,-6.90, -15.60, 4.50
1400615273715,-6.60, -16.20, 4.20
1400615273715,-6.60, -16.20, 4.20
1400615273748,-6.90, -15.30, 4.20
1400615273748,-6.90, -15.30, 4.20
1400615273781,-6.90, -14.40, 3.90
1400615273781,-6.90, -14.40, 3.90
1400615273813,-7.80, -14.40, 3.90
1400615273845,-7.80, -14.40, 3.90
1400615273879,-8.10, -14.40, 4.50
1400615273879,-8.10, -14.40, 4.50
1400615273914,-9.00, -15.00, 5.10
1400615273914,-9.00, -15.00, 5.10
1400615273947,-9.60, -15.90, 6.00
1400615273947,-9.60, -15.90, 6.00
1400615273981,-9.60, -15.60, 6.90
1400615273981,-9.60, -15.60, 6.90
1400615274013,-10.20, -15.00, 8.10
1400615274045,-10.20, -15.00, 8.10
1400615274080,-10.20, -15.00, 8.40
1400615274080,-10.20, -15.00, 8.40
1400615274119,-9.90, -14.40, 7.80
1400615274119,-9.90, -14.40, 7.80
1400615274173,-10.50, -14.40, 7.80
1400615274173,-10.50, -14.40, 7.80
1400615274207,-10.20, -14.10, 7.20
1400615274207,-10.20, -14.10, 7.20
1400615274240,-10.20, -13.50, 8.70
1400615274240,-10.20, -13.50, 8.70
1400615274274,-10.80, -13.50, 9.00
1400615274275,-10.80, -13.50, 9.00
1400615274308,-10.50, -12.30, 10.80
1400615274308,-10.50, -12.30, 10.80
1400615274341,-10.20, -12.30, 13.20
1400615274341,-10.20, -12.30, 13.20
1400615274373,-10.20, -12.60, 13.80
1400615274405,-10.20, -12.60, 13.80
1400615274437,-9.30, -12.30, 15.30
1400615274438,-9.30, -12.30, 15.30
1400615274471,-9.30, -13.50, 14.10
1400615274471,-9.30, -13.50, 14.10
1400615274506,-9.00, -13.50, 12.90
1400615274506,-9.00, -13.50, 12.90
1400615274539,-9.00, -13.20, 12.60
1400615274539,-9.00, -13.20, 12.60
1400615274572,-9.30, -13.20, 12.60
1400615274603,-9.30, -13.20, 12.60
1400615274636,-8.70, -12.90, 13.80
1400615274636,-8.70, -12.90, 13.80
1400615274670,-9.30, -13.20, 12.90
1400615274670,-9.30, -13.20, 12.90
1400615274703,-9.30, -13.20, 12.60
1400615274703,-9.30, -13.20, 12.60
1400615274735,-9.30, -13.20, 12.90
1400615274769,-9.30, -13.20, 12.90
1400615274769,-9.90, -12.90, 13.20
1400615274801,-9.90, -12.90, 13.20
1400615274834,-9.30, -12.30, 15.00
1400615274834,-9.30, -12.30, 15.00
1400615274867,-9.30, -12.60, 14.70
1400615274867,-9.30, -12.60, 14.70
1400615274921,-9.90, -12.60, 14.10
1400615274922,-9.90, -12.60, 14.10
1400615274979,-9.60, -12.30, 13.80
1400615274979,-9.60, -12.30, 13.80
1400615274979,-9.90, -11.70, 12.90
1400615275021,-9.90, -11.70, 12.90
1400615275021,-10.50, -11.70, 13.20
1400615275021,-10.50, -11.70, 13.20
1400615275053,-10.20, -11.40, 13.80
1400615275085,-10.20, -11.40, 13.80
1400615275117,-10.20, -12.00, 14.10
1400615275117,-10.20, -12.00, 14.10
1400615275150,-10.20, -13.20, 14.10
1400615275150,-10.20, -13.20, 14.10
1400615275182,-9.90, -12.90, 12.30
1400615275182,-9.90, -12.90, 12.30
1400615275223,-9.90, -12.60, 12.30
1400615275223,-9.90, -12.60, 12.30
1400615275255,-9.60, -12.90, 12.90
1400615275288,-9.60, -12.90, 12.90
1400615275319,-9.90, -12.00, 12.90
1400615275320,-9.90, -12.00, 12.90
1400615275352,-9.60, -12.30, 15.30
1400615275352,-9.60, -12.30, 15.30
1400615275387,-9.30, -13.50, 13.50
1400615275388,-9.30, -13.50, 13.50
1400615275420,-9.60, -13.50, 13.50
1400615275420,-9.60, -13.50, 13.50
1400615275452,-9.60, -13.80, 13.80
1400615275490,-9.60, -13.80, 13.80
1400615275535,-9.30, -14.10, 13.20
1400615275535,-9.30, -14.10, 13.20
1400615275574,-9.00, -13.50, 15.00
1400615275575,-9.00, -13.50, 15.00
1400615275576,-8.40, -14.40, 14.10
1400615275609,-8.40, -14.40, 14.10
1400615275609,-8.70, -14.10, 14.40
1400615275643,-8.70, -14.10, 14.40
1400615275676,-8.70, -13.80, 14.70
1400615275676,-8.70, -13.80, 14.70
1400615275710,-9.30, -13.80, 14.10
1400615275710,-9.30, -13.80, 14.10
1400615275743,-9.60, -12.90, 14.70
1400615275743,-9.60, -12.90, 14.70
1400615275775,-9.60, -12.90, 15.00
1400615275808,-9.60, -12.90, 15.00
1400615275839,-9.90, -13.20, 14.40
1400615275839,-9.90, -13.20, 14.40
1400615275872,-9.90, -12.90, 15.30
1400615275872,-9.90, -12.90, 15.30
1400615275904,-10.20, -12.60, 14.10
1400615275904,-10.20, -12.60, 14.10
1400615275935,-9.60, -12.90, 13.80
1400615275970,-9.60, -12.90, 13.80
1400615275970,-9.90, -12.60, 14.10
1400615276002,-9.90, -12.60, 14.10
1400615276067,-9.90, -11.70, 13.80
1400615276067,-9.60, -11.70, 15.60
1400615276099,-9.90, -11.40, 15.90
1400615276100,-9.90, -11.40, 15.90
1400615276132,-9.60, -10.80, 15.60
1400615276132,-9.60, -10.80, 15.60
1400615276165,-9.60, -10.50, 15.90
1400615276165,-9.60, -10.50, 15.90
1400615276196,-9.90, -10.20, 14.70
1400615276233,-9.90, -10.20, 14.70
1400615276233,-10.20, -9.60, 14.70
1400615276269,-10.20, -9.60, 14.70
1400615276302,-10.50, -9.60, 15.30
1400615276302,-10.50, -9.60, 15.30
1400615276334,-11.40, -9.60, 15.90
1400615276334,-11.40, -9.60, 15.90
1400615276367,-12.90, -9.90, 16.80
1400615276367,-12.90, -9.90, 16.80
1400615276399,-15.00, -11.40, 15.00
1400615276400,-15.00, -11.40, 15.00
1400615276447,-16.50, -12.60, 13.80
1400615276447,-16.50, -12.60, 13.80
1400615276480,-18.30, -12.90, 13.50
1400615276480,-18.30, -12.90, 13.50
1400615276512,-19.20, -12.60, 13.80
1400615276544,-19.50, -10.50, 15.30
1400615276544,-19.50, -10.50, 15.30
1400615276576,-20.70, -9.60, 15.90
1400615276608,-20.70, -9.60, 15.90
1400615276609,-21.30, -8.70, 14.40
1400615276641,-21.30, -8.70, 14.40
1400615276673,-21.60, -7.80, 12.30
1400615276674,-21.60, -7.80, 12.30
1400615276707,-21.30, -6.00, 9.60
1400615276707,-21.30, -6.00, 9.60
1400615276740,-18.00, 0.60, 5.70
1400615276740,-18.00, 0.60, 5.70
1400615276772,-10.80, 13.20, 0.60
1400615276805,-2.10, 28.80, -3.90
1400615276805,-2.10, 28.80, -3.90
1400615276837,6.60, 44.70, -8.10
1400615276870,6.60, 44.70, -8.10
1400615276870,15.00, 57.90, -11.10
1400615276903,15.00, 57.90, -11.10
1400615276935,21.90, 68.70, -11.40
1400615276935,21.90, 68.70, -11.40
1400615276968,29.40, 80.40, -10.20
1400615276968,29.40, 80.40, -10.20
1400615277001,38.40, 94.80, -8.40
1400615277001,38.40, 94.80, -8.40
1400615277033,48.30, 110.70, -3.30
1400615277065,48.30, 110.70, -3.30
1400615277097,57.00, 126.30, 2.70
1400615277097,57.00, 126.30, 2.70
1400615277130,65.70, 139.50, 8.10
1400615277130,65.70, 139.50, 8.10
1400615277162,72.90, 150.90, 16.50
1400615277162,72.90, 150.90, 16.50
1400615277194,78.90, 159.60, 23.10
1400615277228,78.90, 159.60, 23.10
1400615277260,84.30, 166.50, 29.10
1400615277260,84.30, 166.50, 29.10
1400615277292,88.80, 172.50, 36.00
1400615277293,88.80, 172.50, 36.00
1400615277325,92.10, 175.20, 39.30
1400615277325,92.10, 175.20, 39.30
1400615277357,94.80, 178.80, 43.80
1400615277390,94.80, 178.80, 43.80
1400615277390,98.10, 182.10, 48.00
1400615277422,98.10, 182.10, 48.00
1400615277454,100.20, 184.80, 52.50
1400615277454,100.20, 184.80, 52.50
1400615277487,102.30, 188.10, 57.30
1400615277487,102.30, 188.10, 57.30
1400615277521,104.40, 189.60, 60.00
1400615277522,104.40, 189.60, 60.00
1400615277554,105.60, 190.80, 61.50
1400615277585,105.60, 190.80, 61.50
1400615277618,106.80, 190.80, 62.70
1400615277618,106.80, 190.80, 62.70
1400615277650,106.80, 190.80, 61.80
1400615277650,106.80, 190.80, 61.80
1400615277684,107.40, 190.80, 62.40
1400615277684,107.40, 190.80, 62.40
1400615277715,107.10, 190.80, 62.70
1400615277748,107.10, 190.80, 62.70
1400615277749,107.10, 191.10, 62.10
1400615277781,107.10, 191.10, 62.10
1400615277813,107.10, 190.20, 62.70
1400615277813,107.10, 190.20, 62.70
1400615277844,106.80, 189.60, 60.00
1400615277845,106.80, 189.60, 60.00
1400615277877,106.50, 189.90, 60.00
1400615277910,106.50, 189.90, 60.00
1400615277910,106.50, 189.60, 59.70
1400615277941,106.50, 189.60, 59.70
1400615277974,106.50, 189.60, 60.30
1400615277974,106.50, 189.60, 60.30
1400615278006,106.80, 189.90, 62.70
1400615278006,106.80, 189.90, 62.70
1400615278037,106.80, 189.30, 60.60
1400615278070,106.80, 189.30, 60.60
1400615278070,107.10, 189.90, 60.60
1400615278102,107.10, 189.90, 60.60
1400615278134,107.10, 189.60, 60.90
1400615278134,107.10, 189.60, 60.90
1400615278166,107.40, 189.90, 58.80
1400615278166,107.40, 189.90, 58.80
1400615278199,108.00, 190.20, 61.20
1400615278230,108.00, 190.20, 61.20
1400615278231,107.70, 188.70, 60.60
1400615278262,107.70, 188.70, 60.60
1400615278295,108.00, 189.00, 60.60
1400615278295,108.00, 189.00, 60.60
1400615278327,108.00, 188.70, 62.40
1400615278328,108.00, 188.70, 62.40
1400615278361,108.30, 188.70, 63.00
1400615278361,108.30, 188.70, 63.00
1400615278393,108.00, 190.50, 64.20
1400615278425,108.00, 190.50, 64.20
1400615278457,107.40, 190.80, 64.20
1400615278457,107.40, 190.80, 64.20
1400615278490,107.10, 191.40, 63.90
1400615278490,107.10, 191.40, 63.90
1400615278522,106.80, 191.40, 63.90
1400615278522,106.80, 191.40, 63.90
1400615278554,107.10, 191.10, 61.80
1400615278586,107.10, 191.10, 61.80
1400615278619,107.10, 190.50, 60.30
1400615278619,107.10, 190.50, 60.30
1400615278652,106.20, 189.60, 59.40
1400615278652,106.20, 189.60, 59.40
1400615278684,105.90, 189.30, 57.60
1400615278684,105.90, 189.30, 57.60
1400615278716,105.30, 189.30, 57.90
1400615278750,105.30, 189.30, 57.90
1400615278750,104.70, 190.80, 58.80
1400615278782,104.70, 190.80, 58.80
1400615278814,104.40, 192.00, 59.40
1400615278814,104.40, 192.00, 59.40
1400615278846,103.50, 194.10, 63.00
1400615278846,103.50, 194.10, 63.00
1400615278879,102.00, 196.50, 66.60
1400615278910,102.00, 196.50, 66.60
1400615278911,100.80, 198.30, 69.60
1400615278943,100.80, 198.30, 69.60
1400615278975,100.20, 199.80, 71.70
1400615278975,100.20, 199.80, 71.70
1400615279007,99.60, 200.70, 72.90
1400615279007,99.60, 200.70, 72.90
1400615279040,100.20, 200.70, 73.20
1400615279040,100.20, 200.70, 73.20
1400615279072,100.20, 201.00, 73.80
1400615279105,100.50, 201.90, 76.50
1400615279105,100.50, 201.90, 76.50
1400615279137,99.90, 201.90, 76.80
1400615279170,99.90, 201.90, 76.80
1400615279171,99.60, 202.50, 77.10
1400615279202,99.60, 202.50, 77.10
1400615279234,99.30, 201.30, 77.70
1400615279235,99.30, 201.30, 77.70
1400615279267,99.00, 201.60, 77.70
1400615279267,99.00, 201.60, 77.70
1400615279300,99.30, 201.90, 78.30
1400615279300,99.30, 201.90, 78.30
1400615279331,99.30, 202.50, 79.20
1400615279363,99.30, 202.50, 79.20
1400615279395,98.70, 205.20, 79.50
1400615279395,98.70, 205.20, 79.50
1400615279427,99.30, 206.70, 81.00
1400615279428,99.30, 206.70, 81.00
1400615279460,99.00, 208.80, 82.20
1400615279460,99.00, 208.80, 82.20
1400615279492,99.00, 210.30, 83.10
1400615279523,99.00, 210.30, 83.10
1400615279556,99.60, 211.50, 84.90
1400615279556,99.60, 211.50, 84.90
1400615279588,98.70, 212.10, 83.40
1400615279588,98.70, 212.10, 83.40
1400615279621,98.70, 212.40, 83.40
1400615279621,98.70, 212.40, 83.40
1400615279652,98.10, 213.30, 84.00
1400615279685,98.10, 213.30, 84.00
1400615279720,97.20, 213.00, 84.00
1400615279720,97.20, 213.00, 84.00
1400615279754,97.20, 213.00, 85.80
1400615279754,97.20, 213.00, 85.80
1400615279789,96.60, 212.70, 83.40
1400615279789,96.60, 212.70, 83.40
1400615279825,96.60, 212.40, 83.10
1400615279825,96.60, 212.40, 83.10
1400615279859,96.90, 212.40, 82.50
1400615279860,96.90, 212.40, 82.50
1400615279893,97.20, 212.70, 82.50
1400615279927,97.20, 212.70, 82.50
1400615279962,97.50, 212.70, 84.60
1400615279962,98.10, 213.00, 84.30
1400615279962,98.10, 213.00, 84.30
1400615280028,97.80, 213.30, 81.90
1400615280028,97.80, 213.30, 81.90
1400615280029,97.50, 213.30, 80.40
1400615280062,97.50, 213.30, 80.40
1400615280096,96.90, 213.00, 78.00
1400615280096,96.90, 213.00, 78.00
1400615280129,96.00, 212.70, 75.30
1400615280129,96.00, 212.70, 75.30
1400615280162,96.30, 212.70, 75.60
1400615280162,96.30, 212.70, 75.60
1400615280225,95.70, 212.70, 75.30
1400615280225,95.70, 212.70, 75.30
1400615280255,96.00, 213.00, 77.10
1400615280255,96.30, 212.70, 79.20
