1400539337351,15.12, -45.96, -8.04
1400539337421,15.54, -46.50, -8.40
1400539337422,15.54, -46.74, -8.28
1400539337422,15.54, -46.20, -8.40
1400539337429,15.42, -45.96, -8.70
1400539337514,15.00, -45.36, -9.54
1400539337514,14.28, -44.70, -10.62
1400539337514,13.80, -43.98, -11.58
1400539337515,13.02, -43.20, -13.08
1400539337592,12.00, -42.18, -15.36
1400539337592,10.98, -41.34, -18.00
1400539337592,9.84, -41.10, -20.52
1400539337592,9.12, -40.50, -22.80
1400539337672,8.76, -40.26, -24.12
1400539337672,8.52, -39.84, -24.54
1400539337672,8.10, -39.30, -24.54
1400539337673,7.98, -39.00, -24.18
1400539337754,7.92, -38.88, -23.10
1400539337754,7.80, -38.76, -21.96
1400539337755,8.10, -38.52, -21.00
1400539337755,7.86, -38.16, -20.10
1400539337827,7.44, -37.68, -19.32
1400539337827,7.38, -37.56, -19.26
1400539337827,7.14, -37.38, -19.26
1400539337832,6.84, -36.96, -18.72
1400539337894,6.54, -36.30, -17.70
1400539337895,6.48, -36.00, -16.56
1400539337895,6.12, -35.64, -15.06
1400539337960,6.12, -35.34, -13.86
1400539337960,6.00, -34.92, -13.14
1400539337960,5.58, -34.26, -12.48
1400539338027,5.40, -33.84, -11.88
1400539338027,5.16, -33.42, -11.76
1400539338027,5.22, -33.00, -11.76
1400539338033,5.22, -32.34, -11.76
1400539338102,5.16, -31.50, -11.52
1400539338102,5.16, -30.42, -11.22
1400539338103,5.40, -29.16, -10.80
1400539338113,5.40, -27.48, -10.50
1400539338171,4.98, -25.62, -10.08
1400539338172,4.74, -23.34, -9.72
1400539338174,4.32, -20.94, -9.48
1400539338247,3.90, -18.48, -9.12
1400539338247,56.46, 30.72, -11.22
1400539338247,56.04, 32.40, -10.74
1400539338307,55.56, 33.90, -10.26
1400539338307,55.38, 34.86, -9.66
1400539338308,55.38, 35.70, -9.30
1400539338315,55.44, 36.06, -9.12
1400539338371,55.50, 36.18, -9.12
1400539338371,55.50, 36.24, -9.42
1400539338375,55.68, 36.24, -9.54
1400539338450,55.74, 36.18, -9.72
1400539338450,55.80, 36.00, -10.02
1400539338450,55.86, 35.94, -10.68
1400539338512,55.86, 36.00, -11.64
1400539338513,55.92, 36.00, -12.72
1400539338513,56.04, 36.06, -13.62
1400539338516,56.34, 36.00, -14.64
1400539338573,56.82, 36.00, -16.26
1400539338573,57.36, 36.00, -18.12
1400539338577,58.02, 36.06, -20.10
1400539338659,58.86, 36.06, -22.08
1400539338659,60.12, 35.94, -24.12
1400539338660,61.32, 36.06, -26.34
1400539338660,62.52, 36.24, -28.44
1400539338735,63.78, 36.60, -30.66
1400539338735,65.10, 37.20, -33.24
1400539338735,66.60, 37.92, -35.64
1400539338788,68.04, 38.76, -38.10
1400539338788,69.36, 39.90, -41.04
1400539338788,70.80, 41.10, -44.10
1400539338798,72.30, 42.12, -46.80
1400539338871,73.62, 43.20, -49.50
1400539338871,75.06, 44.04, -51.84
1400539338871,76.32, 45.06, -53.58
1400539338879,77.22, 45.96, -55.26
1400539338956,77.94, 46.74, -56.52
1400539338956,78.54, 47.52, -57.18
1400539338956,78.48, 48.24, -57.72
1400539338959,78.18, 49.02, -58.38
1400539339037,78.00, 49.86, -58.98
1400539339037,77.64, 50.58, -59.52
1400539339037,77.04, 51.24, -60.00
1400539339040,76.50, 52.14, -60.12
1400539339107,76.14, 53.04, -60.30
1400539339107,76.02, 53.76, -60.30
1400539339107,75.78, 54.60, -59.88
1400539339174,75.90, 55.32, -59.34
1400539339174,76.02, 55.68, -58.86
1400539339174,76.08, 56.22, -58.68
1400539339181,76.08, 56.70, -58.26
1400539339244,76.14, 56.88, -58.44
1400539339244,76.20, 57.12, -58.44
1400539339245,76.20, 57.30, -58.74
1400539339311,76.50, 57.36, -58.74
1400539339311,76.32, 57.54, -58.44
1400539339311,76.44, 57.78, -58.08
1400539339379,76.50, 58.02, -57.18
1400539339380,76.86, 58.08, -56.76
1400539339380,77.16, 58.08, -55.92
1400539339384,77.40, 58.20, -55.50
1400539339444,77.58, 58.14, -54.90
1400539339444,77.70, 58.14, -55.02
1400539339444,77.64, 58.14, -55.14
1400539339513,77.28, 58.02, -55.56
1400539339513,77.04, 57.84, -56.52
1400539339513,76.62, 57.78, -57.12
1400539339579,75.96, 57.78, -58.02
1400539339580,75.54, 57.78, -58.86
1400539339580,75.06, 57.84, -59.70
1400539339584,74.70, 58.02, -60.06
1400539339647,74.46, 58.26, -60.54
1400539339647,74.64, 58.56, -60.66
1400539339648,74.76, 58.68, -60.60
1400539339712,74.70, 58.74, -60.42
1400539339712,74.94, 58.98, -60.18
1400539339712,75.12, 59.10, -60.00
1400539339779,75.12, 59.10, -59.88
1400539339779,75.06, 59.10, -59.94
1400539339779,74.76, 59.10, -60.06
1400539339785,74.70, 58.98, -60.30
1400539339846,74.40, 58.92, -60.36
1400539339846,74.34, 58.92, -60.66
1400539339846,74.34, 58.92, -60.84
1400539339915,74.16, 58.98, -60.72
1400539339915,74.22, 58.92, -60.66
1400539339915,74.34, 58.74, -60.60
1400539339988,74.58, 58.50, -60.60
1400539339988,74.58, 58.56, -60.66
1400539339988,74.52, 58.44, -60.54
1400539339989,74.52, 58.56, -60.54
1400539340069,74.40, 58.44, -60.60
1400539340070,74.58, 58.38, -60.48
1400539340070,74.52, 58.26, -60.48
1400539340070,74.46, 58.20, -60.30
1400539340128,74.58, 58.20, -60.12
1400539340128,74.58, 58.08, -60.06
1400539340129,74.64, 58.14, -60.24
1400539340191,74.58, 58.26, -60.36
1400539340191,74.64, 58.20, -60.54
1400539340191,74.46, 58.02, -60.72
1400539340257,74.40, 58.02, -60.66
1400539340258,74.64, 58.02, -60.60
1400539340258,74.58, 58.14, -60.78
1400539340269,74.64, 58.20, -60.66
1400539340336,74.76, 58.26, -60.60
1400539340336,74.88, 58.02, -60.48
1400539340336,74.88, 58.20, -60.42
1400539340389,74.94, 58.32, -60.42
1400539340389,75.06, 58.56, -60.60
1400539340390,75.00, 58.44, -60.96
1400539340456,75.06, 58.26, -60.96
1400539340456,75.06, 58.20, -60.96
1400539340456,74.94, 58.38, -60.72
1400539340470,74.88, 58.44, -60.66
1400539340524,74.82, 58.32, -60.54
1400539340525,74.88, 58.26, -60.42
1400539340531,74.82, 58.26, -60.36
1400539340593,74.52, 58.38, -60.12
1400539340593,74.46, 58.56, -59.94
1400539340593,74.46, 58.50, -60.18
1400539340666,74.64, 58.26, -60.36
1400539340667,74.58, 58.02, -60.78
1400539340667,73.86, 57.84, -62.22
1400539340673,71.88, 58.08, -65.40
1400539340771,68.94, 58.38, -70.20
1400539340771,64.86, 58.68, -76.92
1400539340771,59.04, 58.92, -85.26
1400539340771,51.66, 59.40, -95.52
1400539340773,42.30, 60.12, -107.64
1400539340869,31.20, 60.84, -121.08
1400539340869,18.30, 61.86, -135.24
1400539340869,0.00, 0.00, 0.00
1400539340870,-11.82, 63.36, -162.90
1400539340927,-29.04, 64.02, -175.86
1400539340927,-47.34, 65.04, -188.28
1400539340927,-67.20, 65.94, -199.20
1400539340934,-88.02, 66.60, -209.34
1400539340996,-109.74, 67.44, -218.46
1400539340996,0.00, 0.00, 0.00
1400539340996,-153.24, 68.88, -231.78
1400539341060,-175.20, 69.42, -236.28
1400539341060,-196.98, 69.96, -239.34
1400539341060,-218.28, 70.14, -241.26
1400539341126,-238.38, 70.38, -242.22
1400539341126,-257.58, 70.62, -241.80
1400539341126,-275.76, 70.74, -240.30
1400539341135,-293.28, 70.62, -237.96
1400539341193,0.00, 0.00, 0.00
1400539341193,-325.86, 70.50, -231.42
1400539341196,-340.38, 70.26, -227.52
1400539341260,-353.46, 70.08, -223.26
1400539341260,-366.00, 69.96, -218.58
1400539341260,-377.40, 69.90, -213.84
1400539341395,-387.78, 69.72, -209.46
1400539341395,-397.32, 69.66, -204.84
1400539341395,-405.66, 69.42, -200.76
1400539341395,-413.28, 69.60, -196.68
1400539341395,-420.18, 69.78, -192.54
1400539341396,-426.72, 69.90, -188.40
1400539341397,-432.66, 69.72, -184.56
1400539341489,-438.18, 69.66, -180.84
1400539341489,-443.34, 69.78, -176.88
1400539341490,-447.90, 69.90, -173.58
1400539341490,-452.10, 69.90, -169.80
1400539341497,-456.00, 69.66, -166.08
1400539341562,-459.72, 69.54, -163.08
1400539341562,-463.32, 69.42, -159.84
1400539341562,-466.68, 69.72, -156.60
1400539341658,-470.40, 69.72, -153.18
1400539341658,-474.00, 69.78, -149.82
1400539341658,-477.84, 69.90, -145.92
1400539341658,-481.56, 70.02, -142.32
1400539341659,-485.70, 70.02, -138.66
1400539341728,-489.60, 70.02, -134.58
1400539341728,-493.62, 70.02, -130.74
1400539341728,-497.40, 69.72, -127.02
1400539341739,-500.94, 69.48, -123.30
1400539341795,-504.42, 69.36, -119.34
1400539341797,0.00, 0.00, 0.00
1400539341800,-510.96, 68.76, -111.90
1400539341867,-513.66, 68.70, -108.06
1400539341867,-516.24, 68.64, -104.10
1400539341867,-518.58, 68.58, -100.32
1400539341968,-520.68, 68.58, -96.30
1400539341968,-522.42, 68.64, -92.64
1400539341969,-523.80, 68.46, -89.34
1400539341969,-524.88, 68.40, -86.22
1400539341969,-525.42, 68.16, -83.70
1400539342074,-525.66, 68.04, -81.72
1400539342074,-525.90, 67.62, -80.10
1400539342075,-525.90, 67.32, -78.48
1400539342075,-525.54, 66.78, -77.58
1400539342075,-525.12, 66.54, -76.98
1400539342082,-524.94, 66.42, -76.62
1400539342144,-524.58, 66.48, -76.62
1400539342145,-524.52, 66.42, -76.26
1400539342145,-524.52, 66.42, -76.08
1400539342261,-524.34, 66.72, -76.14
1400539342261,-524.40, 66.84, -76.32
1400539342261,-524.46, 67.14, -76.62
1400539342261,-524.52, 67.20, -76.68
1400539342261,-524.40, 67.32, -76.74
1400539342263,-524.34, 67.20, -76.62
1400539342387,-524.16, 67.14, -76.80
1400539342387,-524.16, 67.32, -76.80
1400539342387,-524.16, 67.20, -76.74
1400539342388,-523.86, 67.20, -76.98
1400539342388,-523.80, 67.14, -76.74
1400539342388,-523.74, 67.20, -76.86
1400539342461,-523.98, 67.20, -76.80
1400539342461,-524.04, 67.08, -77.04
1400539342461,-524.16, 67.14, -76.80
1400539342464,-524.04, 66.78, -76.74
1400539342528,-524.04, 66.72, -76.86
1400539342528,-524.04, 66.48, -76.92
1400539342528,-523.86, 66.12, -76.92
1400539342594,-523.50, 65.88, -76.74
1400539342594,-523.14, 65.52, -76.68
1400539342594,-523.02, 65.16, -76.38
1400539342606,-522.78, 64.68, -76.56
1400539342663,-522.90, 64.56, -76.92
1400539342663,-523.08, 64.32, -76.98
1400539342666,-522.96, 64.32, -77.04
1400539342730,-523.38, 64.32, -77.34
1400539342730,-523.86, 64.32, -77.64
1400539342731,-524.04, 64.26, -78.12
1400539342795,-524.10, 64.20, -78.48
1400539342795,-524.34, 64.50, -78.54
1400539342795,-524.28, 64.56, -78.54
1400539342807,-524.22, 64.50, -78.72
1400539342862,-524.52, 64.38, -78.78
1400539342862,-524.58, 64.26, -78.78
1400539342867,-525.00, 64.08, -78.90
1400539342930,-525.42, 64.14, -78.90
1400539342930,-525.84, 64.32, -79.26
1400539342930,-526.14, 64.14, -79.74
1400539342996,-526.68, 64.08, -80.10
1400539342996,-527.10, 64.14, -80.34
1400539342996,-527.58, 64.20, -80.82
1400539343062,-527.82, 64.32, -81.36
1400539343062,-528.06, 64.62, -81.66
1400539343062,-528.24, 64.98, -81.96
1400539343069,-528.54, 64.98, -82.02
1400539343132,-528.66, 65.28, -81.96
1400539343132,-528.72, 65.34, -82.02
1400539343132,-528.90, 65.58, -81.90
1400539343255,-529.02, 65.58, -81.84
1400539343255,-529.02, 65.52, -81.60
1400539343255,-528.84, 65.34, -81.66
1400539343256,-528.84, 65.22, -81.54
1400539343256,-528.90, 65.40, -81.54
1400539343256,-528.90, 65.40, -81.42
1400539343309,-528.84, 65.58, -81.60
1400539343310,-528.84, 65.46, -81.54
1400539343310,-528.60, 65.76, -81.66
1400539343377,-528.84, 66.00, -81.66
1400539343377,-529.02, 66.06, -81.48
1400539343377,-529.08, 65.94, -81.66
1400539343392,-529.02, 65.88, -81.66
1400539343495,-529.08, 65.94, -81.90
1400539343495,-529.26, 65.94, -81.78
1400539343495,-529.38, 65.94, -81.84
1400539343495,-529.56, 65.82, -81.84
1400539343496,-529.50, 65.70, -82.20
1400539343562,-529.74, 65.70, -82.50
1400539343562,-529.86, 65.70, -82.56
1400539343563,-530.22, 65.70, -82.86
1400539343572,-530.34, 65.58, -83.10
1400539343633,-530.52, 65.46, -83.52
1400539343633,-530.64, 65.52, -83.82
1400539343633,-530.70, 65.58, -84.06
1400539343696,-531.06, 65.58, -84.36
1400539343696,-531.24, 65.76, -84.54
1400539343696,-531.48, 65.76, -84.78
1400539343763,-531.54, 65.76, -85.02
1400539343763,-531.84, 65.64, -85.26
1400539343763,-532.02, 65.58, -85.56
1400539343774,-532.20, 65.52, -85.98
1400539343831,-532.20, 65.28, -86.04
1400539343831,-532.44, 65.22, -85.92
1400539343834,-532.44, 65.04, -85.86
1400539343956,-532.62, 64.98, -86.10
1400539343956,-532.56, 64.92, -86.10
1400539343956,-532.80, 65.04, -86.16
1400539343956,-532.92, 64.92, -86.10
1400539343956,-532.92, 64.92, -86.16
1400539343956,-533.10, 64.86, -86.40
1400539344011,-533.04, 64.92, -86.82
1400539344011,-533.16, 64.80, -87.00
1400539344016,-533.28, 64.68, -87.12
1400539344080,-533.46, 64.74, -87.18
1400539344081,-533.76, 64.62, -87.06
1400539344081,-533.82, 64.68, -87.30
1400539344206,-534.24, 64.68, -87.66
1400539344206,-534.96, 64.80, -87.96
1400539344206,-536.22, 64.98, -87.96
1400539344206,-538.14, 65.46, -87.90
1400539344207,-540.60, 66.12, -87.36
1400539344207,-543.84, 66.90, -86.22
1400539344263,-547.50, 67.98, -84.66
1400539344263,-551.82, 69.30, -82.14
1400539344263,-556.80, 70.68, -79.08
1400539344331,-562.14, 72.30, -75.48
1400539344331,-567.06, 73.86, -71.88
1400539344331,-571.92, 75.42, -67.98
1400539344338,-576.60, 76.92, -64.32
1400539344397,-580.98, 78.24, -61.08
1400539344397,-585.18, 79.38, -57.90
1400539344398,-589.02, 80.40, -55.02
1400539344472,-592.38, 81.36, -52.20
1400539344472,-595.50, 82.26, -49.80
1400539344472,-598.50, 83.04, -47.34
1400539344531,-601.44, 83.64, -45.30
1400539344531,-604.08, 84.24, -43.20
1400539344532,-606.66, 85.02, -41.22
1400539344539,-609.12, 85.74, -39.54
1400539344597,-611.40, 86.40, -37.98
1400539344598,-613.62, 87.18, -36.72
1400539344600,-615.60, 87.72, -35.28
1400539344664,-617.76, 88.38, -33.96
1400539344665,-619.50, 89.22, -32.88
1400539344665,-621.30, 89.76, -31.68
1400539344731,-623.04, 90.12, -30.66
1400539344732,-624.66, 90.54, -29.70
1400539344732,-626.22, 90.84, -28.74
1400539344741,-627.90, 91.14, -27.90
1400539344798,-629.58, 91.44, -27.30
1400539344798,-631.02, 91.86, -26.70
1400539344801,-632.40, 92.04, -25.86
1400539344911,-633.96, 92.16, -25.32
1400539344911,-635.40, 92.40, -24.66
1400539344911,-636.54, 92.76, -24.06
1400539344911,-638.16, 93.30, -23.46
1400539344912,-639.66, 93.48, -22.86
1400539344922,-640.98, 93.66, -22.14
1400539344978,-642.30, 93.96, -21.30
1400539344979,-643.62, 94.26, -20.64
1400539344982,-644.94, 94.68, -20.04
1400539345047,-646.14, 95.04, -19.50
1400539345047,-647.52, 95.28, -18.90
1400539345047,-648.42, 95.46, -18.48
1400539345114,-649.32, 95.94, -17.94
1400539345114,-650.34, 96.48, -17.40
1400539345114,-651.18, 96.60, -16.92
1400539345124,-652.02, 96.84, -16.50
1400539345180,-652.62, 97.02, -15.78
1400539345181,-653.34, 97.14, -15.06
1400539345184,-654.06, 97.08, -14.40
1400539345247,-654.84, 97.14, -13.56
1400539345247,-655.50, 97.20, -12.96
1400539345247,-656.04, 96.84, -12.48
1400539345314,-656.70, 96.78, -11.88
1400539345315,-657.24, 96.66, -11.28
1400539345315,-658.02, 96.66, -11.04
1400539345325,-658.56, 96.84, -10.62
1400539345380,-659.04, 96.78, -10.32
1400539345381,-659.46, 96.72, -9.96
1400539345385,-659.82, 96.78, -9.42
1400539345448,-660.12, 96.90, -9.00
1400539345448,-660.36, 96.96, -8.70
1400539345448,-660.66, 96.96, -8.52
1400539345514,-660.72, 96.90, -8.04
1400539345514,-660.90, 96.78, -7.98
1400539345514,-661.08, 96.90, -7.56
1400539345526,-661.02, 96.90, -7.38
1400539345582,-661.26, 96.66, -7.20
1400539345582,-661.50, 96.72, -7.02
1400539345587,-661.74, 96.54, -6.66
1400539345648,-661.92, 96.42, -6.24
1400539345648,-661.98, 96.54, -6.06
1400539345648,-662.22, 96.12, -5.52
1400539345714,-662.28, 96.24, -5.58
1400539345714,-662.64, 96.12, -5.34
1400539345715,-662.76, 96.12, -5.22
1400539345781,-662.76, 96.18, -5.04
1400539345781,-662.94, 96.18, -5.04
1400539345781,-662.94, 96.24, -4.92
1400539345788,-663.30, 96.30, -4.74
1400539345849,-663.30, 96.84, -4.62
1400539345849,-663.42, 96.78, -4.26
1400539345850,-663.48, 96.96, -4.08
1400539345963,-663.48, 97.20, -3.78
1400539345964,-663.72, 97.32, -3.72
1400539345964,-663.90, 97.50, -3.66
1400539345964,-664.08, 97.62, -3.42
1400539345964,-664.14, 97.86, -3.42
1400539345969,-664.26, 98.10, -3.24
1400539346034,-664.20, 98.40, -3.00
1400539346035,-664.38, 98.76, -2.76
1400539346035,-664.44, 99.12, -2.64
1400539346097,-664.38, 99.36, -2.46
1400539346097,-664.20, 99.66, -1.98
1400539346098,-664.32, 100.02, -1.86
1400539346111,-664.32, 100.50, -1.74
1400539346165,-664.32, 100.80, -1.74
1400539346165,-664.32, 101.10, -1.68
1400539346171,-664.20, 101.28, -1.74
1400539346233,-664.08, 101.58, -1.80
1400539346234,-664.08, 101.88, -1.68
1400539346234,-664.08, 102.36, -1.80
1400539346299,-664.02, 102.78, -1.80
1400539346300,-663.90, 102.84, -1.38
1400539346300,-663.90, 103.08, -1.20
1400539346365,-663.96, 103.32, -1.02
1400539346366,-663.96, 103.62, -0.84
1400539346366,-664.32, 103.86, -0.54
1400539346372,-664.20, 104.22, -0.42
1400539346434,-664.44, 104.40, -0.12
1400539346434,-664.50, 104.70, 0.12
1400539346434,-664.62, 105.12, 0.06
1400539346499,-664.62, 105.36, 0.30
1400539346499,-664.62, 105.78, 0.48
1400539346499,-664.50, 106.26, 0.66
1400539346565,-664.44, 106.68, 0.96
1400539346566,-664.68, 107.22, 1.20
1400539346566,-664.62, 107.58, 1.20
1400539346574,-664.74, 108.06, 1.38
1400539346634,-664.74, 108.54, 1.50
1400539346635,-664.80, 109.08, 1.80
1400539346635,-664.98, 109.50, 1.92
1400539346699,-665.22, 109.92, 2.16
1400539346699,-665.22, 110.40, 2.40
1400539346700,-665.46, 110.64, 2.52
1400539346766,-665.52, 110.94, 2.82
1400539346766,-665.40, 111.24, 3.00
1400539346766,-665.40, 111.48, 3.36
1400539346775,-665.64, 111.72, 3.60
1400539346834,-665.94, 112.02, 3.72
1400539346834,-666.30, 112.38, 4.14
1400539346836,-666.18, 112.62, 4.50
1400539346900,-666.24, 112.80, 4.80
1400539346900,-666.18, 113.04, 5.28
1400539346900,-666.36, 113.34, 5.70
1400539346966,-666.48, 113.64, 6.06
1400539346966,-666.54, 114.00, 6.42
1400539346966,-666.24, 114.24, 6.72
1400539346977,-665.94, 114.54, 6.72
1400539347034,-666.24, 114.78, 6.96
1400539347034,-666.18, 115.20, 7.26
1400539347037,-666.18, 115.44, 7.44
1400539347100,-666.30, 115.56, 7.68
1400539347100,-666.18, 115.86, 7.68
1400539347100,-665.94, 116.16, 7.80
1400539347166,-666.18, 116.40, 8.04
1400539347167,-666.06, 116.34, 8.46
1400539347167,-666.12, 116.34, 8.28
1400539347178,-666.18, 116.16, 8.46
1400539347234,-666.24, 116.34, 8.34
1400539347234,-666.24, 116.76, 8.34
1400539347239,-666.42, 116.82, 8.58
1400539347300,-666.48, 116.76, 8.70
1400539347300,-666.30, 116.88, 8.82
1400539347300,-666.54, 116.94, 8.70
1400539347367,-666.30, 117.30, 8.88
1400539347367,-666.36, 117.54, 8.82
1400539347367,-666.42, 117.60, 9.00
1400539347434,-666.30, 117.36, 9.00
1400539347435,-666.24, 117.60, 9.00
1400539347435,-666.36, 117.60, 8.88
1400539347440,-666.66, 117.66, 8.88
1400539347500,-666.54, 117.84, 8.94
1400539347500,-666.60, 117.72, 8.88
1400539347500,-666.60, 117.72, 8.94
1400539347567,-666.72, 117.60, 9.00
1400539347568,-666.66, 117.66, 9.06
1400539347568,-666.84, 117.18, 8.76
1400539347635,-666.84, 117.12, 8.64
1400539347635,-666.84, 116.94, 8.58
1400539347635,-666.90, 116.52, 8.46
1400539347642,-666.96, 116.40, 8.46
1400539347700,-666.66, 116.16, 8.28
1400539347700,-666.66, 116.10, 8.22
1400539347703,-666.84, 115.62, 8.10
1400539347767,-666.60, 115.38, 8.10
1400539347767,-666.54, 115.14, 7.86
1400539347767,-666.36, 114.78, 7.80
1400539347835,-666.30, 114.84, 7.74
1400539347836,-666.18, 114.54, 7.50
1400539347836,-666.36, 114.48, 7.20
1400539347843,-666.42, 114.12, 6.96
1400539347901,-666.36, 114.06, 6.48
1400539347902,-666.60, 113.88, 6.36
1400539347903,-666.72, 113.52, 6.36
1400539347968,-666.78, 113.22, 6.06
1400539347968,-666.84, 112.86, 5.82
1400539347968,-667.02, 112.44, 5.70
1400539348035,-667.02, 112.02, 5.82
1400539348035,-666.66, 111.72, 5.58
1400539348036,-666.78, 111.60, 5.64
1400539348044,-666.54, 111.30, 5.28
1400539348100,-666.36, 111.06, 5.04
1400539348101,-666.48, 110.88, 4.92
1400539348105,-666.36, 110.46, 4.74
1400539348167,-666.30, 110.34, 4.62
1400539348167,-666.12, 110.28, 4.32
1400539348168,-666.24, 110.16, 4.26
1400539348235,-666.06, 109.80, 3.96
1400539348236,-666.00, 109.68, 3.90
1400539348236,-666.00, 109.74, 3.78
1400539348246,-666.06, 109.62, 3.66
1400539348301,-665.94, 109.62, 3.42
1400539348301,-665.82, 109.38, 3.30
1400539348306,-666.00, 109.08, 3.06
1400539348368,-666.18, 108.78, 2.88
1400539348368,-666.36, 108.66, 2.94
1400539348368,-666.48, 108.66, 2.70
1400539348436,-666.42, 108.48, 2.76
1400539348436,-666.24, 108.42, 2.46
1400539348436,-666.36, 108.24, 2.34
1400539348501,-666.24, 108.06, 2.22
1400539348501,-666.18, 107.88, 2.10
1400539348502,-666.06, 107.76, 1.92
1400539348508,-665.94, 107.58, 1.68
1400539348568,-665.94, 107.40, 1.86
1400539348568,-666.00, 107.10, 1.62
1400539348568,-666.06, 106.74, 1.92
1400539348636,-665.94, 106.68, 1.92
1400539348636,-665.94, 106.56, 1.98
1400539348636,-665.88, 106.44, 2.04
1400539348702,-665.70, 106.32, 2.22
1400539348702,-665.76, 105.96, 2.34
1400539348702,-665.88, 105.66, 2.04
1400539348709,-666.06, 105.48, 1.98
1400539348768,-666.00, 105.18, 1.92
1400539348768,-666.00, 104.94, 1.92
1400539348770,-665.94, 104.82, 1.92
1400539348836,-665.82, 104.46, 1.86
1400539348836,-665.94, 104.22, 1.68
1400539348837,-665.88, 104.22, 1.56
1400539348902,-665.64, 103.98, 1.50
1400539348902,-665.46, 103.86, 1.62
1400539348902,-665.46, 103.74, 1.32
1400539348910,-665.58, 103.38, 1.32
1400539348968,-665.58, 103.08, 1.26
1400539348968,-665.88, 103.08, 1.32
1400539348971,-665.58, 102.84, 1.20
1400539349039,-665.64, 102.54, 1.32
1400539349039,-665.76, 102.30, 1.38
1400539349039,-665.58, 101.94, 1.50
1400539349102,-665.40, 101.64, 1.74
1400539349102,-665.16, 101.58, 1.56
1400539349102,-665.40, 101.10, 1.50
1400539349112,-665.16, 100.62, 1.50
1400539349168,-665.22, 100.38, 1.74
1400539349169,-665.10, 100.02, 1.62
1400539349172,-664.92, 99.60, 1.68
1400539349236,-665.04, 99.42, 1.50
1400539349236,-665.34, 99.12, 1.32
1400539349237,-665.40, 98.64, 1.62
1400539349305,-665.16, 98.40, 1.56
1400539349305,-665.10, 97.98, 1.50
1400539349305,-665.34, 97.68, 1.50
1400539349313,-665.46, 97.56, 1.86
1400539349368,-665.52, 97.44, 1.92
1400539349369,-665.52, 97.26, 2.04
1400539349374,-665.34, 97.08, 2.22
1400539349480,-665.34, 97.02, 2.16
1400539349480,-665.22, 96.90, 2.34
1400539349480,-665.34, 97.08, 2.46
1400539349480,-665.22, 96.78, 2.52
1400539349480,-665.04, 96.36, 2.52
1400539349566,-665.04, 96.18, 2.58
1400539349566,-664.98, 96.00, 2.46
1400539349566,-664.74, 95.82, 2.22
1400539349566,-664.74, 95.70, 2.22
1400539349575,-664.98, 95.40, 2.16
1400539349641,-664.74, 95.22, 2.28
1400539349641,-664.50, 95.22, 2.16
1400539349641,-664.44, 95.34, 2.04
1400539349701,-664.14, 95.28, 2.22
1400539349702,-664.14, 95.16, 2.46
1400539349702,-664.44, 95.04, 2.76
1400539349769,-664.56, 94.92, 2.82
1400539349769,-664.32, 94.98, 2.76
1400539349769,-664.56, 94.68, 2.82
1400539349777,-664.80, 94.50, 2.88
1400539349837,-664.98, 94.44, 2.94
1400539349837,-665.34, 94.32, 2.82
1400539349838,-665.40, 94.32, 2.82
1400539349903,-665.04, 94.08, 2.82
1400539349903,-665.04, 93.90, 3.00
1400539349903,-664.80, 93.96, 3.06
1400539349969,-664.98, 94.14, 3.24
1400539349969,-664.80, 94.02, 3.18
1400539349969,-664.68, 93.96, 3.18
1400539349978,-664.62, 93.84, 3.24
1400539350037,-664.50, 93.72, 3.24
1400539350037,-664.74, 93.72, 3.42
1400539350038,-664.74, 93.60, 3.36
1400539350103,-664.86, 93.48, 3.30
1400539350103,-664.62, 93.48, 3.12
1400539350103,-664.56, 93.54, 3.24
1400539350169,-664.56, 93.54, 3.36
1400539350169,-664.50, 93.66, 3.24
1400539350170,-664.50, 93.84, 3.18
1400539350179,-664.50, 93.96, 3.18
1400539350237,-664.68, 94.14, 3.06
1400539350237,-664.74, 94.14, 3.06
1400539350240,-664.92, 94.08, 3.12
1400539350304,-664.98, 94.26, 3.12
1400539350304,-665.04, 94.44, 3.00
1400539350304,-665.04, 94.50, 3.18
1400539350419,-665.04, 94.62, 3.12
1400539350419,-665.10, 94.86, 3.06
1400539350420,-664.86, 95.10, 3.06
1400539350420,-664.98, 95.40, 3.12
1400539350420,-665.10, 95.58, 3.18
1400539350421,-665.16, 95.64, 3.12
1400539350486,-665.28, 95.88, 3.30
1400539350487,-665.34, 96.30, 3.00
1400539350487,-665.52, 96.48, 3.00
1400539350615,-665.64, 96.72, 3.00
1400539350615,-665.70, 96.96, 3.00
1400539350615,-665.52, 97.26, 2.88
1400539350615,-665.40, 97.50, 2.70
1400539350616,-665.46, 97.68, 2.58
1400539350616,-665.28, 97.86, 2.40
1400539350623,-665.40, 97.98, 2.52
1400539350719,-665.28, 98.28, 2.52
1400539350719,-665.16, 98.40, 2.34
1400539350719,-665.28, 98.52, 2.22
1400539350719,-665.34, 98.64, 2.40
1400539350723,-665.46, 98.94, 2.40
1400539350788,-665.52, 99.06, 2.52
1400539350788,-665.76, 99.30, 2.40
1400539350789,-666.00, 99.66, 2.40
1400539350895,-666.00, 99.66, 2.40
1400539350895,-666.00, 99.90, 2.46
1400539350896,-665.94, 100.14, 2.40
1400539350896,-666.06, 100.50, 2.16
1400539350896,-665.88, 100.80, 2.28
1400539350953,-665.88, 101.22, 2.04
1400539350953,-665.70, 101.34, 1.98
1400539350953,-665.40, 101.58, 2.04
1400539350965,-665.52, 102.06, 2.10
1400539351020,-665.70, 102.30, 2.10
1400539351020,-665.82, 102.48, 2.16
1400539351025,-665.82, 102.84, 2.40
1400539351087,-665.82, 103.14, 2.28
1400539351088,-666.06, 103.62, 2.34
1400539351088,-666.24, 103.92, 2.52
1400539351153,-666.24, 104.28, 2.40
1400539351153,-666.30, 104.52, 2.28
1400539351154,-666.36, 104.76, 2.28
1400539351166,-666.36, 105.12, 2.40
1400539351221,-666.54, 105.24, 2.40
1400539351221,-666.78, 105.24, 2.52
1400539351227,-666.60, 105.36, 2.76
1400539351287,-666.60, 105.48, 2.70
1400539351287,-666.72, 105.60, 2.88
1400539351287,-666.84, 105.72, 2.94
1400539351354,-666.90, 106.02, 2.94
1400539351354,-666.96, 106.26, 2.94
1400539351355,-666.90, 106.56, 2.76
1400539351472,-666.90, 106.74, 2.82
1400539351472,-667.08, 106.92, 2.76
1400539351473,-667.02, 107.40, 3.00
1400539351473,-667.14, 107.64, 3.12
1400539351474,-667.02, 107.76, 3.06
1400539351474,-666.90, 108.06, 2.88
1400539351550,-666.72, 108.24, 2.82
1400539351551,-666.84, 108.36, 3.00
1400539351551,-666.54, 108.72, 3.06
1400539351552,-666.48, 109.08, 2.94
1400539351676,-666.48, 109.32, 3.06
1400539351677,-666.30, 109.68, 3.30
1400539351677,-666.48, 109.80, 3.66
1400539351677,-666.48, 109.86, 4.02
1400539351678,-666.66, 110.04, 4.26
1400539351678,0.00, 0.00, 0.00
1400539351768,-667.08, 110.82, 4.74
1400539351768,-667.02, 111.18, 5.10
1400539351768,-667.02, 111.30, 5.10
1400539351768,-667.02, 111.54, 5.16
1400539351771,-666.96, 111.84, 5.16
1400539351860,-667.20, 112.32, 5.34
1400539351860,-667.08, 112.44, 5.52
1400539351860,-666.90, 112.50, 5.82
1400539351860,-666.66, 112.74, 5.94
1400539351922,-666.54, 112.74, 6.00
1400539351922,-666.48, 112.86, 5.94
1400539351922,-666.54, 112.86, 6.00
1400539351932,-666.48, 113.28, 6.24
1400539351988,-666.18, 113.28, 6.30
1400539351988,-666.18, 113.64, 6.24
1400539351992,-666.12, 113.94, 6.00
1400539352102,-666.42, 114.06, 6.18
1400539352103,-666.66, 114.54, 6.24
1400539352103,-666.90, 114.84, 6.48
1400539352103,-666.66, 115.08, 6.48
1400539352103,-666.78, 115.08, 6.48
1400539352113,-666.60, 115.32, 6.66
1400539352170,-666.42, 115.50, 6.90
1400539352170,-666.42, 115.68, 6.96
1400539352173,-666.12, 115.80, 6.90
1400539352261,-665.82, 115.80, 7.20
1400539352261,-665.64, 115.86, 7.26
1400539352261,-665.70, 116.04, 7.50
1400539352261,-665.70, 116.22, 7.62
1400539352324,-665.76, 116.40, 7.50
1400539352324,-665.88, 116.46, 7.56
1400539352324,-665.82, 116.58, 7.56
1400539352335,-666.00, 116.64, 7.74
1400539352389,-665.94, 116.46, 7.62
1400539352389,-666.00, 116.58, 7.74
1400539352395,-666.06, 116.70, 7.80
1400539352457,-666.12, 116.64, 8.04
1400539352457,-666.30, 116.82, 8.16
1400539352457,-666.36, 116.88, 8.10
1400539352523,-666.48, 116.76, 8.40
1400539352523,-666.36, 116.70, 8.70
1400539352523,-666.60, 116.94, 8.82
1400539352617,-666.60, 116.88, 8.76
1400539352617,-666.72, 116.70, 8.76
1400539352617,-666.78, 116.82, 8.88
1400539352617,-666.72, 116.52, 9.00
1400539352618,-666.66, 116.46, 9.18
1400539352688,-666.66, 116.58, 9.18
1400539352688,-666.66, 116.64, 9.12
1400539352688,-666.54, 116.52, 9.12
1400539352697,-666.48, 116.58, 9.00
1400539352755,-666.60, 116.64, 9.06
1400539352755,-666.48, 116.52, 9.06
1400539352758,-666.48, 116.58, 9.12
1400539352823,-666.66, 116.52, 9.18
1400539352824,-666.60, 116.34, 9.12
1400539352824,-666.84, 116.28, 9.06
1400539352929,-666.84, 116.34, 9.06
1400539352929,-666.96, 116.22, 9.18
1400539352930,-666.84, 116.04, 9.18
1400539352930,-666.84, 115.98, 8.94
1400539352931,-666.96, 115.92, 8.94
1400539353028,-666.90, 116.16, 9.00
1400539353028,-666.84, 116.22, 8.94
1400539353028,-666.78, 116.22, 8.94
1400539353028,-666.84, 116.16, 8.94
1400539353028,-666.78, 116.34, 8.82
1400539353090,-666.72, 116.40, 8.70
1400539353091,-666.72, 116.40, 8.70
1400539353092,-666.72, 116.58, 8.58
1400539353107,-666.54, 116.40, 8.40
1400539353161,-666.66, 116.46, 8.46
1400539353161,-666.72, 116.46, 8.46
1400539353161,-666.72, 116.52, 8.58
1400539353267,-666.90, 116.28, 8.70
1400539353267,-666.84, 116.22, 8.52
1400539353268,-666.84, 116.52, 8.52
1400539353268,-666.72, 116.52, 8.46
1400539353268,-666.84, 116.40, 8.46
1400539353281,-666.84, 116.34, 8.40
1400539353338,-666.84, 116.34, 8.46
1400539353338,-666.90, 116.28, 8.40
1400539353342,-666.78, 116.70, 8.34
1400539353440,-666.60, 116.70, 8.58
1400539353440,-666.60, 116.46, 8.52
1400539353440,-666.60, 116.58, 8.58
1400539353440,-666.30, 116.82, 8.76
1400539353443,-666.06, 116.82, 8.76
1400539353505,-665.88, 116.76, 8.70
1400539353506,-665.82, 116.94, 8.58
1400539353506,-665.82, 116.82, 8.76
1400539353575,-665.82, 117.00, 8.76
1400539353575,-665.88, 117.30, 8.94
1400539353576,-666.00, 117.30, 9.06
1400539353584,-666.24, 117.24, 9.12
1400539353642,-666.36, 117.36, 9.12
1400539353643,-666.66, 117.30, 9.00
1400539353644,-666.54, 117.06, 8.94
1400539353706,-666.54, 117.06, 8.82
1400539353706,-666.78, 116.82, 8.82
1400539353707,-666.66, 116.40, 8.52
1400539353815,-666.60, 116.28, 8.52
1400539353815,-666.54, 116.40, 8.34
1400539353816,-666.60, 116.40, 8.34
1400539353816,-666.54, 116.64, 8.52
1400539353816,-666.78, 116.76, 8.64
1400539353874,-666.78, 116.76, 8.58
1400539353874,-666.84, 116.94, 8.64
1400539353874,-666.96, 117.24, 8.70
1400539353886,-667.02, 117.18, 8.64
1400539353967,-667.02, 117.12, 8.82
1400539353967,-667.08, 117.06, 8.64
1400539353967,-666.96, 116.88, 8.58
1400539353968,-666.84, 116.82, 8.52
1400539354022,-666.90, 116.64, 8.58
1400539354022,-666.96, 116.40, 8.46
1400539354027,-666.84, 116.10, 8.52
1400539354089,-666.96, 115.98, 8.58
1400539354089,-667.02, 115.74, 8.34
1400539354089,-667.20, 115.56, 8.46
1400539354156,-667.26, 115.32, 8.28
1400539354156,-667.26, 115.02, 8.16
1400539354156,-667.26, 114.90, 7.98
1400539354168,-667.32, 114.54, 8.16
1400539354223,-667.14, 114.54, 8.04
1400539354224,-667.14, 114.36, 7.92
1400539354228,-667.32, 114.18, 7.92
1400539354290,-667.20, 113.94, 7.86
1400539354290,-667.20, 113.88, 7.86
1400539354290,-667.26, 113.64, 7.74
1400539354358,-667.32, 113.58, 7.56
1400539354359,-667.50, 113.58, 7.26
1400539354359,-667.68, 113.40, 7.20
1400539354370,-667.68, 113.16, 6.96
1400539354425,-667.56, 112.80, 6.66
1400539354425,-667.56, 112.50, 6.54
1400539354430,-667.50, 112.32, 6.36
1400539354491,-667.56, 111.96, 6.18
1400539354491,-667.62, 111.66, 6.00
1400539354491,-667.44, 111.36, 5.76
1400539354558,-667.50, 111.00, 5.46
1400539354558,-667.50, 110.88, 5.46
1400539354558,-667.56, 110.70, 5.52
1400539354625,-667.62, 110.52, 5.22
1400539354625,-667.62, 110.16, 4.86
1400539354625,-667.50, 110.04, 4.68
1400539354632,-667.44, 109.62, 4.68
1400539354691,-667.44, 109.20, 4.56
1400539354691,-667.38, 108.84, 4.44
1400539354692,-667.44, 108.42, 4.32
1400539354757,-667.20, 108.12, 3.96
1400539354758,-667.08, 107.64, 3.84
1400539354758,-667.14, 107.40, 3.96
1400539354866,-667.14, 107.16, 4.08
1400539354867,-667.08, 106.92, 3.78
1400539354867,-666.90, 106.62, 3.54
1400539354867,-666.72, 106.20, 3.30
1400539354868,-666.72, 106.02, 3.12
1400539354924,-666.84, 105.78, 3.12
1400539354924,-666.66, 105.66, 3.00
1400539354924,-666.78, 105.24, 2.82
1400539354933,-666.78, 104.94, 2.64
1400539354991,-666.90, 104.64, 2.58
1400539354992,-667.02, 104.58, 2.76
1400539354994,-667.20, 104.34, 2.88
1400539355058,-667.20, 104.22, 2.94
1400539355059,-667.08, 103.86, 3.00
1400539355059,-667.32, 103.44, 2.94
1400539355166,-667.20, 103.02, 2.88
1400539355167,-667.14, 102.72, 2.88
1400539355167,-666.90, 102.36, 2.88
1400539355167,-666.90, 101.94, 2.70
1400539355167,-666.72, 101.70, 2.58
1400539355222,-666.60, 101.22, 2.52
1400539355223,-666.78, 100.74, 2.34
1400539355223,-666.78, 100.38, 2.52
1400539355236,-666.78, 100.26, 2.46
1400539355290,-666.66, 99.78, 2.40
1400539355291,-666.42, 99.36, 2.46
1400539355296,-666.48, 98.88, 2.52
1400539355398,-666.48, 98.46, 2.40
1400539355398,-666.48, 98.10, 2.22
1400539355398,-666.30, 97.86, 2.40
1400539355398,-666.18, 97.38, 2.40
1400539355398,-666.18, 96.84, 2.46
1400539355463,-666.36, 96.48, 2.58
1400539355463,-666.54, 95.94, 2.58
1400539355463,-666.24, 95.46, 2.70
1400539355522,-666.06, 94.92, 2.70
1400539355522,-666.06, 94.38, 2.94
1400539355522,-665.76, 93.90, 2.94
1400539355600,-665.52, 93.66, 2.88
1400539355600,-665.28, 93.36, 3.00
1400539355600,-664.92, 92.94, 3.06
1400539355600,-664.74, 92.70, 3.36
1400539355687,-664.74, 92.52, 3.24
1400539355687,-664.80, 92.22, 3.48
1400539355687,-664.50, 91.98, 3.48
1400539355687,-664.56, 91.74, 3.78
1400539355699,-664.62, 91.44, 3.90
1400539355811,-664.68, 91.08, 4.08
1400539355811,-664.68, 91.02, 4.26
1400539355811,-664.56, 90.90, 4.20
1400539355811,-664.50, 90.66, 4.44
1400539355811,-664.50, 90.54, 4.68
1400539355819,-664.62, 90.42, 4.86
1400539355872,-664.38, 90.30, 4.92
1400539355872,-664.38, 90.06, 5.16
1400539355880,-664.32, 90.00, 5.22
1400539355939,-664.20, 89.58, 5.16
1400539355940,-664.14, 89.22, 5.28
1400539355940,-664.08, 88.86, 5.46
1400539356011,-663.72, 88.56, 5.58
1400539356011,-663.60, 88.08, 5.64
1400539356012,-663.54, 87.78, 5.70
1400539356081,-663.48, 87.42, 5.76
1400539356082,-663.30, 87.24, 5.88
1400539356082,-663.30, 87.24, 6.30
1400539356082,-663.24, 87.00, 6.54
1400539356146,-663.30, 87.06, 6.54
1400539356146,-663.36, 86.88, 6.66
1400539356147,-663.60, 86.94, 6.60
1400539356209,-663.48, 86.82, 6.66
1400539356210,-663.42, 86.70, 6.72
1400539356210,-663.48, 86.46, 6.96
1400539356316,-663.54, 86.22, 7.14
1400539356316,-663.48, 86.22, 7.08
1400539356316,-663.42, 85.98, 7.26
1400539356316,-663.48, 85.92, 7.14
1400539356316,-663.24, 85.68, 7.20
1400539356374,-663.48, 85.50, 7.32
1400539356374,-663.36, 85.38, 7.50
1400539356374,-663.24, 85.38, 7.50
1400539356383,-663.12, 85.32, 7.08
1400539356503,-663.18, 85.14, 7.02
1400539356503,-663.06, 85.02, 6.84
1400539356504,-663.06, 85.02, 7.08
1400539356504,-663.06, 85.02, 7.44
1400539356504,-662.94, 85.08, 7.50
1400539356504,-663.12, 85.20, 7.50
1400539356558,-663.30, 84.84, 7.56
1400539356558,-663.30, 84.84, 7.98
1400539356565,-663.12, 84.96, 8.04
1400539356656,-663.36, 85.14, 8.34
1400539356656,-663.30, 84.90, 8.10
1400539356656,-663.42, 85.02, 7.98
1400539356657,-663.30, 84.84, 7.86
1400539356666,-663.24, 84.66, 7.92
1400539356764,-663.18, 85.02, 8.10
1400539356764,-663.18, 85.08, 7.92
1400539356764,-663.30, 85.08, 7.98
1400539356765,-663.00, 85.20, 7.86
1400539356766,-663.06, 85.56, 8.04
1400539356825,-662.82, 85.32, 7.80
1400539356826,-662.82, 85.62, 7.74
1400539356827,-662.76, 85.80, 7.62
1400539356894,-662.70, 85.86, 7.32
1400539356894,-662.94, 85.80, 7.26
1400539356894,-662.88, 85.86, 6.96
1400539357013,-663.18, 85.68, 6.96
1400539357013,-663.18, 85.56, 7.02
1400539357013,-663.24, 85.80, 7.08
1400539357013,-663.42, 85.68, 6.90
1400539357013,-663.42, 85.98, 6.84
1400539357014,-663.48, 86.04, 6.84
1400539357109,-663.30, 86.16, 6.66
1400539357109,-663.42, 86.28, 6.84
1400539357109,-663.18, 86.52, 6.78
1400539357110,-663.18, 86.76, 6.54
1400539357110,-663.06, 86.94, 6.48
1400539357174,-663.12, 87.18, 6.30
1400539357174,-663.36, 87.42, 6.12
1400539357174,-663.42, 87.42, 6.06
1400539357289,-663.66, 87.60, 6.06
1400539357290,-663.72, 87.72, 5.82
1400539357290,-663.96, 87.72, 5.76
1400539357290,-663.90, 87.66, 5.58
1400539357290,-664.20, 87.72, 5.46
1400539357290,-664.20, 87.84, 5.58
1400539357357,-664.08, 87.78, 5.52
1400539357357,-664.26, 88.38, 5.52
1400539357358,-664.26, 88.56, 5.58
1400539357371,-664.32, 88.68, 5.64
1400539357460,-664.62, 89.16, 5.40
1400539357460,-664.86, 89.70, 5.46
1400539357460,-664.86, 90.12, 5.46
1400539357460,-665.04, 90.42, 5.52
1400539357471,-665.34, 90.84, 5.46
1400539357528,-665.22, 90.78, 5.40
1400539357529,-665.40, 91.20, 5.16
1400539357532,-665.46, 91.74, 4.98
1400539357659,-665.64, 92.10, 4.98
1400539357659,-665.58, 92.28, 4.92
1400539357659,-665.82, 92.58, 4.86
1400539357660,-665.94, 92.94, 4.74
1400539357660,-665.88, 93.18, 4.74
1400539357660,-666.24, 93.72, 4.50
1400539357674,-666.30, 94.02, 4.38
1400539357763,-666.54, 94.32, 4.38
1400539357763,-666.42, 94.62, 4.38
1400539357763,-666.54, 95.10, 4.20
1400539357763,-666.54, 95.58, 4.08
1400539357850,-666.54, 95.88, 3.96
1400539357850,-666.42, 96.24, 3.84
1400539357851,-666.24, 96.36, 3.90
1400539357851,-666.42, 96.78, 3.96
1400539357854,-666.30, 97.26, 3.84
1400539357910,-666.18, 97.80, 3.78
1400539357911,-666.48, 98.16, 3.96
1400539357915,-666.54, 98.64, 3.90
1400539357977,-666.66, 99.06, 3.72
1400539357977,-666.84, 99.54, 3.90
1400539357977,-667.02, 100.08, 3.72
1400539358044,-666.96, 100.74, 3.36
1400539358044,-667.02, 101.04, 3.42
1400539358044,-667.32, 101.40, 3.30
1400539358056,-667.08, 101.70, 3.12
1400539358110,-667.20, 102.00, 3.30
1400539358111,-667.38, 102.30, 3.48
1400539358121,-667.56, 102.66, 3.48
1400539358178,-667.62, 102.90, 3.72
1400539358178,-667.68, 103.32, 4.14
1400539358179,-667.62, 103.80, 4.26
1400539358304,-667.74, 104.28, 4.26
1400539358305,-667.92, 104.70, 4.44
1400539358305,-667.92, 105.18, 4.44
1400539358305,-667.68, 105.66, 4.38
1400539358305,-667.56, 106.08, 4.32
1400539358305,-667.50, 106.74, 4.20
1400539358358,-667.38, 107.10, 4.14
1400539358359,-667.38, 107.64, 4.14
1400539358359,-667.20, 107.94, 4.32
1400539358427,-667.08, 108.36, 4.32
1400539358427,-667.26, 108.72, 4.44
1400539358427,-667.32, 109.02, 4.50
1400539358438,-667.44, 109.38, 4.80
1400539358494,-667.44, 109.68, 5.04
1400539358495,-667.56, 109.92, 5.16
1400539358499,-667.74, 110.16, 5.16
1400539358561,-667.62, 110.46, 5.10
1400539358561,-667.62, 110.64, 5.28
1400539358561,-667.32, 110.82, 5.34
1400539358668,-667.38, 111.24, 5.46
1400539358668,-667.20, 111.48, 5.34
1400539358668,-667.20, 111.90, 5.40
1400539358668,-667.14, 112.20, 5.58
1400539358668,-667.02, 112.38, 5.94
1400539358728,-667.20, 112.50, 6.30
1400539358728,-667.20, 112.86, 6.54
1400539358728,-667.38, 113.22, 6.84
1400539358740,-667.50, 113.40, 6.96
1400539358796,-667.44, 113.46, 7.20
1400539358796,-667.62, 113.52, 7.38
1400539358801,-667.50, 113.64, 7.56
1400539358863,-667.68, 113.88, 7.62
1400539358863,-667.62, 114.12, 7.74
1400539358863,-667.68, 114.06, 7.92
1400539358968,-667.62, 114.18, 7.86
1400539358968,-667.50, 114.54, 8.34
1400539358968,-667.56, 115.14, 8.64
1400539358968,-667.44, 115.32, 8.76
1400539358968,-667.68, 115.44, 8.88
1400539359044,-667.50, 115.62, 9.12
1400539359044,-667.68, 115.92, 9.12
1400539359044,-667.62, 116.46, 9.12
1400539359045,-667.68, 116.82, 9.24
1400539359127,-667.74, 116.94, 9.06
1400539359127,-667.74, 116.94, 9.18
1400539359127,-667.74, 117.24, 9.36
1400539359128,-667.56, 117.54, 9.54
1400539359208,-667.68, 117.48, 9.78
1400539359209,-667.56, 117.72, 10.02
1400539359209,-667.56, 117.72, 10.38
1400539359210,-667.44, 117.96, 10.68
1400539359224,-667.38, 118.02, 11.04
1400539359314,-667.38, 118.32, 11.22
1400539359315,-667.32, 118.38, 11.46
1400539359315,-667.44, 118.50, 11.40
1400539359315,-667.44, 118.68, 11.46
1400539359325,-667.38, 118.62, 11.52
1400539359379,-667.44, 118.62, 11.64
1400539359379,-667.68, 118.62, 11.82
1400539359385,-667.68, 118.92, 12.06
1400539359446,-667.74, 118.86, 12.18
1400539359446,-668.04, 118.92, 12.24
1400539359446,-667.98, 118.98, 12.78
1400539359513,-668.10, 119.28, 13.08
1400539359513,-668.04, 119.40, 13.32
1400539359513,-668.10, 119.64, 13.44
1400539359580,-668.10, 119.94, 13.32
1400539359580,-668.22, 119.88, 13.44
1400539359580,-668.28, 120.06, 13.38
1400539359586,-668.22, 120.12, 13.80
1400539359650,-668.40, 120.12, 13.68
1400539359650,-668.34, 120.00, 13.56
1400539359651,-668.64, 119.94, 13.56
1400539359761,-668.82, 119.82, 13.56
1400539359761,-668.70, 119.58, 13.80
1400539359762,-668.70, 119.52, 13.80
1400539359762,-668.58, 119.46, 13.98
1400539359762,-668.58, 119.46, 13.86
1400539359767,-668.40, 119.70, 13.86
1400539359833,-668.22, 119.94, 14.10
1400539359833,-668.10, 119.94, 14.28
1400539359834,-668.16, 120.12, 14.40
1400539359895,-668.28, 120.36, 14.52
1400539359895,-668.28, 120.36, 14.46
1400539359896,-668.22, 120.36, 14.58
1400539359909,-668.34, 120.60, 14.58
1400539360012,-668.46, 120.66, 14.52
1400539360012,-668.58, 120.36, 14.34
1400539360012,-668.70, 120.48, 14.28
1400539360013,-668.40, 120.42, 14.34
1400539360013,-668.16, 120.48, 14.22
1400539360112,-668.22, 120.54, 14.40
1400539360112,-668.46, 120.36, 14.40
1400539360112,-668.52, 120.36, 14.52
1400539360112,-668.58, 120.24, 14.70
1400539360112,-668.64, 120.30, 14.94
1400539360177,-668.70, 120.12, 14.88
1400539360177,-668.70, 120.18, 14.94
1400539360177,-668.70, 120.06, 14.94
1400539360192,-668.70, 119.94, 14.76
1400539360305,-668.58, 120.06, 14.58
1400539360305,-668.40, 119.94, 14.40
1400539360306,-668.40, 119.94, 14.34
1400539360306,-668.22, 120.12, 14.28
1400539360306,-668.04, 120.30, 14.34
1400539360361,-667.98, 120.24, 14.22
1400539360362,-668.22, 120.12, 14.28
1400539360362,-668.16, 120.18, 14.34
1400539360372,-668.22, 120.24, 14.46
1400539360472,-668.22, 120.36, 14.52
1400539360472,-668.22, 120.30, 14.46
1400539360472,-668.40, 120.30, 14.34
1400539360472,-668.70, 120.30, 14.22
1400539360473,-668.64, 120.36, 14.22
1400539360564,-668.46, 120.48, 14.28
1400539360564,-668.46, 120.72, 14.10
1400539360564,-668.52, 120.60, 14.04
1400539360564,-668.46, 120.60, 13.98
1400539360573,-668.34, 120.78, 14.04
1400539360630,-668.22, 120.78, 14.16
1400539360631,-668.04, 120.96, 14.04
1400539360634,-668.22, 120.90, 14.04
1400539360695,-668.28, 120.96, 13.92
1400539360695,-668.34, 120.84, 13.86
1400539360695,-668.22, 120.72, 13.98
1400539360763,-668.28, 120.66, 13.62
1400539360763,-668.58, 120.24, 13.50
1400539360763,-668.52, 120.06, 13.32
1400539360775,-668.52, 119.70, 13.26
1400539360869,-668.40, 119.70, 13.14
1400539360869,-668.46, 119.52, 13.20
1400539360869,-668.28, 119.40, 13.20
1400539360869,-668.34, 119.52, 12.90
1400539360876,-668.28, 119.40, 13.02
1400539360929,-667.98, 119.34, 13.02
1400539360929,-667.98, 119.16, 12.90
1400539360936,-667.98, 118.98, 12.78
1400539360996,-667.92, 118.74, 12.60
1400539360997,-667.98, 118.56, 12.36
1400539360997,-667.86, 118.32, 12.18
1400539361063,-667.92, 118.08, 12.06
1400539361063,-668.04, 117.96, 11.76
1400539361063,-668.04, 117.90, 11.40
1400539361130,-668.04, 117.90, 11.28
1400539361130,-667.80, 117.72, 11.28
1400539361130,-668.04, 117.78, 11.28
1400539361138,-667.98, 117.48, 10.98
1400539361199,-668.16, 117.30, 10.68
1400539361199,-668.04, 117.06, 10.68
1400539361200,-667.92, 116.82, 10.44
1400539361314,-668.04, 116.82, 10.44
1400539361314,-668.10, 116.58, 10.20
1400539361315,-668.16, 116.58, 9.84
1400539361315,-667.98, 116.40, 9.54
1400539361315,-667.74, 116.10, 9.54
1400539361319,-667.62, 115.98, 9.54
1400539361379,-667.56, 115.92, 9.30
1400539361379,-667.56, 115.80, 9.18
1400539361379,-667.44, 115.50, 8.88
1400539361446,-667.44, 115.32, 8.64
1400539361446,-667.50, 115.02, 8.52
1400539361446,-667.38, 114.72, 8.34
1400539361460,-667.62, 114.66, 8.16
1400539361515,-667.68, 114.42, 8.10
1400539361515,-667.68, 114.12, 7.92
1400539361520,-667.74, 113.88, 7.80
1400539361583,-667.74, 113.88, 7.86
1400539361583,-667.86, 113.70, 7.86
1400539361583,-668.04, 113.64, 7.74
1400539361653,-668.04, 113.40, 7.74
1400539361653,-667.86, 113.34, 7.68
1400539361653,-667.86, 113.22, 7.56
1400539361715,-667.98, 112.98, 7.50
1400539361715,-667.80, 112.92, 7.44
1400539361715,-667.92, 112.68, 7.38
1400539361722,-667.80, 112.32, 7.02
1400539361818,-667.62, 112.26, 6.78
1400539361818,-667.62, 112.14, 6.42
1400539361818,-667.62, 111.84, 6.12
1400539361819,-667.68, 111.96, 5.88
1400539361822,-667.44, 111.78, 5.76
1400539361881,-667.74, 111.42, 5.40
1400539361881,-667.62, 111.30, 5.10
1400539361883,-667.62, 111.00, 4.98
1400539361949,-667.56, 110.76, 4.74
1400539361949,-667.50, 110.64, 4.62
1400539361949,-667.44, 110.40, 4.56
1400539362016,-667.44, 109.98, 4.38
1400539362016,-667.44, 109.98, 4.32
1400539362017,-667.14, 109.80, 4.20
1400539362024,-667.14, 109.50, 4.14
1400539362082,-667.14, 109.62, 4.32
1400539362082,-667.14, 109.44, 4.50
1400539362084,-667.20, 109.08, 4.74
1400539362149,-667.26, 108.84, 4.50
1400539362150,-667.20, 108.42, 4.32
1400539362150,-667.14, 107.88, 4.20
1400539362272,-667.26, 107.58, 4.14
1400539362272,-667.20, 107.34, 3.78
1400539362272,-667.08, 107.04, 3.42
1400539362272,-666.96, 106.50, 3.30
1400539362272,-666.90, 106.32, 3.06
1400539362272,-666.90, 106.14, 2.94
1400539362332,-666.90, 106.08, 2.82
1400539362333,-666.72, 105.90, 2.88
1400539362333,-666.78, 105.72, 2.64
1400539362421,-666.60, 105.36, 2.58
1400539362422,-666.54, 104.82, 2.52
1400539362422,-666.42, 104.64, 2.22
1400539362422,-666.18, 104.28, 1.98
1400539362427,-666.06, 103.92, 2.04
1400539362483,-665.82, 103.62, 1.92
1400539362483,-665.94, 103.32, 1.62
1400539362487,-665.70, 102.96, 1.56
1400539362551,-665.58, 102.78, 1.68
1400539362551,-665.34, 102.72, 1.50
1400539362551,-665.40, 102.36, 1.56
1400539362617,-665.34, 102.12, 1.50
1400539362617,-665.16, 101.82, 1.38
1400539362618,-665.16, 101.76, 1.32
1400539362629,-664.98, 101.40, 1.56
1400539362683,-664.86, 101.16, 1.62
1400539362684,-664.98, 100.74, 1.38
1400539362689,-665.16, 100.38, 1.80
1400539362749,-665.04, 100.14, 1.68
1400539362749,-664.92, 99.90, 1.62
1400539362749,-664.86, 99.96, 1.62
1400539362816,-664.74, 99.54, 1.56
1400539362816,-664.62, 99.36, 1.62
1400539362816,-664.68, 99.06, 1.56
1400539362883,-664.56, 98.88, 1.62
1400539362883,-664.68, 98.52, 1.44
1400539362883,-664.62, 98.28, 1.44
1400539362890,-664.80, 98.10, 1.74
1400539362949,-664.80, 97.32, 1.92
1400539362950,-664.86, 96.96, 1.92
1400539362950,-664.80, 96.66, 1.68
1400539363063,-664.68, 96.42, 1.80
1400539363063,-664.56, 96.12, 1.86
1400539363063,-664.32, 95.82, 1.86
1400539363064,-664.32, 95.46, 1.92
1400539363064,-664.14, 95.10, 1.74
1400539363071,-664.08, 95.04, 1.68
1400539363133,-664.02, 95.04, 1.74
1400539363133,-663.84, 95.04, 1.92
1400539363134,-663.78, 94.74, 1.62
1400539363199,-663.72, 94.50, 1.74
1400539363200,-663.54, 94.50, 1.92
1400539363200,-663.48, 94.56, 1.86
1400539363318,-663.36, 94.32, 1.92
1400539363318,-663.24, 94.14, 2.04
1400539363318,-663.12, 93.96, 2.10
1400539363318,-663.24, 93.48, 2.28
1400539363319,-663.12, 93.36, 2.58
1400539363319,-663.06, 93.12, 2.64
1400539363387,-663.06, 92.76, 2.58
1400539363387,-662.82, 92.58, 2.94
1400539363388,-662.88, 92.46, 3.00
1400539363394,-662.82, 92.10, 3.12
1400539363508,-662.88, 91.92, 3.24
1400539363508,-662.58, 91.80, 3.12
1400539363508,-662.70, 91.62, 3.18
1400539363508,-662.52, 91.68, 3.18
1400539363508,-662.52, 91.56, 3.18
1400539363565,-662.64, 91.26, 3.06
1400539363565,-662.58, 90.96, 3.36
1400539363565,-662.46, 91.14, 3.24
1400539363575,-662.34, 90.84, 3.18
1400539363668,-662.46, 90.78, 3.18
1400539363668,-662.22, 90.78, 3.12
1400539363669,-662.28, 90.72, 3.12
1400539363669,-662.40, 90.54, 3.30
1400539363676,-662.28, 90.54, 3.42
1400539363734,-662.28, 90.72, 3.30
1400539363734,-662.28, 90.60, 3.30
1400539363736,-662.34, 90.78, 3.48
1400539363801,-662.40, 90.72, 3.54
1400539363801,-662.52, 90.72, 3.36
1400539363801,-662.52, 90.66, 3.36
1400539363867,-662.34, 90.96, 3.30
1400539363867,-662.28, 90.84, 3.18
1400539363867,-662.22, 90.96, 2.94
1400539363877,-662.40, 90.78, 3.00
1400539363934,-662.34, 90.72, 2.88
1400539363934,-662.28, 90.72, 2.76
1400539363937,-662.04, 90.78, 3.06
1400539364001,-662.04, 90.90, 3.18
1400539364001,-661.98, 90.66, 3.18
1400539364001,-661.80, 90.78, 3.24
1400539364067,-661.80, 90.84, 3.24
1400539364067,-661.56, 91.02, 3.24
1400539364067,-661.56, 90.96, 3.12
1400539364078,-661.44, 91.02, 2.94
1400539364134,-661.56, 91.02, 2.88
1400539364134,-661.56, 90.84, 2.76
1400539364139,-661.80, 91.02, 2.88
1400539364201,-661.98, 91.26, 2.88
1400539364201,-661.98, 91.08, 3.06
1400539364201,-661.98, 91.08, 3.00
1400539364267,-662.04, 91.08, 3.18
1400539364268,-662.22, 91.02, 3.42
1400539364268,-662.28, 91.08, 3.30
1400539364280,-662.28, 91.08, 3.18
1400539364334,-662.22, 91.14, 3.06
1400539364334,-662.34, 91.08, 3.12
1400539364340,-662.40, 91.32, 3.00
1400539364403,-662.46, 91.68, 2.88
1400539364404,-662.52, 91.80, 2.88
1400539364404,-662.52, 91.98, 2.70
1400539364468,-662.52, 92.34, 2.70
1400539364469,-662.52, 92.58, 2.64
1400539364469,-662.34, 92.52, 2.58
1400539364535,-662.46, 92.64, 2.58
1400539364535,-662.40, 92.64, 2.52
1400539364535,-662.34, 92.58, 2.52
1400539364542,-662.16, 92.70, 2.58
1400539364604,-662.28, 93.00, 2.70
1400539364604,-662.46, 92.94, 2.82
1400539364604,-662.64, 93.12, 2.88
1400539364713,-662.82, 93.30, 2.88
1400539364713,-662.64, 93.54, 2.70
1400539364714,-662.82, 93.66, 2.64
1400539364714,-662.88, 93.96, 2.40
1400539364714,-663.06, 94.08, 2.46
1400539364723,-663.18, 94.02, 2.40
1400539364784,-663.18, 94.02, 2.34
1400539364784,-663.18, 94.02, 2.22
1400539364784,-663.42, 94.20, 2.10
1400539364850,-663.60, 94.26, 2.16
1400539364850,-663.78, 94.38, 2.28
1400539364851,-663.84, 94.38, 2.34
1400539364864,-663.78, 94.62, 2.22
1400539364919,-663.84, 94.86, 1.98
1400539364919,-663.96, 95.04, 1.92
1400539364925,-663.90, 95.28, 1.92
1400539364984,-663.90, 95.52, 1.92
1400539364984,-664.02, 95.76, 1.98
1400539364985,-664.02, 95.94, 1.92
1400539365052,-664.20, 96.12, 2.04
1400539365052,-664.26, 96.18, 1.92
1400539365052,-664.38, 96.42, 2.04
1400539365118,-664.44, 96.96, 2.04
1400539365119,-664.38, 97.14, 1.98
1400539365119,-664.38, 97.32, 2.16
1400539365126,-664.44, 97.50, 1.98
1400539365185,-664.50, 97.80, 1.74
1400539365185,-664.56, 98.04, 1.56
1400539365187,-664.68, 98.28, 1.62
1400539365251,-664.86, 98.28, 1.62
1400539365252,-664.68, 98.28, 1.50
1400539365252,-664.92, 98.58, 1.56
1400539365318,-664.98, 98.88, 1.68
1400539365318,-665.16, 99.24, 1.68
1400539365318,-665.34, 99.42, 1.80
1400539365327,-665.46, 99.66, 2.04
1400539365386,-665.58, 100.02, 1.98
1400539365387,-665.58, 100.44, 2.10
1400539365388,-665.88, 100.80, 2.16
1400539365453,-665.88, 100.98, 2.22
1400539365453,-666.00, 101.22, 2.04
1400539365453,-666.12, 101.46, 1.98
1400539365551,-666.12, 101.88, 2.22
1400539365552,-666.12, 102.36, 2.10
1400539365552,-666.12, 102.60, 2.22
1400539365552,-666.24, 103.02, 2.40
1400539365552,-666.12, 103.32, 2.52
1400539365646,-666.24, 103.68, 2.52
1400539365646,-666.48, 103.92, 2.58
1400539365646,-666.30, 104.40, 2.88
1400539365646,-666.42, 104.70, 3.06
1400539365719,-666.48, 104.82, 3.24
1400539365719,-666.66, 105.24, 3.30
1400539365719,-666.48, 105.48, 3.18
1400539365719,-666.72, 105.84, 3.30
1400539365730,-666.66, 106.26, 3.18
1400539365786,-666.48, 106.68, 3.24
1400539365786,-666.60, 106.98, 3.24
1400539365791,-666.66, 107.22, 3.12
1400539365853,-666.78, 107.46, 3.12
1400539365853,-666.78, 107.70, 3.36
1400539365853,-667.02, 108.12, 3.48
1400539365920,-666.96, 108.48, 3.42
1400539365921,-667.08, 108.72, 3.78
1400539365921,-667.20, 109.02, 4.02
1400539365932,-667.20, 109.14, 4.20
1400539366016,-667.14, 109.56, 4.44
1400539366017,-667.20, 110.04, 4.68
1400539366017,-667.14, 110.52, 4.80
1400539366017,-666.96, 110.70, 4.98
1400539366086,-667.08, 110.88, 5.22
1400539366086,-667.26, 111.18, 5.52
1400539366086,-667.32, 111.84, 5.82
1400539366093,-667.32, 112.20, 5.82
1400539366152,-667.20, 112.32, 6.06
1400539366153,-667.38, 112.44, 6.12
1400539366153,-667.44, 112.50, 6.42
1400539366226,-667.68, 112.80, 6.42
1400539366227,-667.74, 112.92, 6.48
1400539366227,-667.38, 112.98, 6.48
1400539366286,-667.38, 112.80, 6.36
1400539366287,-667.62, 112.98, 6.66
1400539366287,-667.80, 113.34, 6.60
1400539366294,-667.74, 113.40, 6.72
1400539366353,-667.92, 113.52, 6.78
1400539366354,-667.86, 113.58, 7.02
1400539366355,-667.98, 113.94, 7.26
1400539366464,-668.10, 114.24, 7.56
1400539366465,-668.10, 114.36, 7.74
1400539366465,-668.04, 114.42, 8.04
1400539366465,-667.74, 114.48, 8.10
1400539366465,-667.56, 114.72, 8.16
1400539366476,-667.44, 115.02, 8.22
1400539366569,-667.32, 115.38, 8.34
1400539366569,-667.32, 115.50, 8.52
1400539366569,-667.38, 115.68, 8.64
1400539366569,-667.44, 116.10, 9.00
1400539366576,-667.32, 116.28, 8.94
1400539366659,-667.50, 116.22, 9.18
1400539366659,-667.56, 116.46, 9.48
1400539366659,-667.62, 116.52, 9.72
1400539366659,-667.68, 116.64, 9.90
1400539366720,-667.62, 116.82, 9.72
1400539366720,-667.68, 116.88, 9.84
1400539366720,-667.50, 116.88, 9.78
1400539366787,-667.44, 117.12, 10.08
1400539366787,-667.50, 117.54, 10.14
1400539366787,-667.68, 117.54, 10.14
1400539366798,-667.56, 117.78, 10.20
1400539366854,-667.56, 117.78, 10.50
1400539366854,-667.80, 117.90, 10.68
1400539366858,-667.80, 118.26, 10.92
1400539366920,-667.98, 118.44, 11.04
1400539366921,-668.22, 118.32, 10.98
1400539366921,-668.16, 118.26, 11.10
1400539366987,-668.10, 118.56, 11.28
1400539366987,-668.16, 118.38, 11.52
1400539366988,-668.16, 118.56, 11.58
1400539366999,-667.92, 118.56, 11.76
1400539367054,-667.92, 118.50, 11.70
1400539367054,-667.86, 118.56, 11.58
1400539367060,-667.74, 118.68, 11.64
1400539367121,-667.74, 118.92, 11.76
1400539367121,-667.86, 118.98, 11.88
1400539367121,-667.92, 119.22, 11.88
1400539367187,-667.98, 119.16, 11.88
1400539367187,-668.10, 119.22, 12.24
1400539367187,-668.10, 119.34, 12.30
1400539367254,-668.22, 119.34, 12.60
1400539367254,-668.04, 119.58, 12.90
1400539367254,-668.28, 119.58, 13.02
1400539367261,-668.16, 119.58, 13.20
1400539367321,-668.22, 119.52, 13.26
1400539367321,-668.16, 119.46, 13.44
1400539367322,-668.16, 119.58, 13.38
1400539367389,-668.28, 119.52, 13.62
1400539367389,-668.28, 119.58, 13.74
1400539367389,-668.40, 119.52, 13.92
1400539367455,-668.40, 119.46, 14.16
1400539367456,-668.46, 119.58, 14.16
1400539367456,-668.52, 119.82, 14.34
1400539367463,-668.64, 119.94, 14.10
1400539367524,-668.76, 119.88, 13.98
1400539367524,-668.64, 119.82, 14.04
1400539367524,-668.70, 119.76, 13.86
1400539367617,-668.76, 119.88, 13.68
1400539367617,-668.88, 120.00, 13.56
1400539367618,-669.00, 119.94, 13.56
1400539367618,-669.00, 119.76, 13.50
1400539367624,-668.94, 119.82, 13.74
1400539367688,-668.94, 119.88, 13.80
1400539367688,-668.94, 119.82, 13.56
1400539367689,-668.76, 119.88, 13.80
1400539367754,-668.76, 119.64, 14.04
1400539367755,-668.58, 119.58, 14.16
1400539367755,-668.52, 119.52, 14.22
1400539367765,-668.52, 119.58, 14.28
1400539367821,-668.76, 119.58, 14.46
1400539367821,-668.82, 119.52, 14.58
1400539367825,-668.94, 119.58, 14.88
1400539367888,-669.06, 119.40, 14.64
1400539367889,-669.18, 119.64, 14.52
1400539367889,-669.24, 119.40, 14.40
1400539368015,-669.12, 119.64, 14.28
1400539368016,-669.12, 119.64, 14.22
1400539368016,-669.00, 119.58, 14.10
1400539368016,-669.00, 119.52, 13.92
1400539368016,-668.94, 119.34, 13.62
1400539368016,-669.06, 119.40, 13.56
1400539368026,-668.88, 119.22, 13.68
1400539368120,-668.88, 119.40, 13.56
1400539368120,-668.76, 119.16, 13.38
1400539368120,-668.58, 119.10, 13.32
1400539368121,-668.58, 119.22, 13.14
1400539368127,-668.46, 119.04, 13.20
1400539368187,-668.40, 118.98, 13.32
1400539368187,-668.34, 118.80, 13.20
1400539368188,-668.34, 118.74, 13.02
1400539368254,-668.40, 118.62, 12.96
1400539368254,-668.40, 118.56, 12.90
1400539368254,-668.58, 118.44, 12.72
1400539368322,-668.58, 118.26, 12.78
1400539368322,-668.70, 118.26, 12.48
1400539368322,-668.76, 118.26, 12.18
1400539368329,-668.64, 118.14, 12.00
1400539368390,-668.64, 117.96, 11.76
1400539368390,-668.64, 117.60, 11.58
1400539368390,-668.82, 117.54, 11.22
1400539368456,-668.76, 117.12, 11.16
1400539368456,-668.64, 116.64, 10.80
1400539368456,-668.46, 116.52, 10.68
1400539368521,-668.40, 116.28, 10.44
1400539368522,-668.52, 116.34, 10.38
1400539368522,-668.34, 116.22, 10.08
1400539368530,-668.16, 116.10, 9.96
1400539368589,-667.98, 115.50, 9.66
1400539368590,-667.80, 115.44, 9.36
1400539368591,-667.98, 115.38, 9.12
1400539368707,-667.98, 114.90, 8.82
1400539368707,-667.98, 114.54, 8.70
1400539368707,-667.92, 114.12, 8.22
1400539368707,-667.86, 113.94, 8.16
1400539368707,-667.92, 113.52, 7.74
1400539368711,-667.80, 113.46, 7.74
1400539368770,-667.74, 112.92, 7.50
1400539368770,-667.68, 112.44, 7.20
1400539368772,-667.56, 111.84, 6.72
1400539368867,-667.38, 111.48, 6.30
1400539368867,-667.32, 110.88, 6.00
1400539368867,-667.38, 110.22, 5.52
1400539368867,-667.26, 109.74, 5.34
1400539368872,-667.50, 109.08, 4.98
1400539368937,-667.74, 108.54, 4.74
1400539368937,-667.68, 107.88, 4.44
1400539368937,-667.74, 107.52, 4.38
1400539369020,-667.74, 107.10, 4.08
1400539369020,-667.38, 106.74, 4.02
1400539369020,-667.20, 106.14, 4.02
1400539369020,-667.14, 105.42, 3.78
1400539369034,-666.84, 104.94, 3.48
1400539369109,-666.48, 104.46, 3.18
1400539369109,-666.24, 104.10, 3.00
1400539369109,-666.00, 103.80, 2.76
1400539369114,-665.76, 103.14, 2.58
1400539369171,-666.00, 102.54, 2.40
1400539369171,-665.94, 102.12, 2.04
1400539369175,-665.88, 101.82, 1.80
1400539369239,-665.88, 101.46, 1.80
1400539369239,-665.82, 100.98, 1.68
1400539369239,-665.82, 100.56, 1.68
1400539369306,-665.58, 100.02, 1.56
1400539369307,-665.64, 99.54, 1.74
1400539369307,-665.22, 99.18, 1.68
1400539369316,-664.86, 98.46, 1.68
1400539369372,-664.80, 98.16, 1.68
1400539369376,-664.56, 97.74, 1.68
1400539369376,-664.26, 97.32, 1.80
1400539369443,-663.84, 96.54, 1.74
1400539369443,-663.90, 96.00, 1.80
1400539369444,-663.54, 95.76, 1.56
1400539369506,-663.60, 95.28, 1.62
1400539369506,-663.54, 95.04, 1.74
1400539369507,-663.42, 94.38, 1.86
1400539369517,-663.18, 93.90, 1.80
1400539369572,-663.18, 93.54, 1.56
1400539369573,-663.12, 93.48, 1.62
1400539369578,-663.06, 93.18, 1.80
1400539369638,-663.06, 92.76, 1.86
1400539369639,-662.94, 92.46, 1.74
1400539369639,-663.06, 92.04, 1.80
1400539369705,-662.82, 91.98, 1.68
1400539369705,-662.82, 91.74, 1.68
1400539369705,-662.58, 91.62, 1.98
1400539369772,-662.46, 91.14, 2.16
1400539369772,-662.34, 90.90, 2.10
1400539369772,-662.10, 90.54, 2.22
1400539369779,-661.98, 90.18, 2.46
1400539369839,-661.80, 90.00, 2.64
1400539369840,-661.68, 89.58, 2.88
1400539369840,-661.50, 89.28, 3.00
1400539369906,-661.32, 88.92, 2.94
1400539369906,-661.14, 88.74, 3.18
1400539369907,-660.96, 88.50, 3.48
1400539370015,-660.72, 88.20, 3.66
1400539370015,-660.54, 87.96, 3.60
1400539370016,-660.36, 87.60, 3.60
1400539370016,-660.24, 87.48, 3.60
1400539370016,-660.12, 87.24, 3.84
1400539370073,-660.00, 86.82, 3.84
1400539370073,-659.88, 86.64, 3.84
1400539370073,-659.76, 86.34, 3.84
1400539370081,-659.94, 86.22, 3.96
1400539370140,-659.70, 86.16, 4.20
1400539370140,-659.58, 85.92, 4.26
1400539370142,-659.34, 85.74, 4.38
1400539370206,-659.34, 85.32, 4.26
1400539370206,-659.28, 85.44, 4.38
1400539370207,-659.22, 85.26, 4.50
1400539370273,-659.28, 85.26, 4.44
1400539370273,-658.98, 85.20, 4.50
1400539370273,-659.10, 85.26, 4.56
1400539370283,-659.10, 85.44, 4.68
1400539370340,-659.22, 85.26, 4.74
1400539370340,-659.28, 85.32, 4.86
1400539370343,-659.28, 85.38, 4.98
1400539370407,-659.40, 85.44, 4.98
1400539370407,-659.40, 85.62, 4.98
1400539370407,-659.76, 85.68, 4.92
1400539370473,-659.82, 85.32, 4.92
1400539370474,-659.82, 85.44, 4.92
1400539370474,-660.12, 85.68, 4.92
1400539370484,-659.88, 85.80, 4.86
1400539370540,-660.12, 85.98, 4.92
1400539370540,-660.30, 86.10, 5.04
1400539370544,-660.24, 86.04, 5.04
1400539370607,-660.12, 86.16, 4.80
1400539370608,-660.12, 86.52, 4.56
1400539370608,-660.30, 86.58, 4.50
1400539370714,-660.30, 86.82, 4.38
1400539370714,-660.60, 86.94, 4.38
1400539370715,-660.54, 86.88, 4.26
1400539370715,-660.54, 86.82, 4.08
1400539370715,-660.78, 86.94, 4.14
1400539370771,-660.78, 87.12, 4.26
1400539370772,-660.84, 87.30, 4.38
1400539370772,-661.08, 87.66, 4.08
1400539370786,-661.20, 87.72, 4.20
1400539370841,-661.38, 88.02, 3.96
1400539370841,-661.62, 88.44, 3.90
1400539370847,-661.68, 88.98, 3.72
1400539370923,-661.98, 89.40, 3.66
1400539370923,-662.22, 89.64, 3.30
1400539370924,-662.58, 90.06, 3.36
1400539370927,-662.58, 90.54, 3.42
1400539370989,-662.88, 91.08, 3.24
1400539370989,-662.82, 91.68, 3.36
1400539370989,-663.00, 92.22, 3.30
1400539371100,-663.18, 92.82, 3.30
1400539371101,-663.06, 93.24, 3.12
1400539371101,-663.24, 93.96, 3.24
1400539371101,-663.36, 94.44, 3.06
1400539371101,-663.54, 94.74, 2.88
1400539371154,-663.48, 95.46, 2.82
1400539371155,-663.84, 95.94, 2.76
1400539371155,-663.96, 96.48, 2.76
1400539371169,-664.32, 96.96, 2.64
1400539371259,-664.68, 97.50, 2.52
1400539371259,-664.80, 98.16, 2.64
1400539371260,-664.92, 98.82, 2.58
1400539371260,-664.92, 99.48, 2.46
1400539371270,-665.10, 99.90, 2.58
1400539371324,-665.28, 100.26, 2.58
1400539371324,-665.22, 100.74, 2.40
1400539371330,-665.16, 101.16, 2.46
1400539371391,-665.10, 101.70, 2.40
1400539371391,-665.10, 101.88, 2.28
1400539371392,-665.10, 102.24, 2.40
1400539371457,-665.40, 102.66, 2.46
1400539371457,-665.64, 103.20, 2.46
1400539371458,-665.58, 103.80, 2.52
1400539371524,-665.88, 104.28, 2.52
1400539371525,-666.00, 104.76, 2.70
1400539371525,-666.06, 105.42, 3.00
1400539371531,-666.30, 105.90, 3.12
1400539371592,-666.42, 106.38, 3.24
1400539371592,-666.48, 106.98, 3.66
1400539371593,-666.36, 107.40, 3.66
1400539371712,-666.42, 107.76, 3.90
1400539371713,-666.60, 108.30, 4.32
1400539371713,-666.78, 109.08, 4.50
1400539371713,-666.84, 109.50, 4.86
1400539371713,-666.90, 110.04, 5.28
1400539371713,-666.96, 110.76, 5.64
1400539371772,-666.90, 111.12, 5.82
1400539371772,-667.02, 111.72, 6.42
1400539371773,-667.14, 112.44, 6.84
1400539371904,-666.96, 113.28, 7.08
1400539371904,-666.90, 113.64, 7.56
1400539371904,-666.90, 114.36, 7.92
1400539371905,-667.02, 115.08, 8.10
1400539371905,-666.90, 115.56, 8.58
1400539371905,-666.84, 116.22, 9.12
1400539371914,-666.78, 116.82, 9.36
1400539371972,-666.96, 117.24, 9.54
1400539371973,-667.14, 117.54, 10.02
1400539371975,-667.38, 118.02, 10.14
1400539372040,-667.32, 118.32, 10.68
1400539372040,-667.38, 118.62, 11.04
1400539372040,-667.56, 118.86, 11.22
1400539372108,-667.68, 119.16, 11.34
1400539372108,-667.86, 119.22, 11.82
1400539372108,-667.68, 119.46, 12.36
1400539372116,-667.68, 119.64, 12.78
1400539372175,-667.62, 119.88, 13.14
1400539372175,-667.92, 120.00, 13.08
1400539372177,-667.92, 120.36, 13.44
1400539372304,-667.98, 120.54, 13.86
1400539372305,-667.98, 120.66, 14.40
1400539372305,-668.22, 121.08, 14.46
1400539372305,-668.34, 121.26, 14.58
1400539372305,-668.40, 121.44, 14.76
1400539372306,-668.28, 121.32, 14.88
1400539372317,-668.28, 121.56, 15.30
1400539372422,-668.52, 121.62, 15.60
1400539372422,-668.64, 121.74, 15.96
1400539372422,-668.52, 121.80, 16.02
1400539372423,-668.46, 121.68, 16.38
1400539372423,-668.58, 121.86, 16.56
1400539372439,-668.64, 122.16, 16.80
1400539372554,-668.64, 122.40, 17.04
1400539372554,-668.64, 122.40, 17.28
1400539372555,-668.52, 122.40, 17.28
1400539372555,-668.28, 122.40, 17.16
1400539372556,-668.46, 122.52, 17.40
1400539372559,-668.40, 122.46, 17.40
1400539372658,-668.22, 122.46, 17.58
1400539372658,-668.22, 122.22, 17.70
1400539372658,-668.34, 122.28, 17.70
1400539372658,-668.58, 122.22, 17.76
1400539372660,-668.52, 122.34, 17.94
1400539372726,-668.82, 122.46, 17.94
1400539372726,-668.76, 122.52, 17.88
1400539372726,-669.06, 122.52, 17.94
1400539372854,-669.18, 122.28, 17.76
1400539372855,-669.30, 122.34, 17.64
1400539372855,-669.24, 122.28, 17.70
1400539372856,-668.88, 122.46, 17.64
1400539372856,-669.06, 122.34, 17.64
1400539372856,-669.00, 122.46, 17.64
1400539372861,-669.06, 122.40, 17.40
1400539372924,-668.70, 122.40, 17.22
1400539372924,-668.70, 122.58, 17.10
1400539372924,-668.82, 122.40, 16.86
1400539372997,-669.06, 122.40, 16.62
1400539372998,-669.18, 122.10, 16.32
1400539372998,-668.88, 122.04, 15.96
1400539373002,-668.76, 121.74, 15.72
1400539373098,-668.76, 121.62, 15.60
1400539373098,-668.70, 121.62, 15.36
1400539373098,-668.58, 121.50, 15.18
1400539373099,-668.16, 121.56, 14.88
1400539373103,-667.92, 121.44, 14.70
1400539373159,-667.68, 121.44, 14.52
1400539373159,-667.92, 121.26, 14.40
1400539373163,-668.04, 121.20, 14.16
1400539373228,-667.80, 120.90, 13.74
1400539373228,-667.98, 120.66, 13.56
1400539373228,-667.98, 120.30, 13.20
1400539373293,-668.04, 120.06, 13.08
1400539373293,-667.92, 119.88, 12.72
1400539373293,-667.98, 119.70, 12.42
1400539373304,-667.98, 119.46, 11.82
1400539373360,-667.86, 119.16, 11.40
1400539373360,-667.92, 118.74, 11.10
1400539373365,-667.80, 118.32, 10.62
1400539373428,-667.68, 118.02, 10.26
1400539373428,-667.50, 117.54, 9.78
1400539373428,-667.68, 117.06, 9.36
1400539373493,-667.62, 116.52, 9.00
1400539373494,-667.32, 115.98, 8.70
1400539373494,-667.26, 115.38, 8.28
1400539373506,-667.20, 115.14, 7.92
1400539373560,-667.26, 114.66, 7.50
1400539373561,-667.32, 114.12, 7.20
1400539373566,-667.50, 113.70, 6.78
1400539373627,-667.38, 113.28, 6.48
1400539373627,-667.56, 112.92, 6.06
1400539373628,-667.62, 112.50, 5.76
1400539373694,-667.68, 112.08, 5.46
1400539373695,-667.80, 111.60, 5.16
1400539373695,-667.74, 111.30, 4.80
1400539373811,-667.80, 110.76, 4.44
1400539373811,-667.68, 110.10, 4.20
1400539373811,-667.50, 109.68, 3.72
1400539373811,-667.20, 109.02, 3.24
1400539373811,-667.20, 108.54, 2.76
1400539373811,-667.08, 107.94, 2.22
1400539373877,-666.78, 107.40, 1.80
1400539373877,-666.48, 106.92, 1.44
1400539373877,-666.12, 106.50, 0.96
1400539373888,-665.88, 106.20, 0.42
1400539373943,-665.88, 105.54, 0.06
1400539373943,-665.88, 105.12, -0.18
1400539373949,-665.70, 104.94, -0.48
1400539374011,-665.88, 104.58, -0.60
1400539374011,-665.82, 104.40, -0.96
1400539374012,-666.06, 104.16, -1.32
1400539374117,-666.24, 103.98, -1.32
1400539374118,-666.36, 103.86, -1.38
1400539374118,-666.54, 103.98, -1.50
1400539374118,-666.60, 103.80, -1.92
1400539374118,-666.66, 103.50, -2.22
1400539374175,-666.54, 103.44, -2.52
1400539374176,-666.78, 103.44, -2.82
1400539374176,-666.72, 103.26, -2.94
1400539374304,-666.66, 103.14, -3.36
1400539374304,-666.72, 103.02, -3.48
1400539374305,-666.78, 102.78, -3.72
1400539374305,-666.96, 102.78, -3.84
1400539374305,-667.20, 102.78, -3.90
1400539374305,-667.38, 102.72, -4.20
1400539374358,-667.44, 102.18, -4.20
1400539374358,-667.62, 102.00, -4.44
1400539374358,-667.86, 101.76, -4.50
1400539374372,-668.04, 101.40, -4.92
1400539374434,-668.10, 101.22, -5.10
1400539374434,-668.16, 100.80, -5.22
1400539374434,-668.22, 100.44, -5.34
1400539374494,-668.16, 100.20, -5.40
1400539374494,-668.10, 100.02, -5.82
1400539374494,-667.98, 99.78, -5.76
1400539374561,-668.10, 99.48, -5.94
1400539374561,-668.04, 99.06, -6.06
1400539374562,-668.22, 98.82, -6.24
1400539374573,-668.40, 98.76, -6.36
1400539374627,-668.58, 98.58, -6.48
1400539374628,-668.94, 98.52, -6.54
1400539374634,-669.36, 98.40, -6.60
1400539374694,-669.84, 98.28, -6.90
1400539374694,-670.20, 98.34, -7.08
1400539374694,-670.50, 98.52, -7.14
1400539374760,-670.98, 98.22, -7.26
1400539374760,-671.16, 98.28, -7.68
1400539374761,-671.34, 98.22, -7.98
1400539374827,-671.40, 97.80, -8.16
1400539374827,-671.22, 97.50, -8.70
1400539374827,-671.46, 97.32, -9.06
1400539374835,-671.58, 96.84, -9.30
1400539374894,-672.06, 96.48, -9.84
1400539374894,-671.82, 96.42, -10.20
1400539374896,-672.06, 95.94, -10.44
1400539374961,-672.36, 95.64, -11.04
1400539374961,-672.84, 95.28, -11.40
1400539374961,-673.32, 95.04, -11.64
1400539375028,-673.80, 94.68, -12.30
1400539375028,-674.28, 94.68, -12.90
1400539375028,-674.70, 94.56, -13.38
1400539375037,-675.12, 94.50, -14.04
1400539375095,-675.72, 94.38, -14.58
1400539375095,-676.02, 94.26, -15.18
1400539375097,-676.50, 94.26, -15.90
1400539375160,-676.98, 94.20, -16.38
1400539375160,-677.22, 94.20, -16.44
1400539375161,-677.46, 93.90, -16.68
1400539375228,-677.70, 93.48, -17.04
1400539375228,-678.00, 93.00, -17.22
1400539375228,-678.12, 92.52, -17.64
1400539375238,-678.48, 91.80, -17.94
1400539375295,-678.72, 91.26, -18.36
1400539375295,-678.96, 90.72, -18.90
1400539375298,-679.14, 90.24, -19.74
1400539375362,-679.44, 89.82, -20.58
1400539375362,-679.62, 89.58, -21.30
1400539375362,-679.80, 89.22, -22.44
1400539375428,-680.22, 89.10, -23.22
1400539375428,-680.34, 88.98, -24.12
1400539375428,-680.46, 88.86, -24.90
1400539375439,-680.64, 88.50, -25.86
1400539375495,-680.82, 88.26, -26.76
1400539375495,-681.18, 87.54, -27.66
1400539375500,-681.72, 87.24, -28.38
1400539375562,-682.20, 86.76, -29.22
1400539375562,-682.68, 86.22, -30.30
1400539375562,-683.34, 85.80, -31.38
1400539375628,-684.18, 84.90, -32.58
1400539375628,-684.60, 84.06, -33.84
1400539375628,-685.14, 83.16, -35.28
1400539375641,-685.62, 82.62, -36.66
1400539375696,-685.98, 81.84, -38.22
1400539375696,-686.52, 81.12, -39.78
1400539375701,-687.18, 80.28, -41.64
1400539375762,-687.60, 79.32, -43.50
1400539375762,-688.02, 78.54, -45.54
1400539375762,-688.62, 77.52, -47.34
1400539375829,-689.34, 76.26, -49.08
1400539375829,-690.12, 74.76, -50.70
1400539375830,-691.02, 73.26, -52.02
1400539375896,-692.04, 71.64, -52.86
1400539375897,-692.52, 70.02, -53.34
1400539375897,-693.42, 68.22, -53.64
1400539375903,-694.20, 66.42, -53.58
1400539375962,-695.34, 64.98, -53.22
1400539375962,-696.06, 63.72, -52.44
1400539375963,-696.48, 62.58, -51.66
1400539376069,-697.08, 61.56, -51.36
1400539376069,-697.50, 60.84, -50.76
1400539376069,-698.46, 60.12, -50.22
1400539376070,-699.30, 59.94, -49.44
1400539376070,-700.02, 59.88, -48.78
1400539376129,-700.62, 59.82, -48.12
1400539376129,-701.46, 59.64, -47.52
1400539376129,-702.36, 59.70, -46.86
1400539376196,-703.02, 59.58, -45.96
1400539376196,-703.74, 59.34, -45.18
1400539376196,-704.64, 59.28, -44.28
1400539376205,-705.24, 59.22, -43.56
1400539376262,-705.90, 59.10, -42.42
1400539376263,-706.68, 59.16, -41.46
1400539376265,-707.58, 58.98, -40.74
1400539376330,-708.24, 58.80, -40.02
1400539376330,-709.02, 58.80, -39.36
1400539376330,-709.62, 58.92, -38.70
1400539376397,-709.80, 58.98, -38.16
1400539376398,-710.28, 58.62, -37.68
1400539376398,-710.70, 58.44, -37.68
1400539376406,-710.82, 58.14, -37.62
1400539376463,-710.76, 57.96, -37.44
1400539376463,-710.88, 57.78, -37.26
1400539376467,-710.70, 57.60, -37.20
1400539376530,-710.76, 57.42, -37.08
1400539376530,-710.40, 57.12, -37.38
1400539376530,-710.22, 57.24, -37.80
1400539376598,-709.92, 57.06, -38.10
1400539376598,-709.74, 57.06, -38.46
1400539376598,-709.50, 57.06, -39.00
1400539376608,-709.50, 57.18, -39.48
1400539376664,-709.80, 57.30, -39.90
1400539376665,-709.68, 57.30, -40.38
1400539376668,-709.98, 57.42, -40.68
1400539376731,-710.04, 57.18, -40.80
1400539376731,-710.16, 57.42, -40.74
1400539376732,-710.28, 57.54, -40.74
1400539376865,-710.40, 57.54, -40.74
1400539376865,-710.46, 57.66, -40.62
1400539376865,-710.22, 57.66, -40.80
1400539376865,-710.40, 57.66, -40.92
1400539376865,-710.16, 57.48, -40.74
1400539376865,-710.04, 57.78, -40.56
1400539376870,-709.98, 57.60, -40.62
1400539376929,-709.86, 57.42, -40.74
1400539376929,-709.92, 57.54, -40.62
1400539376930,-709.74, 57.66, -40.68
1400539376996,-709.74, 57.42, -40.32
1400539376997,-709.68, 57.54, -40.26
1400539376997,-709.74, 57.54, -40.32
1400539377063,-709.74, 57.24, -40.38
1400539377064,-709.86, 57.24, -40.44
1400539377064,-709.98, 57.30, -40.38
1400539377071,-710.04, 57.24, -40.32
1400539377130,-710.16, 57.12, -40.32
1400539377131,-710.28, 57.30, -40.26
1400539377132,-710.28, 57.12, -40.20
1400539377197,-710.34, 57.24, -40.32
1400539377197,-710.52, 57.42, -40.14
1400539377197,-710.52, 57.66, -40.02
1400539377263,-710.58, 57.72, -39.84
1400539377263,-710.58, 57.72, -39.96
1400539377263,-710.40, 57.66, -39.90
1400539377272,-710.34, 57.60, -39.78
1400539377330,-710.22, 57.84, -39.84
1400539377330,-710.16, 57.72, -39.42
1400539377333,-710.16, 57.72, -39.30
1400539377398,-710.16, 57.42, -39.24
1400539377398,-710.04, 57.18, -38.94
1400539377398,-709.92, 57.18, -38.70
1400539377511,-709.98, 57.06, -38.52
1400539377511,-709.68, 57.18, -38.64
1400539377511,-709.74, 56.94, -38.22
1400539377512,-709.74, 57.00, -38.04
1400539377512,-709.44, 57.00, -38.04
1400539377514,-709.08, 56.88, -37.68
1400539377579,-708.90, 56.94, -37.68
1400539377579,-708.84, 56.82, -37.62
1400539377579,-708.54, 57.00, -37.50
1400539377647,-708.42, 56.64, -37.32
1400539377648,-708.24, 56.40, -37.50
1400539377651,-707.88, 56.40, -37.80
1400539377656,-707.70, 56.46, -37.92
1400539377721,-707.64, 56.46, -38.04
1400539377721,-707.40, 56.22, -38.28
1400539377721,-707.16, 56.10, -38.52
1400539377781,-706.98, 55.80, -38.82
1400539377781,-707.04, 55.62, -39.30
1400539377781,-706.74, 55.44, -39.78
1400539377847,-706.86, 55.14, -40.20
1400539377848,-706.74, 54.72, -40.74
1400539377848,-706.62, 54.18, -41.58
1400539377857,-706.62, 54.24, -42.18
1400539377915,-706.44, 54.06, -42.60
1400539377915,-706.38, 53.82, -43.14
1400539377917,-706.26, 53.76, -43.44
1400539377981,-706.44, 53.46, -43.68
1400539377981,-705.96, 53.46, -44.04
1400539377981,-706.08, 53.46, -44.10
1400539378048,-705.90, 53.70, -44.10
1400539378048,-706.02, 53.46, -44.16
1400539378048,-706.08, 53.52, -44.28
1400539378058,-706.08, 53.52, -44.28
1400539378114,-705.90, 53.34, -44.52
1400539378115,-705.90, 53.34, -44.70
1400539378118,-706.08, 53.22, -44.88
1400539378181,-706.02, 52.98, -44.82
1400539378181,-706.14, 52.74, -44.88
1400539378182,-705.66, 52.50, -44.94
1400539378248,-705.60, 52.20, -45.06
1400539378248,-705.42, 51.78, -45.06
1400539378249,-705.30, 51.60, -44.76
1400539378259,-705.30, 51.30, -44.28
1400539378315,-705.36, 50.88, -43.86
1400539378315,-705.72, 50.64, -43.20
1400539378320,-706.32, 50.52, -42.24
1400539378382,-706.98, 50.22, -41.16
1400539378383,-707.40, 49.92, -40.38
1400539378383,-708.24, 49.92, -39.90
1400539378506,-709.26, 49.98, -39.54
1400539378506,-709.98, 50.22, -39.54
1400539378506,-710.64, 50.22, -39.48
1400539378507,-710.88, 50.22, -40.20
1400539378507,-710.82, 50.04, -40.92
1400539378507,-711.24, 50.16, -42.00
1400539378563,-711.72, 50.46, -42.66
1400539378563,-711.66, 50.58, -43.26
1400539378563,-711.42, 50.52, -43.86
1400539378635,-710.94, 50.64, -44.52
1400539378636,-710.64, 50.82, -45.18
1400539378636,-710.34, 50.94, -45.48
1400539378642,-709.86, 51.06, -45.96
1400539378766,-709.32, 51.18, -46.26
1400539378767,-708.90, 51.36, -46.62
1400539378767,-708.60, 51.36, -46.92
1400539378767,-708.48, 51.66, -47.22
1400539378768,-708.66, 51.72, -47.22
1400539378768,-708.60, 51.90, -47.22
1400539378836,-708.66, 52.02, -47.28
1400539378836,-708.96, 52.20, -47.46
1400539378836,-709.08, 52.20, -47.34
1400539378844,-709.02, 52.14, -47.46
1400539378899,-709.02, 52.14, -47.34
1400539378899,-708.90, 52.02, -47.28
1400539378904,-708.84, 51.96, -47.28
1400539378966,-708.90, 51.90, -47.28
1400539378967,-708.84, 51.78, -47.22
1400539378967,-708.96, 51.60, -47.10
1400539379076,-708.96, 51.48, -47.22
1400539379077,-709.14, 51.30, -47.16
1400539379077,-709.08, 51.18, -47.22
1400539379077,-709.20, 51.12, -47.34
1400539379077,-709.20, 51.00, -47.28
1400539379133,-709.26, 50.82, -47.22
1400539379133,-709.50, 50.82, -47.34
1400539379133,-708.90, 51.06, -47.82
1400539379258,-708.18, 51.60, -49.02
1400539379258,-707.58, 51.90, -49.92
1400539379258,-707.22, 51.84, -50.94
1400539379258,-706.62, 51.90, -51.90
1400539379258,-706.02, 51.90, -52.98
1400539379258,-705.60, 52.08, -54.24
1400539379316,-704.94, 52.20, -55.26
1400539379316,-705.06, 52.08, -55.98
1400539379316,-705.24, 51.72, -56.16
1400539379327,-705.30, 51.36, -56.28
1400539379383,-705.24, 51.66, -56.28
1400539379383,-705.42, 51.72, -56.64
1400539379387,-705.54, 51.90, -56.82
1400539379450,-705.06, 51.78, -57.06
1400539379450,-705.00, 51.72, -57.36
1400539379451,-704.70, 51.60, -57.90
1400539379563,-704.70, 51.54, -58.32
1400539379563,-704.16, 51.90, -59.34
1400539379563,-703.26, 51.96, -60.48
1400539379563,-701.40, 51.90, -61.56
1400539379563,-698.82, 51.96, -63.42
1400539379569,-695.64, 52.26, -65.94
1400539379640,-691.20, 52.44, -69.30
1400539379640,-686.22, 52.92, -72.84
1400539379640,-680.82, 53.34, -76.32
1400539379698,-675.54, 53.28, -79.92
1400539379699,-670.20, 53.34, -83.82
1400539379699,-665.10, 53.58, -88.02
1400539379710,-660.30, 53.52, -91.98
1400539379766,-655.92, 53.52, -95.46
1400539379766,-651.78, 53.58, -98.46
1400539379770,-647.76, 53.64, -101.64
1400539379834,-642.96, 53.64, -105.42
1400539379834,-637.80, 53.46, -109.32
1400539379834,-632.34, 53.34, -113.40
1400539379901,-626.58, 53.10, -117.36
1400539379901,-620.76, 53.22, -121.68
1400539379901,-614.46, 52.98, -125.82
1400539379912,0.00, 0.00, 0.00
1400539379969,-600.18, 52.50, -135.18
1400539379969,-592.74, 52.26, -139.92
1400539379972,-585.06, 52.50, -144.66
1400539380066,-576.96, 52.44, -149.28
1400539380066,-568.74, 52.38, -154.20
1400539380066,-559.74, 52.20, -158.94
1400539380067,-550.38, 52.02, -163.98
1400539380073,-541.02, 52.20, -168.72
1400539380151,-531.06, 52.02, -173.52
1400539380151,-520.56, 52.14, -178.38
1400539380152,-509.28, 51.60, -183.36
1400539380153,-497.34, 51.42, -188.34
1400539380218,-485.04, 51.42, -193.32
1400539380218,0.00, 0.00, 0.00
1400539380218,-458.22, 51.42, -202.74
1400539380281,-443.82, 51.06, -207.54
1400539380281,-429.42, 50.58, -211.68
1400539380282,-415.02, 49.98, -215.52
1400539380294,-400.02, 49.86, -219.06
1400539380347,-385.08, 49.44, -222.06
1400539380347,-370.26, 49.02, -224.70
1400539380354,-355.62, 48.60, -226.98
1400539380421,-341.58, 48.06, -229.02
1400539380421,-327.78, 47.64, -230.28
1400539380422,0.00, 0.00, 0.00
1400539380491,-299.88, 47.58, -231.90
1400539380491,-286.14, 47.46, -232.14
1400539380491,-272.40, 47.40, -232.14
1400539380495,-258.42, 47.28, -231.78
1400539380572,-244.38, 47.16, -231.18
1400539380572,-230.40, 47.04, -230.40
1400539380572,-216.66, 46.98, -229.38
1400539380576,-203.34, 47.04, -228.12
1400539380658,-190.20, 46.56, -226.80
1400539380658,-177.60, 46.38, -225.18
1400539380658,-165.48, 46.20, -223.38
1400539380658,0.00, 0.00, 0.00
1400539380717,-142.86, 46.20, -219.36
1400539380717,-131.88, 46.14, -216.96
1400539380717,-121.32, 45.96, -214.62
1400539380784,-111.18, 45.78, -211.98
1400539380784,-101.58, 45.84, -209.10
1400539380784,-92.22, 45.66, -206.22
1400539380907,-82.98, 45.48, -203.28
1400539380907,-74.28, 45.18, -200.34
1400539380907,-66.00, 45.06, -197.16
1400539380907,-57.78, 44.82, -193.86
1400539380907,-49.62, 44.64, -190.20
1400539380907,-41.70, 44.40, -186.48
1400539380965,-34.14, 44.28, -182.76
1400539380965,-26.82, 44.16, -178.92
1400539380965,-19.80, 44.22, -174.96
1400539380979,-12.72, 44.34, -170.88
1400539381035,-5.88, 43.98, -166.92
1400539381035,0.78, 43.86, -162.84
1400539381039,7.32, 43.80, -158.82
1400539381100,0.00, 0.00, 0.00
1400539381100,19.44, 43.14, -151.32
1400539381100,25.26, 42.90, -147.72
1400539381167,30.66, 42.60, -144.06
1400539381167,36.24, 42.18, -140.10
1400539381167,42.00, 41.94, -136.20
1400539381237,47.16, 41.52, -132.30
1400539381237,52.08, 41.22, -128.94
1400539381237,57.12, 41.10, -125.16
1400539381241,62.22, 40.98, -121.68
1400539381300,66.72, 40.62, -118.44
1400539381301,70.86, 40.14, -115.98
1400539381301,74.46, 39.84, -113.88
1400539381367,77.16, 39.72, -112.14
1400539381367,79.62, 39.60, -110.34
1400539381367,81.24, 39.24, -108.60
1400539381435,82.38, 38.82, -107.52
1400539381436,83.22, 38.70, -106.56
1400539381436,83.76, 38.52, -105.84
1400539381442,84.12, 38.52, -105.00
1400539381500,84.12, 38.52, -104.46
1400539381501,84.30, 38.40, -104.04
1400539381503,84.36, 38.40, -104.04
1400539381568,84.48, 38.52, -104.04
1400539381569,84.30, 38.88, -104.04
1400539381569,83.52, 38.94, -104.58
1400539381677,82.26, 39.06, -105.60
1400539381678,80.04, 39.00, -107.34
1400539381678,77.04, 39.24, -109.68
1400539381678,73.08, 39.18, -112.86
1400539381678,68.52, 39.18, -116.58
1400539381733,63.48, 39.24, -120.72
1400539381733,58.80, 39.18, -124.80
1400539381733,54.96, 39.30, -128.16
1400539381744,52.08, 39.48, -130.62
1400539381803,50.58, 39.60, -131.82
1400539381803,50.28, 39.42, -132.06
1400539381805,51.12, 39.54, -131.46
1400539381875,52.56, 39.72, -129.90
1400539381875,54.54, 39.90, -128.10
1400539381876,56.22, 39.72, -126.54
1400539381937,57.24, 39.48, -125.58
1400539381938,57.60, 39.48, -125.34
1400539381938,57.42, 39.54, -125.40
1400539381946,56.88, 39.54, -125.82
1400539382001,56.16, 39.42, -126.42
1400539382001,55.44, 39.48, -127.14
1400539382006,54.72, 39.24, -127.80
1400539382069,54.54, 39.42, -128.16
1400539382069,54.72, 39.66, -127.86
1400539382069,55.38, 39.48, -127.32
1400539382136,56.10, 39.66, -126.96
1400539382136,56.76, 39.96, -126.48
1400539382136,57.36, 40.08, -126.00
1400539382147,57.84, 39.96, -125.88
1400539382202,58.26, 40.02, -125.88
1400539382202,58.14, 39.96, -125.76
1400539382207,58.14, 39.84, -125.94
1400539382269,57.72, 39.84, -125.88
1400539382269,57.48, 39.54, -126.06
1400539382270,57.30, 39.18, -126.30
1400539382336,57.12, 39.24, -126.36
1400539382336,56.94, 39.24, -126.30
1400539382336,56.82, 39.54, -126.06
1400539382403,56.94, 39.54, -126.00
1400539382403,56.94, 39.66, -125.88
1400539382403,57.78, 39.72, -125.28
1400539382409,59.28, 39.90, -124.02
1400539382469,61.56, 40.08, -122.28
1400539382469,64.20, 40.08, -120.06
1400539382470,67.26, 40.14, -117.96
1400539382536,70.20, 39.96, -115.98
1400539382536,73.20, 40.14, -113.64
1400539382536,76.08, 40.20, -111.00
1400539382603,78.48, 40.08, -108.72
1400539382604,80.16, 39.96, -106.86
1400539382604,80.94, 39.96, -105.30
1400539382610,81.54, 39.90, -104.22
1400539382716,81.78, 39.78, -103.38
1400539382716,82.14, 39.72, -102.36
1400539382716,82.32, 39.54, -101.88
1400539382716,82.56, 38.64, -101.46
1400539382716,82.62, 36.96, -100.86
1400539382731,82.86, 34.56, -99.78
1400539382784,83.04, 31.44, -98.22
1400539382784,83.04, 27.72, -96.42
1400539382792,83.10, 23.70, -94.20
1400539382854,83.10, 19.68, -91.80
1400539382855,83.10, 15.72, -88.74
1400539382855,82.98, 12.24, -85.68
1400539382969,82.62, 9.36, -82.68
1400539382969,81.90, 7.20, -79.80
1400539382969,81.30, 5.52, -77.40
1400539382969,80.82, 4.08, -75.42
1400539382970,79.98, 2.58, -73.80
1400539382973,79.14, 0.12, -72.24
1400539383040,78.24, -2.64, -71.22
1400539383040,77.28, -5.46, -70.26
1400539383040,76.62, -8.04, -69.78
1400539383103,75.78, -10.56, -69.90
1400539383103,74.82, -13.02, -70.32
1400539383103,73.80, -15.00, -70.62
1400539383114,73.02, -16.62, -70.92
1400539383171,72.18, -17.52, -71.34
1400539383171,71.34, -17.94, -71.70
1400539383174,70.74, -18.12, -72.06
1400539383237,69.96, -18.12, -72.24
1400539383237,69.42, -18.06, -72.06
1400539383237,69.12, -17.94, -71.52
1400539383304,68.94, -17.94, -70.92
1400539383304,68.76, -17.82, -70.32
1400539383304,68.76, -17.64, -69.24
1400539383316,69.00, -17.82, -68.28
1400539383378,69.12, -17.88, -67.38
1400539383378,69.30, -18.06, -66.36
1400539383378,69.42, -18.30, -65.10
1400539383450,69.48, -18.30, -64.14
1400539383450,69.30, -18.36, -63.12
1400539383450,69.24, -18.42, -61.86
1400539383456,68.94, -18.48, -61.08
1400539383520,68.28, -18.12, -60.12
1400539383520,67.74, -17.82, -59.16
1400539383520,67.32, -17.64, -58.02
1400539383621,67.14, -17.46, -57.06
1400539383622,66.72, -17.52, -55.50
1400539383622,66.54, -17.76, -54.00
1400539383622,66.36, -18.48, -52.68
1400539383622,66.12, -19.20, -51.30
1400539383688,66.24, -20.58, -50.04
1400539383688,66.06, -22.26, -48.96
1400539383689,66.06, -24.24, -48.06
1400539383698,65.88, -26.58, -47.40
1400539383772,66.18, -29.16, -47.28
1400539383772,66.24, -31.74, -47.28
1400539383772,66.18, -34.08, -47.16
1400539383779,66.24, -36.48, -46.98
1400539383850,66.18, -38.28, -46.98
1400539383850,66.30, -39.90, -46.92
1400539383851,66.18, -41.34, -47.16
1400539383859,66.36, -42.48, -47.22
1400539383919,66.24, -43.26, -47.52
1400539383919,66.18, -43.74, -47.52
1400539383920,66.24, -44.22, -47.70
1400539383986,66.24, -44.64, -47.82
1400539383986,66.30, -44.94, -47.94
1400539383986,66.48, -45.60, -48.06
1400539384055,66.54, -46.08, -48.06
1400539384055,66.66, -46.32, -47.94
1400539384055,66.78, -46.38, -47.82
1400539384061,66.72, -46.68, -47.82
1400539384121,66.72, -46.92, -47.88
1400539384121,66.96, -47.22, -47.88
1400539384121,67.14, -47.52, -47.82
1400539384189,67.20, -47.40, -47.70
1400539384189,67.38, -47.28, -47.70
1400539384189,67.56, -47.16, -47.64
1400539384256,67.62, -47.52, -47.52
1400539384257,67.80, -47.40, -47.22
1400539384257,68.04, -47.46, -47.04
1400539384262,68.04, -47.46, -46.80
1400539384357,68.28, -47.76, -46.56
1400539384358,68.52, -47.82, -46.38
1400539384358,68.64, -48.12, -46.08
1400539384358,68.88, -48.42, -45.60
1400539384363,69.12, -48.60, -45.24
1400539384446,69.30, -49.20, -45.12
1400539384446,69.90, -49.44, -44.82
1400539384446,70.14, -49.92, -44.58
1400539384446,70.08, -50.22, -44.52
1400539384537,70.26, -50.76, -44.34
1400539384537,70.32, -51.30, -44.34
1400539384537,70.32, -51.54, -44.82
1400539384538,70.14, -51.72, -45.30
