1404338703567,-150.24, -164.52, -154.74, 271.26,0
1404338703570,-150.36, -163.80, -154.92, 271.00,0
1404338703572,-150.06, -163.26, -155.22, 270.68,0
1404338703573,-149.70, -162.96, -155.04, 270.19,0
1404338703575,-149.70, -162.90, -155.10, 270.19,0
1404338703577,-149.64, -162.84, -155.40, 270.29,0
1404338703579,-149.70, -162.30, -155.70, 270.17,0
1404338703595,-149.70, -162.06, -155.64, 270.00,0
1404338703742,-149.94, -161.94, -155.82, 270.16,0
1404338703743,-149.88, -162.06, -155.88, 270.23,0
1404338703746,-150.12, -162.06, -155.88, 270.37,0
1404338703749,-150.24, -161.70, -155.94, 270.25,0
1404338703753,-150.30, -161.46, -156.24, 270.32,0
1404338703757,-150.42, -161.22, -156.18, 270.20,0
1404338703760,-150.54, -161.16, -156.12, 270.20,0
1404338703763,-150.42, -161.04, -156.42, 270.24,0
1404338703807,-150.48, -160.74, -156.72, 270.26,0
1404338703808,-150.90, -160.44, -156.96, 270.46,0
1404338703811,-150.96, -160.26, -157.20, 270.53,0
1404338703954,-151.20, -160.50, -157.32, 270.87,0
1404338703955,-151.38, -160.44, -157.20, 270.87,0
1404338703956,-151.26, -160.44, -157.26, 270.83,0
1404338703956,-150.90, -160.50, -157.32, 270.70,0
1404338703957,-151.38, -160.62, -157.32, 271.04,0
1404338703957,-151.44, -160.50, -156.90, 270.76,0
1404338703958,-151.02, -160.62, -156.66, 270.46,0
1404338704148,-150.42, -160.80, -156.42, 270.09,0
1404338704149,-150.18, -160.80, -156.18, 269.82,0
1404338704150,-149.88, -160.92, -156.12, 269.69,0
1404338704152,-150.18, -160.68, -156.30, 269.82,0
1404338704152,-150.60, -160.50, -156.36, 269.98,0
1404338704153,-150.54, -160.26, -156.42, 269.84,0
1404338704154,-150.48, -160.50, -156.72, 270.12,0
1404338704155,-150.60, -160.56, -156.60, 270.15,0
1404338704156,-151.20, -160.38, -156.60, 270.38,0
1404338704157,-151.32, -160.08, -156.72, 270.34,0
1404338704169,-151.20, -160.02, -156.54, 270.13,0
1404338704324,-151.26, -160.38, -156.42, 270.31,0
1404338704325,-151.14, -160.26, -156.42, 270.17,0
1404338704325,-151.02, -160.26, -156.30, 270.04,0
1404338704326,-151.02, -160.02, -156.18, 269.83,0
1404338704327,-150.96, -159.84, -156.24, 269.72,0
1404338704328,-150.78, -160.20, -156.30, 269.87,0
1404338704329,-151.02, -160.32, -156.36, 270.11,0
1404338704334,-151.14, -160.50, -156.42, 270.32,0
1404338704490,-150.48, -160.26, -156.30, 269.74,0
1404338704491,-150.30, -160.38, -156.18, 269.64,0
1404338704492,-150.36, -160.26, -156.18, 269.60,0
1404338704492,-150.42, -160.02, -156.18, 269.49,0
1404338704493,-150.54, -159.66, -156.54, 269.55,0
1404338704494,-150.66, -158.76, -156.72, 269.19,0
1404338704495,-150.72, -158.16, -156.90, 268.98,0
1404338704495,-151.20, -157.38, -157.14, 268.93,0
1404338704508,-151.86, -156.96, -157.08, 269.02,0
1404338704687,-152.64, -156.36, -157.32, 269.25,0
1404338704687,-153.66, -156.06, -157.32, 269.66,0
1404338704688,-154.86, -155.70, -157.32, 270.14,0
1404338704688,-156.60, -155.52, -156.96, 270.83,0
1404338704689,-158.76, -155.58, -156.12, 271.63,0
1404338704690,-161.16, -155.76, -155.28, 272.66,0
1404338704690,-163.86, -155.82, -154.44, 273.83,0
1404338704691,-166.74, -155.82, -153.66, 275.12,0
1404338704691,-169.56, -155.76, -152.46, 276.14,0
1404338704884,-172.20, -155.58, -150.78, 276.75,0
1404338704885,-175.08, -155.22, -149.52, 277.67,0
1404338704886,-177.54, -154.44, -148.32, 278.16,0
1404338704887,-179.88, -153.42, -147.54, 278.68,0
1404338704888,-182.34, -151.98, -146.34, 278.86,0
1404338704889,-184.56, -150.42, -144.78, 278.66,0
1404338704890,-186.90, -148.50, -142.92, 278.23,0
1404338704891,-189.24, -146.46, -140.82, 277.66,0
1404338704892,-191.88, -144.36, -138.72, 277.31,0
1404338704893,-194.16, -142.02, -135.36, 276.03,0
1404338705062,-196.56, -139.44, -131.10, 274.35,0
1404338705063,-198.96, -136.92, -125.76, 272.30,0
1404338705063,-201.36, -134.28, -119.64, 269.98,0
1404338705064,-203.76, -131.04, -112.20, 266.98,0
1404338705064,-205.68, -127.38, -103.44, 263.12,0
1404338705065,-207.12, -123.42, -93.30, 258.53,0
1404338705065,-207.42, -119.16, -81.30, 252.65,0
1404338705066,-207.00, -115.08, -68.40, 246.52,0
1404338705069,-206.40, -110.82, -54.54, 240.53,0
1404338705214,-205.86, -106.80, -39.96, 235.33,0
1404338705215,-205.50, -103.32, -25.26, 231.39,0
1404338705216,-205.50, -100.80, -11.40, 229.17,0
1404338705217,-206.34, -98.82, 1.20, 228.79,0
1404338705218,-207.48, -97.08, 12.18, 229.39,0
1404338705219,-209.52, -95.22, 20.82, 231.08,0
1404338705219,-212.28, -93.12, 27.96, 233.49,0
1404338705350,-213.96, -90.54, 33.66, 234.75,0
1404338705350,-215.10, -86.88, 38.04, 235.08,0
1404338705352,-214.32, -84.06, 40.20, 233.70,0
1404338705352,-212.16, -81.36, 40.86, 230.87,0
1404338705353,-209.34, -79.08, 40.14, 227.35,0
1404338705354,-205.68, -77.34, 38.46, 223.08,0
1404338705354,-201.36, -76.14, 36.18, 218.29,0
1404338705369,-195.60, -75.90, 33.42, 212.45,0
1404338705489,-190.92, -76.32, 29.46, 207.71,0
1404338705490,-186.06, -77.82, 24.96, 203.22,0
1404338705492,-182.10, -78.48, 21.30, 199.43,0
1404338705493,-178.92, -78.66, 18.42, 196.31,0
1404338705493,-175.62, -78.72, 16.38, 193.15,0
1404338705494,-172.86, -78.48, 15.06, 190.44,0
1404338705657,-170.40, -78.36, 14.58, 188.12,0
1404338705658,-169.74, -77.82, 13.98, 187.25,0
1404338705659,-168.84, -77.58, 13.80, 186.32,0
1404338705659,-168.54, -77.52, 13.62, 186.01,0
1404338705660,-168.42, -77.22, 13.44, 185.77,0
1404338705661,-168.24, -77.10, 13.44, 185.55,0
1404338705661,-167.82, -76.50, 13.44, 184.92,0
1404338705662,-166.86, -75.54, 13.80, 183.68,0
1404338705671,-165.12, -74.28, 14.16, 181.61,0
1404338705805,-161.70, -72.72, 15.24, 177.95,0
1404338705805,-157.86, -70.50, 16.68, 173.69,0
1404338705806,-152.94, -68.16, 18.30, 168.44,0
1404338705808,-147.36, -65.34, 20.04, 162.44,0
1404338705808,-141.48, -62.28, 21.48, 156.07,0
1404338705809,-135.12, -59.16, 22.74, 149.25,0
1404338705813,-129.18, -56.46, 23.94, 143.00,0
1404338705950,-124.02, -54.24, 24.66, 137.59,0
1404338705951,-119.94, -52.26, 25.32, 133.26,0
1404338705951,-115.74, -50.34, 25.32, 128.73,0
1404338705952,-111.90, -48.18, 25.32, 124.43,0
1404338705953,-107.34, -46.14, 25.02, 119.49,0
1404338705953,-101.88, -43.50, 24.54, 113.46,0
1404338705954,-95.94, -40.62, 23.70, 106.85,0
1404338706097,-78.78, -31.50, 18.54, 86.85,0
1404338706098,-69.12, -26.52, 15.36, 75.61,0
1404338706098,-59.94, -22.20, 12.60, 65.15,0
1404338706099,-51.84, -18.36, 9.60, 55.83,0
1404338706099,-45.18, -14.82, 6.90, 48.05,0
1404338706100,-39.66, -11.82, 4.56, 41.63,0
1404338706231,-35.58, -10.02, 2.70, 37.06,0
1404338706232,-33.30, -9.42, 1.62, 34.64,0
1404338706232,-33.30, -9.66, 2.04, 34.73,0
1404338706233,-33.60, -9.96, 2.34, 35.12,0
1404338706233,-33.90, -10.20, 2.46, 35.49,0
1404338706234,-33.84, -10.26, 2.70, 35.46,0
1404338706234,-33.84, -10.44, 2.76, 35.52,0
1404338706249,-33.78, -10.92, 2.70, 35.60,0
1404338706367,-33.84, -10.92, 2.82, 35.67,0
1404338706369,-34.14, -10.74, 2.88, 35.91,0
1404338706370,-34.20, -10.92, 3.12, 36.04,0
1404338706370,-34.14, -11.16, 3.12, 36.05,0
1404338706371,-34.20, -11.34, 3.18, 36.17,0
1404338706372,-34.32, -11.28, 3.00, 36.25,0
1404338706498,-34.08, -11.52, 3.48, 36.14,0
1404338706499,-34.02, -11.88, 3.90, 36.25,0
1404338706500,-34.02, -12.00, 3.90, 36.28,0
1404338706500,-34.20, -12.24, 3.84, 36.53,0
1404338706502,-34.20, -12.48, 3.72, 36.60,0
1404338706502,-34.20, -12.30, 4.02, 36.57,0
1404338706509,-34.02, -12.42, 3.96, 36.43,0
1404338706632,-34.08, -12.78, 4.14, 36.63,0
1404338706632,-34.20, -12.66, 3.96, 36.68,0
1404338706633,-34.62, -12.48, 3.60, 36.98,0
1404338706634,-34.62, -12.30, 3.54, 36.91,0
1404338706635,-34.38, -12.24, 3.42, 36.65,0
1404338706635,-34.26, -12.06, 3.48, 36.49,0
1404338706649,-34.02, -12.06, 3.30, 36.24,0
1404338706767,-34.26, -11.58, 3.12, 36.30,0
1404338706768,-34.26, -11.22, 3.06, 36.18,0
1404338706770,-34.32, -10.80, 3.06, 36.11,0
1404338706772,-34.14, -10.56, 3.06, 35.87,0
1404338706773,-34.02, -10.32, 3.00, 35.68,0
1404338706774,-34.26, -9.72, 3.12, 35.75,0
1404338706897,-34.14, -9.24, 2.76, 35.48,0
1404338706897,-34.56, -8.70, 2.34, 35.71,0
1404338706898,-34.56, -8.28, 1.98, 35.59,0
1404338706898,-34.68, -7.62, 1.62, 35.54,0
1404338706899,-34.86, -7.02, 1.02, 35.57,0
1404338706899,-34.98, -6.12, 0.78, 35.52,0
1404338706910,-34.92, -5.46, 0.30, 35.35,0
1404338707032,-34.92, -5.22, -0.42, 35.31,0
1404338707032,-35.16, -4.92, -0.54, 35.51,0
1404338707034,-34.92, -4.68, -0.84, 35.24,0
1404338707034,-34.98, -4.32, -1.02, 35.26,0
1404338707035,-34.74, -4.14, -1.44, 35.02,0
1404338707035,-34.56, -4.14, -1.68, 34.85,0
1404338707049,-34.14, -4.14, -1.98, 34.45,0
1404338707167,-34.26, -4.08, -2.16, 34.57,0
1404338707167,-33.90, -3.90, -2.22, 34.20,0
1404338707168,-33.72, -3.84, -2.88, 34.06,0
1404338707168,-33.54, -3.60, -3.30, 33.89,0
1404338707169,-33.42, -3.66, -3.78, 33.83,0
1404338707170,-33.36, -3.48, -3.96, 33.77,0
1404338707296,-32.88, -3.06, -4.38, 33.31,0
1404338707297,-32.94, -2.76, -4.86, 33.41,0
1404338707297,-32.82, -2.40, -5.34, 33.34,0
1404338707298,-32.70, -1.80, -6.12, 33.32,0
1404338707298,-32.70, -1.20, -6.84, 33.43,0
1404338707299,-32.58, -0.84, -7.50, 33.44,0
1404338707310,-31.98, -0.90, -7.98, 32.97,0
1404338707428,-31.68, -0.90, -8.64, 32.85,0
1404338707429,-31.74, -1.32, -9.54, 33.17,0
1404338707429,-31.50, -1.80, -10.44, 33.23,0
1404338707430,-31.26, -2.52, -11.22, 33.31,0
1404338707430,-31.20, -3.42, -11.58, 33.45,0
1404338707431,-30.84, -4.26, -11.94, 33.34,0
1404338707449,-30.42, -4.92, -12.06, 33.09,0
1404338707609,-30.54, -5.22, -12.42, 33.38,0
1404338707609,-30.36, -5.88, -12.84, 33.48,0
1404338707610,-30.48, -6.24, -13.14, 33.77,0
1404338707612,-30.42, -6.60, -13.32, 33.86,0
1404338707612,-30.36, -6.54, -13.80, 33.98,0
1404338707613,-30.06, -6.54, -14.22, 33.89,0
1404338707614,-29.82, -6.78, -14.58, 33.88,0
1404338707614,-29.64, -7.02, -15.48, 34.17,0
1404338707629,-28.38, -7.26, -16.44, 33.59,0
1404338707760,-27.12, -7.56, -18.06, 33.45,0
1404338707761,-25.50, -7.86, -19.56, 33.09,0
1404338707761,-23.70, -8.34, -21.06, 32.78,0
1404338707762,-21.72, -9.06, -22.56, 32.60,0
1404338707762,-19.80, -9.90, -24.18, 32.78,0
1404338707763,-17.88, -10.62, -25.74, 33.09,0
1404338707875,-15.90, -11.16, -26.76, 33.07,0
1404338707876,-14.94, -11.64, -27.60, 33.47,0
1404338707877,-13.74, -12.24, -27.54, 33.12,0
1404338707878,-13.14, -12.84, -27.72, 33.26,0
1404338707879,-12.90, -13.26, -27.96, 33.53,0
1404338707880,-12.66, -13.38, -27.90, 33.43,0
1404338707890,-12.24, -13.44, -27.60, 33.05,0
1404338708007,-12.48, -13.38, -27.54, 33.06,0
1404338708007,-12.84, -13.74, -27.66, 33.45,0
1404338708008,-13.02, -13.68, -27.72, 33.54,0
1404338708008,-13.26, -13.80, -27.78, 33.73,0
1404338708009,-13.44, -13.74, -27.72, 33.73,0
1404338708009,-13.62, -13.80, -27.60, 33.73,0
1404338708173,-13.50, -14.04, -27.30, 33.54,0
1404338708173,-14.10, -13.74, -27.48, 33.80,0
1404338708174,-14.40, -13.86, -27.48, 33.98,0
1404338708175,-14.94, -13.62, -27.36, 34.02,0
1404338708176,-15.36, -13.62, -27.36, 34.21,0
1404338708177,-15.90, -13.38, -27.36, 34.36,0
1404338708178,-16.14, -13.68, -27.12, 34.40,0
1404338708178,-16.38, -13.56, -26.94, 34.32,0
1404338708189,-16.80, -13.32, -26.76, 34.29,0
1404338708330,-17.34, -13.62, -26.70, 34.63,0
1404338708330,-17.34, -13.50, -26.40, 34.35,0
1404338708331,-17.64, -13.50, -26.28, 34.41,0
1404338708332,-18.12, -13.62, -25.98, 34.48,0
1404338708332,-18.42, -13.50, -25.98, 34.59,0
1404338708333,-18.60, -13.08, -25.86, 34.44,0
1404338708334,-18.84, -12.60, -25.68, 34.25,0
1404338708465,-19.14, -12.66, -25.74, 34.48,0
1404338708466,-19.14, -12.42, -25.44, 34.17,0
1404338708467,-19.44, -11.94, -25.32, 34.08,0
1404338708468,-19.32, -11.76, -25.20, 33.86,0
1404338708469,-19.56, -11.52, -25.08, 33.83,0
1404338708470,-19.68, -11.28, -24.90, 33.68,0
1404338708470,-20.04, -10.98, -24.84, 33.75,0
1404338708596,-20.10, -11.10, -24.54, 33.61,0
1404338708597,-20.40, -10.92, -24.42, 33.64,0
1404338708598,-20.58, -11.04, -24.36, 33.75,0
1404338708598,-20.88, -11.40, -24.18, 33.92,0
1404338708599,-21.12, -11.70, -23.82, 33.92,0
1404338708600,-21.12, -11.94, -23.52, 33.79,0
1404338708609,-21.00, -12.36, -23.10, 33.58,0
1404338708730,-21.30, -12.90, -22.62, 33.64,0
1404338708730,-21.84, -13.32, -22.26, 33.91,0
1404338708731,-22.08, -13.74, -21.78, 33.92,0
1404338708732,-22.56, -14.16, -21.24, 34.07,0
1404338708733,-22.74, -14.58, -20.82, 34.11,0
1404338708734,-23.04, -15.06, -20.28, 34.19,0
1404338708858,-22.98, -15.60, -19.80, 34.11,0
1404338708859,-23.46, -16.26, -19.44, 34.54,0
1404338708860,-23.40, -16.74, -18.96, 34.46,0
1404338708861,-23.22, -17.22, -18.48, 34.31,0
1404338708862,-23.34, -17.70, -18.18, 34.48,0
1404338708863,-23.16, -18.30, -17.94, 34.54,0
1404338708870,-22.68, -19.02, -17.40, 34.34,0
1404338709022,-22.44, -19.86, -16.86, 34.38,0
1404338709023,-22.68, -20.70, -16.50, 34.86,0
1404338709024,-22.56, -21.60, -15.96, 35.07,0
1404338709025,-22.26, -22.50, -15.54, 35.26,0
1404338709025,-21.84, -23.64, -15.36, 35.66,0
1404338709026,-21.18, -24.84, -14.88, 35.88,0
1404338709027,-20.28, -26.16, -14.46, 36.12,0
1404338709035,-19.56, -27.42, -14.28, 36.58,0
1404338709157,-18.24, -28.80, -13.92, 36.82,0
1404338709158,-16.68, -29.88, -13.62, 36.83,0
1404338709159,-15.66, -30.72, -13.20, 36.92,0
1404338709160,-14.82, -31.68, -12.66, 37.20,0
1404338709161,-13.80, -32.46, -11.88, 37.22,0
1404338709162,-13.26, -33.36, -11.28, 37.63,0
1404338709170,-12.42, -33.72, -10.32, 37.39,0
1404338709298,-12.36, -34.38, -9.24, 37.68,0
1404338709299,-12.54, -34.50, -8.22, 37.62,0
1404338709300,-12.66, -35.04, -7.20, 37.95,0
1404338709301,-12.36, -35.76, -5.82, 38.28,0
1404338709302,-12.06, -36.30, -4.50, 38.51,0
1404338709303,-12.24, -36.48, -2.82, 38.58,0
1404338709310,-12.12, -36.66, -1.02, 38.62,0
1404338709465,-12.72, -36.84, 0.78, 38.98,0
1404338709466,-13.32, -36.36, 3.00, 38.84,0
1404338709466,-13.98, -36.06, 5.22, 39.03,0
1404338709467,-14.76, -35.34, 7.44, 39.01,0
1404338709467,-15.72, -34.32, 9.66, 38.97,0
1404338709468,-16.62, -33.06, 12.06, 38.92,0
1404338709469,-17.58, -31.74, 14.46, 39.06,0
1404338709469,-18.66, -30.24, 16.92, 39.36,0
1404338709596,-18.96, -28.68, 19.38, 39.47,0
1404338709597,-19.14, -26.82, 21.66, 39.43,0
1404338709598,-19.50, -24.84, 23.76, 39.52,0
1404338709599,-19.74, -22.50, 26.16, 39.75,0
1404338709599,-20.16, -20.40, 28.20, 40.22,0
1404338709600,-20.40, -18.18, 30.12, 40.67,0
1404338709609,-20.16, -16.08, 31.80, 40.94,0
1404338709730,-19.92, -14.04, 33.18, 41.17,0
1404338709731,-20.28, -11.58, 34.20, 41.41,0
1404338709732,-20.40, -9.66, 34.92, 41.58,0
1404338709732,-20.28, -7.80, 35.58, 41.69,0
1404338709733,-20.10, -6.12, 36.12, 41.79,0
1404338709734,-19.80, -4.38, 36.42, 41.69,0
1404338709855,-19.38, -2.82, 36.66, 41.56,0
1404338709856,-19.56, -1.62, 36.60, 41.53,0
1404338709856,-19.50, -0.48, 36.30, 41.21,0
1404338709857,-19.50, 0.12, 36.54, 41.42,0
1404338709858,-19.44, 0.54, 36.54, 41.39,0
1404338709859,-19.86, 0.42, 36.54, 41.59,0
1404338709870,-20.04, -0.12, 36.48, 41.62,0
1404338709996,-20.40, -0.96, 36.06, 41.44,0
1404338709997,-21.18, -2.52, 35.46, 41.38,0
1404338709998,-21.66, -4.26, 34.80, 41.21,0
1404338709998,-22.32, -6.48, 33.90, 41.10,0
1404338709999,-22.74, -9.24, 32.46, 40.70,0
1404338710000,-23.04, -12.30, 30.60, 40.23,0
1404338710157,-22.62, -15.60, 28.32, 39.46,0
1404338710158,-22.80, -18.90, 25.20, 38.89,0
1404338710159,-30.66, -20.70, 16.86, 40.65,0
1404338710159,-30.06, -23.76, 13.38, 40.59,0
1404338710160,-29.22, -26.40, 9.90, 40.61,0
1404338710161,-28.38, -28.62, 6.42, 40.81,0
1404338710161,-27.54, -30.24, 3.18, 41.02,0
1404338710162,-25.92, -31.80, 0.24, 41.03,0
1404338710170,-25.32, -32.34, -2.10, 41.13,0
1404338710294,-24.84, -32.52, -4.20, 41.14,0
1404338710295,-24.36, -32.52, -5.70, 41.03,0
1404338710296,-24.30, -32.52, -6.96, 41.19,0
1404338710296,-24.06, -32.34, -7.98, 41.09,0
1404338710297,-24.30, -32.16, -8.52, 41.20,0
1404338710298,-24.54, -31.98, -9.30, 41.37,0
1404338710424,-24.72, -31.44, -9.96, 41.22,0
1404338710425,-25.20, -31.02, -11.10, 41.48,0
1404338710426,-25.26, -30.84, -12.12, 41.67,0
1404338710426,-25.26, -30.18, -13.32, 41.55,0
1404338710427,-25.38, -28.92, -14.88, 41.25,0
1404338710428,-25.56, -27.66, -16.80, 41.24,0
1404338710433,-25.38, -26.04, -19.02, 41.04,0
1404338710585,-25.08, -24.00, -21.24, 40.70,0
1404338710585,-25.26, -21.96, -23.58, 40.94,0
1404338710586,-25.38, -19.92, -25.26, 40.98,0
1404338710587,-25.86, -17.64, -26.58, 41.07,0
1404338710588,-26.58, -15.72, -27.24, 41.18,0
1404338710589,-27.66, -13.80, -27.36, 41.28,0
1404338710590,-28.98, -11.46, -26.82, 41.12,0
1404338710590,-30.72, -9.00, -25.68, 41.04,0
1404338710724,-32.34, -6.72, -23.70, 40.65,0
1404338710725,-34.08, -4.50, -21.12, 40.35,0
1404338710725,-35.88, -2.40, -18.48, 40.43,0
1404338710726,-37.44, -0.72, -15.36, 40.47,0
1404338710727,-38.82, 0.96, -12.24, 40.72,0
1404338710727,-39.54, 2.10, -9.06, 40.62,0
1404338710732,-40.26, 2.64, -5.82, 40.76,0
1404338710859,-40.50, 2.46, -3.24, 40.70,0
1404338710859,-41.10, 2.58, -1.26, 41.20,0
1404338710860,-41.40, 2.58, 0.54, 41.48,0
1404338710862,-41.28, 2.64, 2.34, 41.43,0
1404338710863,-41.16, 3.18, 3.60, 41.44,0
1404338710864,-40.92, 3.54, 4.74, 41.35,0
1404338710870,-40.50, 4.14, 6.00, 41.15,0
1404338710991,-40.08, 4.68, 6.96, 40.95,0
1404338710992,-39.96, 5.22, 8.40, 41.17,0
1404338710992,-39.78, 5.34, 9.96, 41.35,0
1404338710993,-39.18, 5.58, 11.28, 41.15,0
1404338710994,-38.64, 5.70, 12.60, 41.04,0
1404338710994,-38.10, 5.64, 14.04, 40.99,0
1404338711119,-37.26, 5.28, 15.72, 40.78,0
1404338711120,-36.96, 5.10, 16.92, 40.97,0
1404338711121,-36.42, 4.80, 18.24, 41.01,0
1404338711122,-35.82, 4.56, 19.44, 41.01,0
1404338711123,-35.22, 4.50, 20.52, 41.01,0
1404338711124,-34.68, 4.26, 21.54, 41.05,0
1404338711130,-34.14, 4.20, 22.62, 41.17,0
1404338711255,-33.96, 3.96, 23.64, 41.57,0
1404338711256,-34.02, 4.38, 23.82, 41.76,0
1404338711257,-33.66, 4.44, 24.24, 41.72,0
1404338711258,-33.42, 4.80, 24.66, 41.81,0
1404338711259,-32.94, 5.16, 25.08, 41.72,0
1404338711259,-32.40, 5.46, 25.62, 41.66,0
1404338711270,-31.50, 5.88, 26.52, 41.59,0
1404338711390,-31.02, 6.06, 27.00, 41.57,0
1404338711391,-30.00, 6.24, 27.78, 41.36,0
1404338711392,-29.10, 6.12, 29.04, 41.56,0
1404338711392,-28.38, 6.30, 30.18, 41.90,0
1404338711393,-27.36, 6.00, 31.14, 41.88,0
1404338711394,-26.40, 5.58, 31.92, 41.80,0
1404338711520,-25.38, 4.86, 32.40, 41.44,0
1404338711521,-25.44, 3.96, 32.76, 41.67,0
1404338711522,-25.32, 3.00, 33.06, 41.75,0
1404338711523,-25.32, 1.92, 33.30, 41.88,0
1404338711523,-25.44, 0.90, 33.00, 41.68,0
1404338711524,-25.68, -0.06, 32.88, 41.72,0
1404338711530,-26.04, -0.66, 32.88, 41.95,0
1404338711655,-26.76, -1.38, 33.00, 42.51,0
1404338711656,-27.60, -1.80, 32.88, 42.97,0
1404338711657,-28.08, -1.86, 32.58, 43.05,0
1404338711658,-28.44, -1.92, 32.46, 43.20,0
1404338711659,-28.74, -1.50, 32.16, 43.16,0
1404338711659,-29.10, -1.14, 32.28, 43.48,0
1404338711785,-29.10, -0.78, 32.16, 43.38,0
1404338711786,-29.28, -0.48, 31.80, 43.23,0
1404338711787,-29.34, 0.18, 31.26, 42.87,0
1404338711788,-29.52, 0.72, 31.08, 42.87,0
1404338711788,-29.70, 1.02, 30.90, 42.87,0
1404338711789,-29.82, 1.26, 30.54, 42.70,0
1404338711795,-30.00, 1.62, 30.18, 42.58,0
1404338711916,-30.06, 1.68, 29.94, 42.46,0
1404338711917,-30.48, 1.74, 29.70, 42.59,0
1404338711917,-30.84, 1.98, 29.70, 42.86,0
1404338711918,-31.08, 2.22, 29.64, 43.00,0
1404338711919,-31.08, 2.64, 29.70, 43.07,0
1404338711920,-31.14, 3.18, 29.88, 43.27,0
1404338711929,-30.96, 3.90, 30.06, 43.33,0
1404338712049,-31.38, 4.38, 29.70, 43.43,0
1404338712049,-32.04, 5.16, 28.98, 43.51,0
1404338712050,-32.64, 5.82, 27.96, 43.37,0
1404338712051,-33.42, 6.42, 26.58, 43.18,0
1404338712052,-34.32, 6.96, 25.20, 43.14,0
1404338712053,-35.46, 7.38, 23.10, 42.96,0
1404338712182,-36.24, 7.80, 20.88, 42.55,0
1404338712183,-37.56, 8.28, 18.54, 42.70,0
1404338712184,-38.10, 8.94, 16.14, 42.33,0
1404338712185,-38.52, 9.78, 13.98, 42.13,0
1404338712186,-35.52, 10.86, 11.58, 38.91,0
1404338712187,-35.46, 12.18, 9.96, 38.79,0
1404338712192,-35.10, 13.56, 8.28, 38.53,0
1404338712315,-34.44, 14.88, 7.38, 38.24,0
1404338712316,-34.50, 16.14, 6.00, 38.56,0
1404338712317,-34.32, 17.22, 4.92, 38.71,0
1404338712318,-34.38, 17.58, 4.14, 38.84,0
1404338712319,-34.44, 17.46, 3.24, 38.75,0
1404338712319,-34.56, 16.92, 2.52, 38.56,0
1404338712331,-34.80, 15.66, 1.92, 38.21,0
1404338712451,-35.40, 14.34, 1.02, 38.21,0
1404338712451,-36.24, 12.60, -0.12, 38.37,0
1404338712452,-36.72, 10.50, -0.54, 38.20,0
1404338712453,-37.20, 7.98, -0.90, 38.06,0
1404338712454,-37.44, 5.40, -0.90, 37.84,0
1404338712455,-37.56, 2.46, -0.60, 37.65,0
1404338712580,-37.26, -0.60, 0.18, 37.27,0
1404338712581,-36.96, -3.66, 0.72, 37.15,0
1404338712582,-36.48, -7.02, 1.74, 37.19,0
1404338712583,-35.58, -10.38, 3.00, 37.18,0
1404338712583,-34.38, -13.74, 4.14, 37.25,0
1404338712584,-33.18, -16.56, 5.22, 37.45,0
1404338712590,-31.80, -18.90, 6.36, 37.54,0
1404338712713,-30.42, -21.24, 7.26, 37.81,0
1404338712714,-29.16, -23.28, 7.32, 38.02,0
1404338712715,-27.72, -25.26, 7.20, 38.19,0
1404338712716,-25.74, -27.06, 6.90, 37.98,0
1404338712717,-23.82, -28.80, 6.36, 37.91,0
1404338712718,-21.90, -30.12, 5.64, 37.66,0
1404338712730,-19.32, -31.74, 4.80, 37.47,0
1404338712849,-16.08, -33.24, 3.72, 37.11,0
1404338712850,-13.32, -34.32, 2.70, 36.91,0
1404338712851,-10.50, -35.34, 1.92, 36.92,0
1404338712852,-7.26, -36.00, 1.62, 36.76,0
1404338712853,-4.02, -36.48, 1.26, 36.72,0
1404338712854,-0.36, -36.42, 1.26, 36.44,0
1404338713013,3.72, -36.06, 1.56, 36.28,0
1404338713014,7.20, -34.86, 2.04, 35.65,0
1404338713015,10.50, -32.64, 2.88, 34.41,0
1404338713015,13.56, -29.76, 4.08, 32.96,0
1404338713016,16.80, -26.76, 5.28, 32.03,0
1404338713017,19.68, -23.28, 6.54, 31.18,0
1404338713018,22.20, -18.72, 8.28, 30.20,0
1404338713019,24.42, -14.22, 9.36, 29.77,0
1404338713030,26.28, -9.96, 10.20, 29.90,0
1404338713153,27.84, -6.12, 10.74, 30.46,0
1404338713154,29.58, -3.36, 10.98, 31.73,0
1404338713154,31.02, -0.84, 10.74, 32.84,0
1404338713155,31.74, 1.68, 10.32, 33.42,0
1404338713156,32.28, 3.60, 9.48, 33.84,0
1404338713157,32.76, 4.38, 8.16, 34.04,0
1404338713283,33.12, 4.74, 7.14, 34.21,0
1404338713284,32.52, 4.98, 5.76, 33.40,0
1404338713285,31.98, 4.74, 3.78, 32.55,0
1404338713286,31.02, 4.26, 1.44, 31.34,0
1404338713286,29.52, 3.24, -1.02, 29.71,0
1404338713287,27.48, 1.98, -3.78, 27.81,0
1404338713292,24.78, 0.48, -6.60, 25.65,0
1404338713419,21.72, -1.44, -9.48, 23.74,0
1404338713420,17.82, -3.00, -12.42, 21.93,0
1404338713420,13.80, -4.38, -14.94, 20.80,0
1404338713421,9.36, -5.70, -16.92, 20.16,0
1404338713422,5.04, -6.84, -18.60, 20.45,0
1404338713423,0.84, -7.68, -19.98, 21.42,0
1404338713430,-2.70, -7.98, -20.94, 22.57,0
1404338713548,-6.36, -7.86, -21.72, 23.96,0
1404338713549,-9.96, -7.14, -22.02, 25.20,0
1404338713550,-13.56, -6.48, -22.44, 27.01,0
1404338713550,-16.56, -5.52, -22.86, 28.76,0
1404338713551,-19.14, -4.38, -23.10, 30.32,0
1404338713552,-21.48, -2.94, -23.10, 31.68,0
1404338713677,-22.80, -1.98, -23.10, 32.52,0
1404338713678,-24.48, -1.68, -23.16, 33.74,0
1404338713679,-25.56, -1.44, -23.40, 34.68,0
1404338713680,-26.28, -1.44, -23.64, 35.38,0
1404338713680,-26.64, -1.50, -23.52, 35.57,0
1404338713681,-26.88, -1.92, -23.04, 35.46,0
1404338713690,-26.94, -2.46, -22.56, 35.22,0
1404338713814,-27.54, -3.42, -22.32, 35.61,0
1404338713815,-28.32, -4.32, -21.60, 35.88,0
1404338713816,-28.86, -5.04, -20.76, 35.91,0
1404338713817,-29.22, -5.88, -19.44, 35.59,0
1404338713818,-29.52, -6.78, -18.36, 35.42,0
1404338713819,-29.82, -8.22, -17.16, 35.37,0
1404338713945,-29.82, -9.72, -15.84, 35.14,0
1404338713945,-29.82, -11.34, -14.52, 35.05,0
1404338713946,-29.46, -12.78, -12.96, 34.63,0
1404338713947,-29.52, -13.56, -11.34, 34.41,0
1404338713948,-29.70, -14.28, -10.02, 34.44,0
1404338713949,-30.00, -15.18, -8.82, 34.76,0
1404338713950,-30.30, -15.54, -7.44, 34.86,0
1404338714119,-30.24, -15.84, -5.88, 34.64,0
1404338714120,-30.60, -15.96, -4.86, 34.85,0
1404338714121,-31.26, -15.96, -3.42, 35.26,0
1404338714121,-31.62, -15.90, -1.98, 35.45,0
1404338714122,-31.92, -15.72, -0.36, 35.58,0
1404338714123,-31.98, -15.30, 1.68, 35.49,0
1404338714123,-31.80, -15.00, 4.08, 35.40,0
1404338714124,-31.56, -14.64, 6.84, 35.46,0
1404338714291,-31.08, -14.22, 9.72, 35.53,0
1404338714292,-30.72, -13.62, 12.90, 35.99,0
1404338714292,-29.88, -12.96, 15.84, 36.22,0
1404338714293,-29.16, -12.06, 18.66, 36.66,0
1404338714294,-28.38, -11.16, 21.24, 37.16,0
1404338714294,-27.54, -10.56, 23.70, 37.84,0
1404338714296,-26.94, -9.60, 25.80, 38.52,0
1404338714297,-26.22, -8.76, 27.30, 38.85,0
1404338714297,-26.16, -7.50, 28.44, 39.36,0
1404338714312,-25.08, -6.42, 29.70, 39.40,0
1404338714446,-24.36, -5.46, 30.78, 39.63,0
1404338714447,-23.64, -4.56, 31.74, 39.84,0
1404338714447,-22.74, -4.02, 32.70, 40.03,0
1404338714448,-21.90, -2.88, 33.54, 40.16,0
1404338714448,-20.88, -1.74, 34.44, 40.31,0
1404338714449,-20.04, -0.60, 35.28, 40.58,0
1404338714450,-19.32, 0.48, 35.94, 40.81,0
1404338714588,-18.96, 1.56, 36.18, 40.88,0
1404338714589,-18.66, 3.30, 36.42, 41.05,0
1404338714589,-18.66, 5.04, 36.36, 41.18,0
1404338714590,-18.54, 6.96, 36.12, 41.19,0
1404338714591,-18.66, 8.64, 35.64, 41.15,0
1404338714592,-18.96, 10.32, 34.86, 41.00,0
1404338714592,-19.14, 12.12, 33.84, 40.72,0
1404338714767,-18.78, 13.80, 33.18, 40.55,0
1404338714768,-19.14, 16.20, 31.92, 40.59,0
1404338714769,-19.38, 18.12, 30.48, 40.41,0
1404338714770,-19.62, 19.98, 28.98, 40.30,0
1404338714770,-19.80, 22.02, 27.24, 40.24,0
1404338714771,-19.92, 23.88, 25.74, 40.37,0
1404338714772,-19.98, 25.68, 23.94, 40.40,0
1404338714773,-19.98, 27.60, 22.38, 40.77,0
1404338714774,-20.16, 29.34, 20.46, 41.06,0
1404338714899,-19.98, 30.36, 19.02, 41.02,0
1404338714899,-19.80, 31.38, 17.34, 40.96,0
1404338714900,-19.38, 32.40, 15.84, 40.94,0
1404338714901,-19.50, 32.88, 14.70, 40.96,0
1404338714902,-19.26, 33.60, 13.26, 40.94,0
1404338714902,-18.78, 34.20, 12.00, 40.82,0
1404338715024,-18.48, 34.62, 10.68, 40.67,0
1404338715026,-18.42, 35.04, 9.42, 40.69,0
1404338715028,-18.30, 35.22, 8.40, 40.57,0
1404338715030,-18.24, 35.40, 7.74, 40.57,0
1404338715032,-18.24, 35.52, 7.50, 40.63,0
1404338715033,-18.06, 35.82, 6.84, 40.69,0
1404338715035,-18.06, 35.94, 6.66, 40.77,0
1404338715157,-17.88, 35.76, 6.84, 40.56,0
1404338715159,-18.06, 35.64, 7.08, 40.58,0
1404338715161,-18.06, 35.52, 7.26, 40.50,0
1404338715163,-18.36, 35.58, 7.56, 40.75,0
1404338715165,-18.36, 35.52, 7.74, 40.73,0
1404338715167,-18.48, 35.46, 7.68, 40.72,0
1404338715174,-18.06, 35.16, 8.04, 40.34,0
1404338715290,-18.12, 35.10, 8.22, 40.35,0
1404338715292,-18.66, 35.22, 7.98, 40.65,0
1404338715294,-18.42, 35.04, 7.92, 40.37,0
1404338715296,-18.42, 35.16, 8.04, 40.50,0
1404338715299,-18.24, 35.22, 7.92, 40.45,0
1404338715301,-18.12, 35.34, 7.86, 40.48,0
1404338715313,-17.64, 35.40, 8.16, 40.38,0
1404338715472,-18.12, 35.64, 7.98, 40.77,0
1404338715473,-18.12, 35.76, 7.86, 40.85,0
1404338715475,-18.12, 35.58, 8.04, 40.73,0
1404338715477,-18.42, 35.76, 7.92, 41.00,0
1404338715479,-18.42, 35.76, 7.98, 41.01,0
1404338715481,-18.60, 35.82, 7.86, 41.12,0
1404338715483,-18.54, 35.76, 7.92, 41.05,0
1404338715486,-18.96, 35.76, 7.50, 41.16,0
1404338715497,-18.60, 35.70, 7.80, 41.00,0
1404338715655,-18.60, 35.64, 8.04, 41.00,0
1404338715656,-18.48, 35.64, 8.10, 40.96,0
1404338715657,-18.36, 35.46, 8.28, 40.78,0
1404338715659,-18.36, 35.40, 8.16, 40.70,0
1404338715661,-18.36, 35.40, 8.46, 40.77,0
1404338715663,-18.48, 35.28, 8.76, 40.78,0
1404338715665,-18.54, 35.10, 9.12, 40.73,0
1404338715667,-18.90, 34.92, 9.24, 40.77,0
1404338715698,-18.36, 34.74, 9.60, 40.45,0
1404338715699,-18.18, 34.74, 10.08, 40.48,0
1404338715855,-18.24, 34.56, 10.50, 40.46,0
1404338715856,-18.36, 34.50, 11.16, 40.64,0
1404338715857,-18.48, 34.14, 11.58, 40.51,0
1404338715858,-18.60, 33.90, 11.94, 40.47,0
1404338715859,-18.60, 33.78, 12.48, 40.53,0
1404338715860,-18.78, 33.60, 12.96, 40.62,0
1404338715861,-19.56, 33.36, 13.38, 40.92,0
1404338715862,-19.98, 32.88, 13.80, 40.87,0
1404338715873,-19.86, 32.28, 14.52, 40.59,0
1404338715997,-20.10, 31.80, 15.00, 40.50,0
1404338715998,-20.34, 31.44, 15.54, 40.54,0
1404338715999,-20.40, 30.90, 16.08, 40.37,0
1404338716000,-20.70, 30.42, 16.62, 40.37,0
1404338716001,-20.70, 29.82, 17.28, 40.20,0
1404338716002,-20.76, 29.22, 17.94, 40.08,0
1404338716131,-20.64, 28.56, 18.66, 39.87,0
1404338716132,-21.24, 27.96, 19.14, 39.99,0
1404338716133,-21.36, 27.30, 19.86, 39.95,0
1404338716134,-21.30, 26.64, 20.58, 39.84,0
1404338716134,-21.42, 26.28, 21.24, 40.01,0
1404338716135,-21.42, 25.74, 21.84, 39.98,0
1404338716136,-21.60, 25.26, 22.32, 40.04,0
1404338716151,-21.36, 24.78, 22.74, 39.84,0
1404338716275,-21.48, 24.72, 23.28, 40.18,0
1404338716275,-21.30, 24.48, 23.52, 40.08,0
1404338716276,-21.30, 24.12, 23.82, 40.04,0
1404338716277,-21.24, 23.94, 24.06, 40.04,0
1404338716278,-21.36, 23.52, 24.18, 39.93,0
1404338716279,-21.36, 23.40, 24.24, 39.89,0
1404338716403,-20.94, 23.16, 24.66, 39.79,0
1404338716404,-21.24, 23.04, 24.72, 39.91,0
1404338716405,-21.36, 22.74, 24.72, 39.80,0
1404338716406,-21.48, 22.74, 24.84, 39.94,0
1404338716407,-21.36, 22.62, 24.78, 39.77,0
1404338716408,-21.72, 22.68, 24.78, 40.00,0
1404338716413,-21.60, 22.74, 25.02, 40.12,0
1404338716574,-21.60, 22.20, 25.56, 40.16,0
1404338716575,-21.96, 22.08, 25.50, 40.25,0
1404338716575,-22.02, 21.78, 25.74, 40.27,0
1404338716576,-22.26, 21.30, 26.10, 40.38,0
1404338716576,-22.32, 20.46, 26.58, 40.29,0
1404338716577,-22.56, 19.32, 27.42, 40.42,0
1404338716577,-22.26, 17.58, 28.32, 40.08,0
1404338716577,-22.26, 15.36, 29.16, 39.77,0
1404338716710,-21.60, 13.02, 30.30, 39.42,0
1404338716711,-21.06, 9.78, 31.32, 38.99,0
1404338716712,-20.34, 6.00, 32.22, 38.57,0
1404338716713,-19.26, 1.86, 32.82, 38.10,0
1404338716714,-18.54, -2.52, 32.76, 37.73,0
1404338716715,-17.58, -7.08, 31.98, 37.17,0
1404338716715,-16.80, -11.40, 30.48, 36.62,0
1404338716841,-15.84, -15.42, 28.68, 36.21,0
1404338716842,-16.08, -19.08, 25.50, 35.68,0
1404338716843,-16.38, -22.26, 21.78, 35.19,0
1404338716844,-16.98, -24.24, 17.52, 34.39,0
1404338716845,-17.94, -25.56, 12.72, 33.72,0
1404338716845,-18.96, -25.92, 8.16, 33.13,0
1404338716852,-20.10, -25.50, 3.96, 32.71,0
1404338717007,-21.72, -24.30, -0.24, 32.59,0
1404338717008,-23.52, -22.74, -4.02, 32.96,0
1404338717008,-24.84, -21.00, -7.32, 33.34,0
1404338717008,-25.86, -18.90, -9.84, 33.51,0
1404338717009,-26.70, -17.04, -11.82, 33.81,0
1404338717009,-27.42, -15.36, -12.96, 34.00,0
1404338717010,-27.66, -14.04, -13.92, 34.00,0
1404338717011,-28.26, -12.90, -14.88, 34.44,0
1404338717143,-27.84, -12.48, -14.76, 33.89,0
1404338717143,-27.84, -12.12, -14.82, 33.79,0
1404338717144,-27.72, -12.00, -14.52, 33.51,0
1404338717145,-27.96, -12.18, -13.68, 33.43,0
1404338717146,-27.96, -13.08, -12.18, 33.18,0
1404338717146,-27.96, -14.22, -10.44, 33.06,0
1404338717152,-27.60, -15.66, -7.80, 32.68,0
1404338717267,-27.06, -17.34, -4.32, 32.43,0
1404338717268,-26.82, -18.24, -0.78, 32.44,0
1404338717269,-26.04, -19.02, 3.54, 32.44,0
1404338717269,-24.90, -19.68, 8.58, 32.88,0
1404338717270,-23.46, -19.38, 13.68, 33.36,0
1404338717275,-22.20, -18.12, 18.36, 34.03,0
1404338717401,-20.52, -16.38, 23.34, 35.13,0
1404338717401,-19.32, -14.10, 27.48, 36.43,0
1404338717402,-18.24, -11.22, 30.78, 37.50,0
1404338717403,-16.92, -9.18, 33.60, 38.72,0
1404338717404,-15.90, -7.08, 36.00, 39.99,0
1404338717404,-15.06, -4.86, 37.38, 40.59,0
1404338717412,-14.34, -3.42, 38.28, 41.02,0
1404338717534,-13.98, -2.76, 38.82, 41.35,0
1404338717534,-13.98, -2.40, 38.76, 41.27,0
1404338717535,-13.92, -2.28, 38.64, 41.13,0
1404338717537,-13.92, -2.64, 38.52, 41.04,0
1404338717538,-14.64, -3.00, 38.46, 41.26,0
1404338717539,-15.18, -3.54, 37.68, 40.78,0
1404338717551,-15.84, -4.56, 37.26, 40.74,0
1404338717702,-16.92, -5.82, 36.18, 40.36,0
1404338717703,-17.94, -7.02, 34.92, 39.88,0
1404338717703,-18.96, -8.76, 33.18, 39.21,0
1404338717704,-20.10, -11.10, 30.78, 38.40,0
1404338717705,-21.48, -13.38, 27.36, 37.27,0
1404338717705,-22.74, -15.48, 22.56, 35.58,0
1404338717706,-24.00, -17.04, 17.22, 34.10,0
1404338717712,-25.14, -17.34, 11.22, 32.54,0
1404338717842,-25.92, -17.52, 5.64, 31.79,0
1404338717842,-26.52, -16.68, 0.06, 31.33,0
1404338717843,-27.12, -15.30, -5.16, 31.56,0
1404338717844,-27.66, -13.50, -9.66, 32.26,0
1404338717844,-27.90, -11.58, -13.08, 32.92,0
1404338717845,-27.72, -9.78, -15.36, 33.17,0
1404338717973,-27.36, -8.46, -16.50, 33.05,0
1404338717973,-27.12, -8.28, -17.22, 33.18,0
1404338717974,-26.70, -7.68, -18.18, 33.20,0
1404338717975,-26.40, -7.56, -19.08, 33.44,0
1404338717976,-25.92, -7.50, -19.80, 33.47,0
1404338717976,-25.38, -7.26, -20.40, 33.36,0
1404338717977,-24.96, -7.20, -21.00, 33.40,0
1404338718134,-24.66, -7.02, -20.76, 32.99,0
1404338718135,-25.08, -6.78, -20.52, 33.11,0
1404338718136,-26.10, -6.18, -19.20, 32.99,0
1404338718136,-27.12, -5.82, -16.62, 32.34,0
1404338718137,-28.08, -5.76, -12.96, 31.46,0
1404338718137,-29.10, -5.94, -8.40, 30.87,0
1404338718138,-30.00, -6.12, -3.24, 30.79,0
1404338718139,-30.42, -6.00, 2.10, 31.08,0
1404338718280,-30.60, -5.58, 7.32, 31.95,0
1404338718281,-30.12, -4.92, 12.66, 33.04,0
1404338718281,-29.22, -4.14, 17.22, 34.17,0
1404338718282,-28.62, -3.48, 20.88, 35.60,0
1404338718282,-27.48, -2.70, 23.76, 36.43,0
1404338718283,-26.52, -1.98, 25.56, 36.89,0
1404338718284,-25.86, -1.44, 26.70, 37.20,0
1404338718293,-24.96, -1.26, 27.66, 37.28,0
1404338718417,-25.20, -1.44, 27.90, 37.62,0
1404338718418,-25.14, -1.74, 27.96, 37.64,0
1404338718419,-24.96, -2.40, 27.72, 37.38,0
1404338718419,-24.78, -3.12, 27.42, 37.09,0
1404338718420,-25.02, -3.84, 26.94, 36.97,0
1404338718420,-25.44, -4.32, 26.58, 37.05,0
1404338718431,-24.96, -4.98, 26.58, 36.80,0
1404338718562,-25.68, -5.22, 26.10, 36.99,0
1404338718562,-25.68, -5.28, 25.62, 36.66,0
1404338718563,-25.86, -5.70, 25.20, 36.56,0
1404338718563,-26.40, -5.82, 24.84, 36.71,0
1404338718564,-26.64, -6.12, 24.24, 36.53,0
1404338718564,-26.88, -6.36, 23.52, 36.28,0
1404338718571,-26.88, -6.36, 23.10, 36.01,0
1404338718705,-27.60, -6.48, 22.08, 35.93,0
1404338718706,-27.90, -6.90, 20.88, 35.52,0
1404338718707,-28.44, -7.50, 19.56, 35.32,0
1404338718707,-29.10, -7.92, 17.64, 34.94,0
1404338718708,-29.46, -8.34, 15.48, 34.31,0
1404338718709,-30.12, -8.82, 13.08, 34.00,0
1404338718714,-30.72, -9.30, 10.68, 33.83,0
1404338718836,-31.14, -9.96, 8.58, 33.80,0
1404338718837,-31.56, -10.20, 6.78, 33.85,0
1404338718838,-31.68, -10.56, 5.58, 33.86,0
1404338718839,-31.68, -10.62, 5.46, 33.86,0
1404338718840,-31.50, -10.92, 6.42, 33.95,0
1404338718841,-30.96, -11.46, 8.34, 34.05,0
1404338718961,-29.46, -11.58, 11.64, 33.73,0
1404338718962,-27.90, -11.52, 15.36, 33.87,0
1404338718963,-26.40, -11.28, 19.08, 34.47,0
1404338718964,-24.60, -10.38, 23.10, 35.31,0
1404338718965,-22.38, -9.36, 27.42, 36.61,0
1404338718965,-19.74, -7.86, 31.08, 37.65,0
1404338718971,-17.10, -5.40, 34.50, 38.88,0
1404338719095,-14.28, -2.64, 37.20, 39.93,0
1404338719096,-12.00, 0.66, 39.12, 40.92,0
1404338719097,-9.90, 4.20, 40.50, 41.90,0
1404338719098,-8.10, 7.80, 41.10, 42.61,0
1404338719099,-6.42, 11.28, 41.34, 43.33,0
1404338719099,-5.28, 14.46, 41.10, 43.89,0
1404338719111,-4.26, 17.46, 41.04, 44.80,0
1404338719227,-3.72, 19.68, 40.26, 44.97,0
1404338719228,-3.42, 21.66, 39.30, 45.00,0
1404338719228,-3.66, 22.80, 38.70, 45.07,0
1404338719229,-3.54, 23.46, 38.10, 44.88,0
1404338719230,-3.42, 23.94, 37.86, 44.92,0
1404338719235,-3.42, 23.94, 37.74, 44.82,0
1404338719395,-3.12, 23.94, 37.68, 44.75,0
1404338719395,-3.42, 23.88, 37.50, 44.59,0
1404338719395,-3.66, 23.58, 37.50, 44.45,0
1404338719396,-4.20, 23.16, 37.68, 44.43,0
1404338719397,-4.86, 22.74, 37.62, 44.23,0
1404338719398,-5.46, 22.26, 37.80, 44.21,0
1404338719398,-6.24, 21.54, 37.98, 44.11,0
1404338719399,-7.14, 20.40, 38.28, 43.96,0
1404338719413,-8.40, 18.84, 38.52, 43.70,0
1404338719537,-9.60, 16.80, 38.76, 43.32,0
1404338719537,-11.04, 14.34, 38.70, 42.72,0
1404338719538,-12.60, 11.76, 38.76, 42.42,0
1404338719539,-14.28, 8.82, 38.28, 41.80,0
1404338719540,-16.26, 5.46, 37.14, 40.91,0
1404338719540,-18.48, 1.86, 35.64, 40.19,0
1404338719664,-20.46, -1.50, 33.48, 39.27,0
1404338719665,-22.86, -4.44, 30.48, 38.36,0
1404338719665,-24.96, -7.32, 27.00, 37.49,0
1404338719666,-26.76, -9.66, 23.40, 36.84,0
1404338719667,-28.14, -11.70, 18.90, 35.86,0
1404338719668,-29.04, -13.44, 14.46, 35.11,0
1404338719674,-29.70, -14.76, 9.90, 34.61,0
1404338719826,-29.52, -15.72, 5.40, 33.88,0
1404338719826,-29.40, -16.32, 0.84, 33.64,0
1404338719827,-28.56, -16.50, -3.42, 33.16,0
1404338719828,-27.54, -16.50, -7.44, 32.96,0
1404338719829,-26.28, -16.26, -11.40, 32.94,0
1404338719830,-24.90, -15.60, -14.76, 32.88,0
1404338719832,-23.46, -14.64, -17.88, 32.93,0
1404338719833,-22.02, -13.38, -20.76, 33.09,0
1404338719961,-20.64, -11.88, -23.28, 33.30,0
1404338719962,-19.26, -10.44, -25.50, 33.62,0
1404338719963,-18.24, -9.00, -27.12, 33.90,0
1404338719963,-17.40, -7.02, -28.50, 34.12,0
1404338719964,-16.92, -5.04, -29.40, 34.29,0
1404338719965,-16.80, -3.30, -30.06, 34.59,0
1404338719971,-16.80, -1.62, -30.12, 34.53,0
1404338720094,-16.98, -0.60, -29.64, 34.16,0
1404338720094,-17.70, 0.48, -29.22, 34.17,0
1404338720095,-18.42, 1.14, -28.80, 34.21,0
1404338720096,-18.90, 1.26, -28.38, 34.12,0
1404338720097,-19.38, 0.72, -27.78, 33.88,0
1404338720097,-19.62, -0.36, -27.06, 33.43,0
1404338720260,-19.44, -1.80, -26.28, 32.74,0
1404338720261,-19.44, -3.30, -26.04, 32.66,0
1404338720262,-19.68, -4.50, -25.98, 32.90,0
1404338720263,-19.86, -5.58, -25.92, 33.13,0
1404338720263,-20.04, -6.30, -25.50, 33.04,0
1404338720264,-20.28, -7.02, -25.38, 33.24,0
1404338720265,-20.58, -7.38, -25.02, 33.23,0
1404338720265,-20.88, -7.26, -25.02, 33.39,0
1404338720273,-21.42, -6.90, -24.78, 33.47,0
1404338720408,-22.02, -6.66, -24.48, 33.59,0
1404338720409,-22.50, -6.18, -24.12, 33.56,0
1404338720409,-22.80, -6.00, -23.40, 33.22,0
1404338720410,-23.22, -5.94, -23.04, 33.25,0
1404338720410,-24.00, -5.70, -22.20, 33.19,0
1404338720412,-24.48, -5.64, -21.48, 33.05,0
1404338720414,-24.90, -5.52, -20.94, 33.00,0
1404338720549,-25.44, -6.12, -20.58, 33.29,0
1404338720549,-25.62, -6.42, -19.92, 33.08,0
1404338720550,-26.10, -6.84, -19.32, 33.19,0
1404338720550,-26.46, -6.90, -18.72, 33.14,0
1404338720551,-26.64, -7.26, -17.94, 32.93,0
1404338720552,-26.82, -7.68, -17.22, 32.78,0
1404338720552,-27.12, -7.92, -16.50, 32.72,0
1404338720682,-27.42, -8.40, -15.30, 32.50,0
1404338720683,-28.08, -8.28, -14.22, 32.55,0
1404338720683,-28.62, -8.16, -13.38, 32.63,0
1404338720684,-28.74, -8.04, -12.54, 32.37,0
1404338720684,-29.10, -8.04, -11.88, 32.44,0
1404338720685,-29.58, -7.92, -11.40, 32.68,0
1404338720692,-29.64, -7.86, -11.16, 32.63,0
1404338720807,-29.64, -7.98, -11.16, 32.66,0
1404338720808,-29.70, -8.10, -11.46, 32.85,0
1404338720809,-29.22, -8.34, -12.06, 32.69,0
1404338720810,-28.74, -8.76, -12.60, 32.58,0
1404338720810,-28.38, -9.18, -13.50, 32.74,0
1404338720813,-27.78, -9.48, -14.46, 32.72,0
1404338720973,-27.00, -9.84, -15.36, 32.58,0
1404338720974,-26.52, -9.60, -16.38, 32.62,0
1404338720976,-26.46, -9.30, -17.28, 32.94,0
1404338720976,-26.34, -8.88, -18.30, 33.28,0
1404338720977,-26.58, -8.04, -18.90, 33.59,0
1404338720978,-26.94, -7.20, -19.50, 34.03,0
1404338720978,-27.00, -6.54, -19.68, 34.05,0
1404338720979,-27.42, -6.00, -19.50, 34.18,0
1404338720992,-27.60, -5.28, -19.02, 33.93,0
1404338721119,-28.26, -5.16, -18.60, 34.22,0
1404338721120,-28.56, -4.56, -17.76, 33.94,0
1404338721120,-29.10, -4.14, -16.68, 33.80,0
1404338721121,-29.46, -4.20, -15.42, 33.52,0
1404338721121,-30.06, -4.50, -13.92, 33.43,0
1404338721122,-30.72, -4.32, -12.36, 33.39,0
1404338721242,-30.84, -4.08, -10.86, 32.95,0
1404338721242,-31.80, -3.90, -9.84, 33.52,0
1404338721243,-32.22, -3.72, -8.46, 33.52,0
1404338721244,-32.82, -4.02, -7.80, 33.97,0
1404338721245,-32.94, -4.32, -7.08, 33.97,0
1404338721245,-33.12, -4.44, -6.48, 34.04,0
1404338721252,-32.82, -4.38, -6.12, 33.67,0
1404338721379,-32.76, -4.80, -5.82, 33.62,0
1404338721380,-33.18, -5.46, -5.70, 34.11,0
1404338721384,-33.00, -6.06, -5.70, 34.03,0
1404338721385,-32.88, -6.60, -5.64, 34.01,0
1404338721386,-32.52, -7.08, -5.10, 33.67,0
1404338721387,-32.52, -7.44, -4.74, 33.70,0
1404338721571,-32.28, -8.16, -4.44, 33.59,0
1404338721572,-32.52, -8.52, -4.50, 33.92,0
1404338721572,-32.76, -8.70, -4.98, 34.26,0
1404338721574,-32.76, -8.88, -5.64, 34.41,0
1404338721575,-32.88, -9.42, -6.30, 34.78,0
1404338721575,-33.06, -9.90, -7.44, 35.30,0
1404338721576,-33.12, -10.32, -8.94, 35.82,0
1404338721577,-32.94, -10.98, -10.68, 36.33,0
1404338721578,-32.94, -11.16, -12.48, 36.95,0
1404338721578,-32.82, -10.68, -13.44, 37.04,0
1404338721718,-32.04, -10.08, -13.62, 36.24,0
1404338721718,-31.92, -9.48, -13.62, 35.98,0
1404338721719,-31.44, -8.40, -13.68, 35.30,0
1404338721720,-30.96, -7.32, -13.32, 34.49,0
1404338721720,-30.90, -6.42, -12.78, 34.05,0
1404338721721,-30.90, -5.10, -11.94, 33.52,0
1404338721721,-31.02, -3.96, -11.16, 33.20,0
1404338721733,-31.02, -3.96, -10.62, 33.03,0
1404338721864,-32.22, -4.08, -10.32, 34.08,0
1404338721864,-33.12, -4.38, -9.48, 34.73,0
1404338721865,-34.92, -4.98, -8.22, 36.22,0
1404338721865,-36.78, -5.64, -7.08, 37.88,0
1404338721866,-38.58, -6.18, -5.64, 39.48,0
1404338721867,-40.62, -7.02, -4.26, 41.44,0
1404338722016,-42.54, -8.04, -2.52, 43.37,0
1404338722016,-45.06, -9.00, -1.02, 45.96,0
1404338722017,-47.22, -10.14, 0.60, 48.30,0
1404338722018,-49.74, -11.40, 1.98, 51.07,0
1404338722019,-51.90, -12.78, 3.42, 53.56,0
1404338722019,-54.84, -14.40, 4.92, 56.91,0
1404338722020,-58.20, -16.44, 6.24, 60.80,0
1404338722021,-62.10, -18.60, 8.10, 65.33,0
1404338722032,-66.24, -21.00, 9.84, 70.18,0
1404338722193,-71.28, -23.82, 11.34, 76.01,0
1404338722193,-77.40, -27.54, 12.78, 83.14,0
1404338722194,-84.78, -31.86, 13.80, 91.61,0
1404338722194,-94.56, -37.26, 14.28, 102.63,0
1404338722195,-106.38, -44.40, 13.56, 116.07,0
1404338722196,-120.72, -53.16, 10.44, 132.32,0
1404338722196,-120.72, -53.16, 10.44, 132.32,0
1404338722197,-155.94, -74.28, -6.78, 172.86,0
1404338722330,-172.26, -84.78, -17.52, 192.79,0
1404338722331,-187.02, -94.56, -28.14, 211.45,0
1404338722332,-200.34, -103.08, -39.12, 228.67,0
1404338722333,-210.96, -110.22, -49.50, 243.11,0
1404338722334,-218.40, -115.32, -58.26, 253.75,0
1404338722335,-222.90, -118.02, -64.32, 260.29,0
1404338722336,-224.70, -118.62, -66.96, 262.76,0
1404338722353,-223.20, -118.86, -66.30, 261.42,0
1404338722479,-223.14, -118.56, -65.34, 260.99,0
1404338722480,-223.56, -118.20, -65.22, 261.16,0
1404338722481,-223.68, -118.38, -64.98, 261.28,0
1404338722482,-223.68, -118.50, -65.40, 261.44,0
1404338722483,-224.04, -118.86, -66.96, 262.31,0
1404338722484,-224.22, -119.88, -69.54, 263.59,0
1404338722600,-224.22, -121.02, -72.48, 264.90,0
1404338722601,-224.88, -122.10, -76.14, 266.98,0
1404338722602,-224.94, -123.12, -79.02, 268.33,0
1404338722603,-224.94, -124.08, -81.54, 269.52,0
1404338722604,-224.82, -124.74, -83.70, 270.39,0
1404338722605,-224.82, -125.34, -85.14, 271.11,0
1404338722613,-224.22, -125.94, -85.92, 271.14,0
1404338722737,-224.22, -126.42, -86.28, 271.48,0
1404338722738,-224.34, -126.66, -86.34, 271.71,0
1404338722739,-224.22, -127.14, -85.98, 271.72,0
1404338722740,-224.46, -127.50, -85.98, 272.09,0
1404338722741,-224.28, -127.68, -85.56, 271.89,0
1404338722741,-224.34, -128.10, -85.38, 272.08,0
1404338722753,-223.98, -128.70, -85.38, 272.07,0
1404338722867,-224.46, -129.12, -85.50, 272.70,0
1404338722868,-224.28, -129.54, -85.74, 272.82,0
1404338722868,-224.46, -129.84, -86.04, 273.21,0
1404338722869,-224.46, -130.20, -86.28, 273.46,0
1404338722869,-223.98, -130.74, -86.34, 273.34,0
1404338722876,-223.68, -131.46, -86.76, 273.57,0
1404338723040,-222.66, -132.30, -87.18, 273.28,0
1404338723040,-222.48, -132.60, -87.60, 273.41,0
1404338723041,-221.94, -132.60, -88.02, 273.11,0
1404338723042,-221.40, -132.00, -88.14, 272.42,0
1404338723042,-220.80, -131.40, -88.26, 271.68,0
1404338723043,-220.20, -130.68, -88.38, 270.88,0
1404338723043,-219.90, -129.84, -88.74, 270.35,0
1404338723044,-219.78, -128.94, -88.86, 269.86,0
1404338723053,-219.84, -127.86, -88.56, 269.30,0
1404338723179,-219.84, -127.08, -88.26, 268.83,0
1404338723180,-219.54, -126.18, -87.66, 267.96,0
1404338723181,-219.00, -125.34, -87.42, 267.05,0
1404338723181,-218.10, -124.32, -86.94, 265.67,0
1404338723182,-217.50, -122.88, -86.40, 264.33,0
1404338723182,-216.66, -121.44, -85.50, 262.68,0
1404338723306,-215.10, -119.88, -84.36, 260.30,0
1404338723306,-214.26, -118.38, -83.94, 258.78,0
1404338723307,-212.94, -117.12, -83.40, 256.94,0
1404338723307,-211.92, -116.28, -82.38, 255.38,0
1404338723308,-211.50, -115.62, -80.58, 254.15,0
1404338723308,-211.38, -114.54, -78.06, 252.77,0
1404338723313,-211.50, -113.52, -75.24, 251.56,0
1404338723431,-211.74, -112.56, -72.30, 250.46,0
1404338723431,-212.46, -112.08, -70.20, 250.26,0
1404338723432,-212.58, -111.72, -67.98, 249.59,0
1404338723433,-212.70, -111.12, -66.30, 248.97,0
1404338723434,-213.06, -110.34, -65.94, 248.83,0
1404338723434,-213.48, -109.92, -66.78, 249.23,0
1404338723561,-213.60, -110.64, -68.88, 250.22,0
1404338723562,-213.36, -111.66, -72.18, 251.40,0
1404338723562,-212.88, -112.68, -76.20, 252.63,0
1404338723563,-212.40, -113.28, -80.10, 253.70,0
1404338723563,-212.22, -113.52, -84.30, 255.01,0
1404338723564,-211.92, -114.00, -88.44, 256.37,0
1404338723681,-211.32, -114.72, -92.46, 257.62,0
1404338723681,-210.42, -115.62, -95.82, 258.51,0
1404338723682,-209.88, -115.92, -99.12, 259.45,0
1404338723685,-209.70, -116.34, -101.76, 260.51,0
1404338723686,-209.82, -116.64, -104.40, 261.78,0
1404338723687,-210.00, -117.06, -106.68, 263.03,0
1404338723694,-210.00, -117.66, -108.60, 264.08,0
1404338723812,-210.78, -117.96, -110.46, 265.60,0
1404338723812,-211.50, -118.32, -111.84, 266.91,0
1404338723813,-212.16, -118.56, -113.28, 268.14,0
1404338723813,-212.88, -118.92, -114.48, 269.38,0
1404338723814,-213.18, -119.46, -115.86, 270.44,0
1404338723814,-213.42, -120.00, -116.76, 271.26,0
1404338723931,-213.36, -120.30, -117.24, 271.55,0
1404338723931,-213.54, -120.48, -117.78, 272.01,0
1404338723932,-213.48, -120.54, -118.26, 272.19,0
1404338723932,-213.18, -120.72, -118.80, 272.27,0
1404338723934,-212.70, -120.66, -119.10, 272.00,0
1404338723935,-212.16, -120.66, -119.52, 271.76,0
1404338724063,-211.26, -120.48, -119.64, 271.03,0
1404338724063,-210.54, -120.42, -120.24, 270.71,0
1404338724064,-210.18, -120.30, -121.20, 270.81,0
1404338724064,-209.52, -120.24, -122.10, 270.67,0
1404338724065,-208.50, -120.24, -122.88, 270.24,0
1404338724065,-207.84, -120.18, -123.84, 270.14,0
1404338724073,-207.18, -120.24, -125.04, 270.22,0
1404338724196,-206.94, -120.48, -126.00, 270.58,0
1404338724196,-206.94, -120.54, -126.84, 271.00,0
1404338724197,-206.94, -120.60, -127.38, 271.28,0
1404338724198,-206.76, -120.66, -127.50, 271.23,0
1404338724198,-206.70, -120.90, -127.56, 271.32,0
1404338724199,-206.70, -121.32, -127.38, 271.42,0
1404338703580,0.29, 0.10, 0.39, 0.00,1
1404338703580,0.28, 0.10, 0.39, 0.00,1
1404338703581,0.27, 0.10, 0.39, 0.00,1
1404338703582,0.27, 0.10, 0.39, 0.00,1
1404338703583,0.27, 0.10, 0.39, 0.00,1
1404338703583,0.27, 0.10, 0.39, 0.00,1
1404338703595,0.27, 0.10, 0.39, 0.00,1
1404338703596,0.27, 0.10, 0.40, 0.00,1
1404338703765,0.27, 0.10, 0.40, 0.00,1
1404338703768,0.27, 0.10, 0.40, 0.00,1
1404338703769,0.27, 0.09, 0.40, 0.00,1
1404338703772,0.27, 0.09, 0.39, 0.00,1
1404338703773,0.27, 0.09, 0.39, 0.00,1
1404338703775,0.27, 0.09, 0.39, 0.00,1
1404338703776,0.27, 0.09, 0.39, 0.00,1
1404338703778,0.27, 0.09, 0.39, 0.00,1
1404338703809,0.27, 0.09, 0.39, 0.00,1
1404338703958,0.27, 0.09, 0.39, 0.00,1
1404338703958,0.27, 0.09, 0.39, 0.00,1
1404338703959,0.27, 0.09, 0.39, 0.00,1
1404338703959,0.27, 0.09, 0.39, 0.00,1
1404338703959,0.27, 0.09, 0.39, 0.00,1
1404338703960,0.27, 0.09, 0.39, 0.00,1
1404338703960,0.26, 0.09, 0.39, 0.00,1
1404338703960,0.26, 0.09, 0.39, 0.00,1
1404338704157,0.26, 0.09, 0.39, 0.00,1
1404338704158,0.26, 0.09, 0.39, 0.00,1
1404338704158,0.26, 0.09, 0.39, 0.00,1
1404338704159,0.26, 0.09, 0.39, 0.00,1
1404338704160,0.26, 0.09, 0.39, 0.00,1
1404338704161,0.26, 0.09, 0.39, 0.00,1
1404338704162,0.26, 0.09, 0.40, 0.00,1
1404338704162,0.26, 0.09, 0.40, 0.00,1
1404338704163,0.26, 0.09, 0.40, 0.00,1
1404338704165,0.26, 0.09, 0.40, 0.00,1
1404338704172,0.26, 0.09, 0.40, 0.00,1
1404338704329,0.26, 0.09, 0.40, 0.00,1
1404338704330,0.26, 0.09, 0.40, 0.00,1
1404338704330,0.26, 0.09, 0.40, 0.00,1
1404338704331,0.26, 0.09, 0.40, 0.00,1
1404338704332,0.26, 0.09, 0.40, 0.00,1
1404338704332,0.26, 0.09, 0.40, 0.00,1
1404338704333,0.26, 0.09, 0.40, 0.00,1
1404338704496,0.26, 0.09, 0.40, 0.00,1
1404338704496,0.25, 0.09, 0.40, 0.00,1
1404338704497,0.24, 0.09, 0.40, 0.00,1
1404338704497,0.23, 0.09, 0.40, 0.00,1
1404338704498,0.22, 0.09, 0.41, 0.00,1
1404338704498,0.22, 0.08, 0.41, 0.00,1
1404338704499,0.22, 0.08, 0.42, 0.00,1
1404338704499,0.22, 0.07, 0.43, 0.00,1
1404338704683,0.22, 0.05, 0.44, 0.00,1
1404338704683,0.22, 0.04, 0.44, 0.00,1
1404338704683,0.22, 0.02, 0.45, 0.00,1
1404338704684,0.24, -0.00, 0.45, 0.00,1
1404338704684,0.27, -0.03, 0.46, 0.00,1
1404338704685,0.31, -0.06, 0.47, 0.00,1
1404338704685,0.33, -0.07, 0.48, 0.00,1
1404338704686,0.35, -0.08, 0.49, 0.00,1
1404338704686,0.37, -0.10, 0.51, 0.00,1
1404338704693,0.39, -0.11, 0.52, 0.00,1
1404338704877,0.39, -0.12, 0.54, 0.00,1
1404338704877,0.39, -0.12, 0.56, 0.00,1
1404338704878,0.39, -0.12, 0.58, 0.00,1
1404338704879,0.40, -0.12, 0.59, 0.00,1
1404338704880,0.41, -0.13, 0.60, 0.00,1
1404338704881,0.42, -0.14, 0.61, 0.00,1
1404338704881,0.43, -0.14, 0.61, 0.00,1
1404338704882,0.43, -0.15, 0.61, 0.00,1
1404338704883,0.44, -0.16, 0.61, 0.00,1
1404338704894,0.46, -0.16, 0.61, 0.00,1
1404338705066,0.47, -0.17, 0.61, 0.00,1
1404338705066,0.49, -0.17, 0.61, 0.00,1
1404338705066,0.50, -0.18, 0.60, 0.00,1
1404338705067,0.52, -0.19, 0.60, 0.00,1
1404338705067,0.53, -0.20, 0.60, 0.00,1
1404338705068,0.53, -0.21, 0.61, 0.00,1
1404338705068,0.54, -0.22, 0.61, 0.00,1
1404338705072,0.53, -0.22, 0.62, 0.00,1
1404338705220,0.52, -0.22, 0.62, 0.00,1
1404338705221,0.52, -0.22, 0.63, 0.00,1
1404338705221,0.51, -0.22, 0.63, 0.00,1
1404338705222,0.50, -0.22, 0.64, 0.00,1
1404338705223,0.49, -0.22, 0.65, 0.00,1
1404338705223,0.48, -0.22, 0.65, 0.00,1
1404338705224,0.47, -0.21, 0.66, 0.00,1
1404338705355,0.46, -0.21, 0.67, 0.00,1
1404338705355,0.45, -0.21, 0.68, 0.00,1
1404338705356,0.43, -0.21, 0.70, 0.00,1
1404338705357,0.43, -0.23, 0.70, 0.00,1
1404338705357,0.43, -0.23, 0.71, 0.00,1
1404338705360,0.43, -0.23, 0.71, 0.00,1
1404338705360,0.43, -0.24, 0.71, 0.00,1
1404338705372,0.44, -0.24, 0.71, 0.00,1
1404338705494,0.45, -0.24, 0.70, 0.00,1
1404338705495,0.46, -0.23, 0.70, 0.00,1
1404338705495,0.46, -0.23, 0.70, 0.00,1
1404338705496,0.47, -0.23, 0.70, 0.00,1
1404338705497,0.47, -0.24, 0.69, 0.00,1
1404338705503,0.47, -0.24, 0.69, 0.00,1
1404338705662,0.47, -0.23, 0.69, 0.00,1
1404338705663,0.47, -0.23, 0.69, 0.00,1
1404338705663,0.46, -0.23, 0.70, 0.00,1
1404338705664,0.46, -0.23, 0.70, 0.00,1
1404338705664,0.46, -0.23, 0.70, 0.00,1
1404338705664,0.46, -0.24, 0.70, 0.00,1
1404338705665,0.47, -0.25, 0.69, 0.00,1
1404338705665,0.48, -0.25, 0.69, 0.00,1
1404338705809,0.49, -0.26, 0.68, 0.00,1
1404338705810,0.51, -0.28, 0.67, 0.00,1
1404338705810,0.53, -0.29, 0.66, 0.00,1
1404338705811,0.54, -0.30, 0.65, 0.00,1
1404338705811,0.55, -0.30, 0.64, 0.00,1
1404338705812,0.56, -0.31, 0.63, 0.00,1
1404338705813,0.57, -0.31, 0.63, 0.00,1
1404338705954,0.57, -0.32, 0.62, 0.00,1
1404338705954,0.57, -0.32, 0.62, 0.00,1
1404338705956,0.58, -0.32, 0.62, 0.00,1
1404338705956,0.59, -0.32, 0.61, 0.00,1
1404338705957,0.60, -0.33, 0.60, 0.00,1
1404338705957,0.62, -0.35, 0.58, 0.00,1
1404338705958,0.64, -0.36, 0.56, 0.00,1
1404338705973,0.66, -0.37, 0.54, 0.00,1
1404338706095,0.69, -0.39, 0.50, 0.00,1
1404338706095,0.70, -0.40, 0.49, 0.00,1
1404338706095,0.70, -0.40, 0.49, 0.00,1
1404338706096,0.70, -0.40, 0.49, 0.00,1
1404338706096,0.70, -0.40, 0.48, 0.00,1
1404338706096,0.70, -0.39, 0.48, 0.00,1
1404338706235,0.70, -0.39, 0.48, 0.00,1
1404338706235,0.71, -0.38, 0.48, 0.00,1
1404338706236,0.71, -0.38, 0.47, 0.00,1
1404338706236,0.71, -0.38, 0.47, 0.00,1
1404338706236,0.71, -0.38, 0.46, 0.00,1
1404338706237,0.71, -0.39, 0.46, 0.00,1
1404338706237,0.71, -0.39, 0.46, 0.00,1
1404338706365,0.72, -0.39, 0.45, 0.00,1
1404338706365,0.72, -0.39, 0.45, 0.00,1
1404338706366,0.72, -0.39, 0.45, 0.00,1
1404338706366,0.72, -0.39, 0.44, 0.00,1
1404338706367,0.72, -0.39, 0.44, 0.00,1
1404338706367,0.73, -0.39, 0.44, 0.00,1
1404338706373,0.73, -0.39, 0.43, 0.00,1
1404338706502,0.73, -0.39, 0.43, 0.00,1
1404338706503,0.73, -0.40, 0.42, 0.00,1
1404338706503,0.73, -0.40, 0.43, 0.00,1
1404338706504,0.73, -0.40, 0.43, 0.00,1
1404338706504,0.73, -0.40, 0.43, 0.00,1
1404338706504,0.72, -0.40, 0.43, 0.00,1
1404338706636,0.72, -0.40, 0.43, 0.00,1
1404338706636,0.72, -0.40, 0.43, 0.00,1
1404338706637,0.72, -0.40, 0.43, 0.00,1
1404338706637,0.72, -0.40, 0.43, 0.00,1
1404338706637,0.72, -0.40, 0.43, 0.00,1
1404338706638,0.71, -0.41, 0.44, 0.00,1
1404338706764,0.71, -0.41, 0.44, 0.00,1
1404338706765,0.71, -0.41, 0.44, 0.00,1
1404338706765,0.71, -0.41, 0.44, 0.00,1
1404338706765,0.71, -0.40, 0.44, 0.00,1
1404338706766,0.70, -0.40, 0.45, 0.00,1
1404338706766,0.70, -0.41, 0.45, 0.00,1
1404338706775,0.69, -0.41, 0.46, 0.00,1
1404338706900,0.69, -0.41, 0.46, 0.00,1
1404338706900,0.68, -0.42, 0.47, 0.00,1
1404338706900,0.68, -0.42, 0.49, 0.00,1
1404338706901,0.67, -0.42, 0.49, 0.00,1
1404338706901,0.67, -0.43, 0.50, 0.00,1
1404338706903,0.66, -0.43, 0.50, 0.00,1
1404338707029,0.66, -0.43, 0.49, 0.00,1
1404338707030,0.66, -0.43, 0.49, 0.00,1
1404338707030,0.66, -0.43, 0.49, 0.00,1
1404338707031,0.65, -0.43, 0.50, 0.00,1
1404338707031,0.65, -0.42, 0.51, 0.00,1
1404338707031,0.64, -0.42, 0.51, 0.00,1
1404338707042,0.64, -0.42, 0.51, 0.00,1
1404338707163,0.64, -0.42, 0.51, 0.00,1
1404338707164,0.64, -0.42, 0.51, 0.00,1
1404338707164,0.63, -0.42, 0.52, 0.00,1
1404338707164,0.63, -0.42, 0.52, 0.00,1
1404338707165,0.62, -0.42, 0.53, 0.00,1
1404338707165,0.62, -0.42, 0.54, 0.00,1
1404338707293,0.61, -0.42, 0.55, 0.00,1
1404338707294,0.60, -0.42, 0.56, 0.00,1
1404338707294,0.59, -0.43, 0.56, 0.00,1
1404338707295,0.58, -0.43, 0.57, 0.00,1
1404338707295,0.57, -0.43, 0.58, 0.00,1
1404338707295,0.57, -0.42, 0.57, 0.00,1
1404338707303,0.57, -0.41, 0.57, 0.00,1
1404338707426,0.57, -0.40, 0.57, 0.00,1
1404338707427,0.57, -0.38, 0.57, 0.00,1
1404338707427,0.57, -0.37, 0.57, 0.00,1
1404338707428,0.57, -0.37, 0.57, 0.00,1
1404338707428,0.57, -0.36, 0.57, 0.00,1
1404338707433,0.57, -0.36, 0.57, 0.00,1
1404338707603,0.57, -0.36, 0.57, 0.00,1
1404338707604,0.57, -0.36, 0.56, 0.00,1
1404338707604,0.58, -0.35, 0.56, 0.00,1
1404338707605,0.58, -0.35, 0.56, 0.00,1
1404338707606,0.57, -0.35, 0.57, 0.00,1
1404338707606,0.56, -0.34, 0.57, 0.00,1
1404338707607,0.56, -0.34, 0.57, 0.00,1
1404338707607,0.55, -0.32, 0.58, 0.00,1
1404338707616,0.54, -0.30, 0.59, 0.00,1
1404338707758,0.51, -0.27, 0.61, 0.00,1
1404338707758,0.49, -0.22, 0.64, 0.00,1
1404338707758,0.47, -0.19, 0.67, 0.00,1
1404338707759,0.45, -0.16, 0.69, 0.00,1
1404338707759,0.45, -0.14, 0.71, 0.00,1
1404338707759,0.44, -0.13, 0.72, 0.00,1
1404338707760,0.44, -0.12, 0.74, 0.00,1
1404338707881,0.44, -0.11, 0.74, 0.00,1
1404338707882,0.43, -0.10, 0.75, 0.00,1
1404338707883,0.43, -0.10, 0.76, 0.00,1
1404338707884,0.44, -0.11, 0.77, 0.00,1
1404338707885,0.44, -0.11, 0.77, 0.00,1
1404338707885,0.45, -0.11, 0.77, 0.00,1
1404338708010,0.45, -0.11, 0.77, 0.00,1
1404338708010,0.45, -0.11, 0.77, 0.00,1
1404338708011,0.46, -0.11, 0.78, 0.00,1
1404338708011,0.46, -0.12, 0.77, 0.00,1
1404338708011,0.47, -0.12, 0.77, 0.00,1
1404338708014,0.48, -0.12, 0.77, 0.00,1
1404338708179,0.48, -0.13, 0.76, 0.00,1
1404338708180,0.48, -0.13, 0.76, 0.00,1
1404338708181,0.49, -0.14, 0.76, 0.00,1
1404338708182,0.49, -0.14, 0.76, 0.00,1
1404338708182,0.49, -0.14, 0.76, 0.00,1
1404338708183,0.49, -0.15, 0.76, 0.00,1
1404338708184,0.49, -0.15, 0.75, 0.00,1
1404338708184,0.50, -0.15, 0.75, 0.00,1
1404338708325,0.50, -0.15, 0.75, 0.00,1
1404338708326,0.50, -0.15, 0.75, 0.00,1
1404338708326,0.50, -0.16, 0.74, 0.00,1
1404338708327,0.51, -0.16, 0.74, 0.00,1
1404338708327,0.51, -0.17, 0.74, 0.00,1
1404338708327,0.51, -0.18, 0.74, 0.00,1
1404338708328,0.51, -0.18, 0.73, 0.00,1
1404338708328,0.51, -0.18, 0.73, 0.00,1
1404338708471,0.51, -0.19, 0.73, 0.00,1
1404338708472,0.51, -0.19, 0.73, 0.00,1
1404338708473,0.52, -0.19, 0.73, 0.00,1
1404338708473,0.52, -0.20, 0.72, 0.00,1
1404338708474,0.52, -0.20, 0.72, 0.00,1
1404338708474,0.52, -0.20, 0.72, 0.00,1
1404338708593,0.52, -0.20, 0.72, 0.00,1
1404338708593,0.53, -0.20, 0.72, 0.00,1
1404338708594,0.53, -0.20, 0.72, 0.00,1
1404338708594,0.53, -0.19, 0.71, 0.00,1
1404338708595,0.54, -0.19, 0.71, 0.00,1
1404338708595,0.55, -0.19, 0.71, 0.00,1
1404338708602,0.56, -0.18, 0.70, 0.00,1
1404338708734,0.57, -0.18, 0.69, 0.00,1
1404338708735,0.58, -0.18, 0.69, 0.00,1
1404338708736,0.59, -0.18, 0.68, 0.00,1
1404338708737,0.60, -0.17, 0.68, 0.00,1
1404338708737,0.60, -0.17, 0.68, 0.00,1
1404338708737,0.60, -0.16, 0.68, 0.00,1
1404338708864,0.61, -0.15, 0.68, 0.00,1
1404338708864,0.61, -0.14, 0.68, 0.00,1
1404338708865,0.61, -0.13, 0.68, 0.00,1
1404338708866,0.62, -0.12, 0.69, 0.00,1
1404338708866,0.62, -0.11, 0.69, 0.00,1
1404338708867,0.62, -0.09, 0.69, 0.00,1
1404338708872,0.62, -0.07, 0.70, 0.00,1
1404338709028,0.63, -0.04, 0.71, 0.00,1
1404338709029,0.63, -0.02, 0.72, 0.00,1
1404338709029,0.62, 0.01, 0.73, 0.00,1
1404338709030,0.62, 0.03, 0.74, 0.00,1
1404338709032,0.61, 0.06, 0.75, 0.00,1
1404338709032,0.60, 0.10, 0.76, 0.00,1
1404338709033,0.57, 0.13, 0.77, 0.00,1
1404338709034,0.55, 0.16, 0.78, 0.00,1
1404338709163,0.54, 0.18, 0.79, 0.00,1
1404338709164,0.53, 0.19, 0.80, 0.00,1
1404338709164,0.52, 0.21, 0.81, 0.00,1
1404338709165,0.52, 0.22, 0.81, 0.00,1
1404338709166,0.52, 0.23, 0.81, 0.00,1
1404338709166,0.52, 0.25, 0.81, 0.00,1
1404338709293,0.52, 0.26, 0.80, 0.00,1
1404338709294,0.51, 0.28, 0.80, 0.00,1
1404338709295,0.51, 0.30, 0.80, 0.00,1
1404338709295,0.50, 0.32, 0.80, 0.00,1
1404338709296,0.49, 0.34, 0.80, 0.00,1
1404338709297,0.49, 0.37, 0.79, 0.00,1
1404338709304,0.48, 0.39, 0.78, 0.00,1
1404338709461,-0.48, -0.41, -0.77, 0.00,1
1404338709462,-0.48, -0.44, -0.76, 0.00,1
1404338709462,-0.48, -0.46, -0.74, 0.00,1
1404338709462,-0.47, -0.48, -0.73, 0.00,1
1404338709463,-0.46, -0.51, -0.71, 0.00,1
1404338709463,-0.44, -0.54, -0.69, 0.00,1
1404338709464,-0.43, -0.58, -0.66, 0.00,1
1404338709464,-0.42, -0.60, -0.64, 0.00,1
1404338709593,-0.42, -0.63, -0.60, 0.00,1
1404338709593,-0.41, -0.66, -0.57, 0.00,1
1404338709593,-0.40, -0.68, -0.54, 0.00,1
1404338709594,-0.39, -0.70, -0.51, 0.00,1
1404338709595,-0.38, -0.71, -0.49, 0.00,1
1404338709595,-0.37, -0.73, -0.45, 0.00,1
1404338709602,-0.36, -0.75, -0.42, 0.00,1
1404338709727,-0.35, -0.76, -0.39, 0.00,1
1404338709728,-0.34, -0.78, -0.37, 0.00,1
1404338709728,-0.33, -0.78, -0.35, 0.00,1
1404338709729,-0.32, -0.79, -0.33, 0.00,1
1404338709729,-0.32, -0.80, -0.31, 0.00,1
1404338709742,-0.32, -0.81, -0.29, 0.00,1
1404338709859,-0.31, -0.81, -0.27, 0.00,1
1404338709860,-0.31, -0.81, -0.26, 0.00,1
1404338709861,-0.32, -0.81, -0.25, 0.00,1
1404338709862,-0.32, -0.81, -0.25, 0.00,1
1404338709863,-0.34, -0.79, -0.26, 0.00,1
1404338709863,-0.35, -0.78, -0.29, 0.00,1
1404338709993,-0.36, -0.76, -0.32, 0.00,1
1404338709993,-0.38, -0.74, -0.36, 0.00,1
1404338709994,-0.41, -0.72, -0.41, 0.00,1
1404338709994,-0.43, -0.68, -0.46, 0.00,1
1404338709995,-0.46, -0.64, -0.51, 0.00,1
1404338709995,-0.47, -0.61, -0.55, 0.00,1
1404338710002,-0.47, -0.57, -0.61, 0.00,1
1404338710163,-0.47, -0.53, -0.67, 0.00,1
1404338710163,-0.47, -0.49, -0.71, 0.00,1
1404338710163,-0.46, -0.45, -0.75, 0.00,1
1404338710164,-0.46, -0.43, -0.77, 0.00,1
1404338710164,-0.46, -0.41, -0.78, 0.00,1
1404338710165,-0.47, -0.39, -0.79, 0.00,1
1404338710165,-0.47, -0.38, -0.80, 0.00,1
1404338710166,0.48, 0.35, 0.80, 0.00,1
1404338710291,0.49, 0.33, 0.80, 0.00,1
1404338710291,0.51, 0.31, 0.80, 0.00,1
1404338710292,0.52, 0.29, 0.80, 0.00,1
1404338710292,0.53, 0.29, 0.80, 0.00,1
1404338710293,0.53, 0.28, 0.80, 0.00,1
1404338710293,0.54, 0.27, 0.79, 0.00,1
1404338710303,0.55, 0.25, 0.79, 0.00,1
1404338710429,0.55, 0.21, 0.80, 0.00,1
1404338710429,0.55, 0.18, 0.81, 0.00,1
1404338710430,0.54, 0.13, 0.81, 0.00,1
1404338710431,0.54, 0.09, 0.82, 0.00,1
1404338710431,0.53, 0.04, 0.82, 0.00,1
1404338710432,0.51, -0.02, 0.82, 0.00,1
1404338710591,0.50, -0.06, 0.81, 0.00,1
1404338710591,0.50, -0.09, 0.81, 0.00,1
1404338710592,0.51, -0.10, 0.79, 0.00,1
1404338710592,0.54, -0.14, 0.76, 0.00,1
1404338710593,0.56, -0.19, 0.72, 0.00,1
1404338710594,0.57, -0.25, 0.68, 0.00,1
1404338710594,0.57, -0.32, 0.63, 0.00,1
1404338710602,0.56, -0.38, 0.58, 0.00,1
1404338710728,0.56, -0.44, 0.52, 0.00,1
1404338710729,0.55, -0.50, 0.45, 0.00,1
1404338710729,0.55, -0.54, 0.38, 0.00,1
1404338710730,0.54, -0.58, 0.31, 0.00,1
1404338710731,0.53, -0.59, 0.27, 0.00,1
1404338710731,0.52, -0.61, 0.23, 0.00,1
1404338710855,0.50, -0.63, 0.20, 0.00,1
1404338710855,0.48, -0.64, 0.18, 0.00,1
1404338710856,0.46, -0.65, 0.17, 0.00,1
1404338710857,0.45, -0.67, 0.17, 0.00,1
1404338710857,0.43, -0.69, 0.16, 0.00,1
1404338710858,0.42, -0.70, 0.16, 0.00,1
1404338710864,0.42, -0.71, 0.14, 0.00,1
1404338710987,0.43, -0.72, 0.13, 0.00,1
1404338710987,0.44, -0.73, 0.12, 0.00,1
1404338710988,0.45, -0.74, 0.11, 0.00,1
1404338710989,0.45, -0.75, 0.10, 0.00,1
1404338710989,0.46, -0.76, 0.10, 0.00,1
1404338710990,0.46, -0.76, 0.10, 0.00,1
1404338711002,0.47, -0.77, 0.09, 0.00,1
1404338711124,0.47, -0.78, 0.07, 0.00,1
1404338711125,0.47, -0.78, 0.05, 0.00,1
1404338711125,0.46, -0.79, 0.04, 0.00,1
1404338711126,0.45, -0.80, 0.03, 0.00,1
1404338711126,0.43, -0.81, 0.03, 0.00,1
1404338711127,0.42, -0.82, 0.03, 0.00,1
1404338711251,0.40, -0.82, 0.03, 0.00,1
1404338711252,0.37, -0.83, 0.03, 0.00,1
1404338711253,0.36, -0.84, 0.02, 0.00,1
1404338711253,0.35, -0.84, 0.02, 0.00,1
1404338711254,0.34, -0.85, 0.02, 0.00,1
1404338711262,0.33, -0.86, 0.01, 0.00,1
1404338711387,0.32, -0.87, -0.01, 0.00,1
1404338711388,0.29, -0.88, -0.02, 0.00,1
1404338711388,0.27, -0.89, -0.04, 0.00,1
1404338711388,0.23, -0.91, -0.06, 0.00,1
1404338711389,0.19, -0.91, -0.08, 0.00,1
1404338711389,0.15, -0.92, -0.08, 0.00,1
1404338711402,0.12, -0.92, -0.11, 0.00,1
1404338711525,0.10, -0.92, -0.13, 0.00,1
1404338711526,0.07, -0.91, -0.15, 0.00,1
1404338711526,0.03, -0.90, -0.17, 0.00,1
1404338711527,-0.00, -0.90, -0.18, 0.00,1
1404338711528,-0.03, -0.89, -0.20, 0.00,1
1404338711528,-0.05, -0.88, -0.22, 0.00,1
1404338711650,-0.06, -0.87, -0.23, 0.00,1
1404338711651,-0.08, -0.86, -0.24, 0.00,1
1404338711652,-0.10, -0.85, -0.24, 0.00,1
1404338711653,-0.11, -0.85, -0.25, 0.00,1
1404338711653,-0.12, -0.84, -0.25, 0.00,1
1404338711654,-0.13, -0.84, -0.24, 0.00,1
1404338711662,-0.13, -0.84, -0.24, 0.00,1
1404338711790,-0.14, -0.84, -0.24, 0.00,1
1404338711791,-0.14, -0.83, -0.24, 0.00,1
1404338711791,-0.14, -0.83, -0.24, 0.00,1
1404338711792,-0.14, -0.83, -0.24, 0.00,1
1404338711793,-0.14, -0.83, -0.23, 0.00,1
1404338711793,-0.14, -0.83, -0.23, 0.00,1
1404338711802,-0.13, -0.83, -0.23, 0.00,1
1404338711921,-0.13, -0.83, -0.23, 0.00,1
1404338711922,-0.12, -0.83, -0.22, 0.00,1
1404338711922,-0.10, -0.84, -0.21, 0.00,1
1404338711923,-0.07, -0.85, -0.20, 0.00,1
1404338711924,-0.04, -0.85, -0.18, 0.00,1
1404338711924,-0.01, -0.86, -0.16, 0.00,1
1404338712054,0.04, -0.86, -0.13, 0.00,1
1404338712055,0.10, -0.85, -0.09, 0.00,1
1404338712055,0.16, -0.83, -0.05, 0.00,1
1404338712056,0.21, -0.81, -0.01, 0.00,1
1404338712057,0.25, -0.80, 0.02, 0.00,1
1404338712062,0.29, -0.78, 0.05, 0.00,1
1404338712188,0.32, -0.76, 0.10, 0.00,1
1404338712188,0.35, -0.74, 0.16, 0.00,1
1404338712189,0.38, -0.72, 0.23, 0.00,1
1404338712190,0.40, -0.72, 0.27, 0.00,1
1404338712191,0.41, -0.72, 0.31, 0.00,1
1404338712193,0.43, -0.71, 0.36, 0.00,1
1404338712193,0.45, -0.70, 0.39, 0.00,1
1404338712320,0.48, -0.69, 0.42, 0.00,1
1404338712321,0.50, -0.67, 0.43, 0.00,1
1404338712322,0.53, -0.64, 0.46, 0.00,1
1404338712322,0.56, -0.61, 0.48, 0.00,1
1404338712323,0.59, -0.57, 0.49, 0.00,1
1404338712333,0.61, -0.54, 0.50, 0.00,1
1404338712333,0.63, -0.52, 0.51, 0.00,1
1404338712455,0.65, -0.49, 0.51, 0.00,1
1404338712456,0.67, -0.46, 0.51, 0.00,1
1404338712457,0.70, -0.43, 0.49, 0.00,1
1404338712457,0.73, -0.39, 0.47, 0.00,1
1404338712458,0.75, -0.36, 0.46, 0.00,1
1404338712585,0.78, -0.31, 0.43, 0.00,1
1404338712585,0.81, -0.26, 0.41, 0.00,1
1404338712586,0.83, -0.22, 0.39, 0.00,1
1404338712586,0.85, -0.18, 0.37, 0.00,1
1404338712587,0.86, -0.16, 0.36, 0.00,1
1404338712587,0.87, -0.14, 0.34, 0.00,1
1404338712588,0.87, -0.13, 0.33, 0.00,1
1404338712719,0.87, -0.13, 0.32, 0.00,1
1404338712719,0.87, -0.09, 0.32, 0.00,1
1404338712720,0.86, -0.06, 0.32, 0.00,1
1404338712721,0.86, -0.01, 0.32, 0.00,1
1404338712721,0.85, 0.04, 0.33, 0.00,1
1404338712723,0.84, 0.08, 0.33, 0.00,1
1404338712845,0.83, 0.11, 0.33, 0.00,1
1404338712846,0.82, 0.14, 0.33, 0.00,1
1404338712847,0.81, 0.16, 0.33, 0.00,1
1404338712847,0.79, 0.21, 0.32, 0.00,1
1404338712848,0.77, 0.27, 0.32, 0.00,1
1404338712855,0.74, 0.33, 0.31, 0.00,1
1404338712855,0.72, 0.37, 0.30, 0.00,1
1404338713020,0.69, 0.42, 0.29, 0.00,1
1404338713020,0.66, 0.48, 0.27, 0.00,1
1404338713022,0.62, 0.52, 0.25, 0.00,1
1404338713023,0.59, 0.57, 0.24, 0.00,1
1404338713024,0.57, 0.59, 0.22, 0.00,1
1404338713024,0.54, 0.61, 0.18, 0.00,1
1404338713025,0.51, 0.62, 0.15, 0.00,1
1404338713025,0.48, 0.63, 0.15, 0.00,1
1404338713148,0.45, 0.63, 0.16, 0.00,1
1404338713149,0.42, 0.64, 0.17, 0.00,1
1404338713150,0.39, 0.63, 0.20, 0.00,1
1404338713151,0.36, 0.63, 0.22, 0.00,1
1404338713151,0.34, 0.62, 0.24, 0.00,1
1404338713152,0.31, 0.61, 0.26, 0.00,1
1404338713163,0.30, 0.59, 0.29, 0.00,1
1404338713288,0.28, 0.56, 0.34, 0.00,1
1404338713288,0.26, 0.51, 0.39, 0.00,1
1404338713289,0.26, 0.46, 0.44, 0.00,1
1404338713290,0.27, 0.41, 0.50, 0.00,1
1404338713291,0.29, 0.37, 0.53, 0.00,1
1404338713291,0.33, 0.32, 0.57, 0.00,1
1404338713416,0.35, 0.26, 0.61, 0.00,1
1404338713416,0.38, 0.21, 0.64, 0.00,1
1404338713417,0.40, 0.17, 0.68, 0.00,1
1404338713417,0.41, 0.14, 0.70, 0.00,1
1404338713418,0.42, 0.09, 0.72, 0.00,1
1404338713424,0.43, 0.05, 0.74, 0.00,1
1404338713545,0.45, 0.02, 0.76, 0.00,1
1404338713545,0.45, 0.00, 0.77, 0.00,1
1404338713545,0.46, -0.02, 0.79, 0.00,1
1404338713546,0.46, -0.04, 0.80, 0.00,1
1404338713547,0.45, -0.05, 0.82, 0.00,1
1404338713547,0.45, -0.06, 0.84, 0.00,1
1404338713562,0.44, -0.07, 0.85, 0.00,1
1404338713682,0.44, -0.07, 0.86, 0.00,1
1404338713683,0.45, -0.07, 0.86, 0.00,1
1404338713684,0.45, -0.06, 0.87, 0.00,1
1404338713684,0.46, -0.05, 0.87, 0.00,1
1404338713685,0.47, -0.04, 0.88, 0.00,1
1404338713686,0.48, -0.02, 0.88, 0.00,1
1404338713809,0.48, 0.00, 0.87, 0.00,1
1404338713810,-0.49, -0.03, -0.87, 0.00,1
1404338713811,-0.50, -0.05, -0.86, 0.00,1
1404338713812,-0.51, -0.07, -0.86, 0.00,1
1404338713812,-0.52, -0.09, -0.85, 0.00,1
1404338713813,-0.52, -0.13, -0.84, 0.00,1
1404338713951,-0.52, -0.16, -0.84, 0.00,1
1404338713951,-0.51, -0.17, -0.84, 0.00,1
1404338713952,-0.51, -0.19, -0.83, 0.00,1
1404338713953,-0.52, -0.20, -0.82, 0.00,1
1404338713953,-0.54, -0.18, -0.81, 0.00,1
1404338713954,-0.55, -0.17, -0.80, 0.00,1
1404338713955,-0.57, -0.17, -0.80, 0.00,1
1404338713963,-0.57, -0.18, -0.79, 0.00,1
1404338714114,-0.58, -0.20, -0.78, 0.00,1
1404338714114,-0.58, -0.22, -0.77, 0.00,1
1404338714115,-0.59, -0.24, -0.75, 0.00,1
1404338714116,-0.59, -0.27, -0.73, 0.00,1
1404338714116,-0.60, -0.30, -0.70, 0.00,1
1404338714117,-0.60, -0.34, -0.67, 0.00,1
1404338714118,-0.60, -0.37, -0.65, 0.00,1
1404338714298,-0.61, -0.40, -0.63, 0.00,1
1404338714298,-0.62, -0.43, -0.60, 0.00,1
1404338714299,-0.62, -0.45, -0.58, 0.00,1
1404338714299,-0.63, -0.48, -0.55, 0.00,1
1404338714300,-0.62, -0.50, -0.52, 0.00,1
1404338714300,-0.62, -0.52, -0.50, 0.00,1
1404338714300,-0.61, -0.54, -0.49, 0.00,1
1404338714301,-0.60, -0.56, -0.48, 0.00,1
1404338714302,-0.59, -0.58, -0.46, 0.00,1
1404338714443,-0.58, -0.60, -0.45, 0.00,1
1404338714443,-0.56, -0.62, -0.44, 0.00,1
1404338714443,-0.54, -0.65, -0.43, 0.00,1
1404338714444,-0.52, -0.68, -0.40, 0.00,1
1404338714444,-0.50, -0.71, -0.37, 0.00,1
1404338714445,-0.48, -0.73, -0.35, 0.00,1
1404338714446,-0.46, -0.75, -0.32, 0.00,1
1404338714585,-0.44, -0.75, -0.31, 0.00,1
1404338714586,-0.43, -0.76, -0.29, 0.00,1
1404338714586,-0.41, -0.77, -0.26, 0.00,1
1404338714586,-0.40, -0.77, -0.24, 0.00,1
1404338714587,-0.38, -0.78, -0.21, 0.00,1
1404338714587,-0.36, -0.80, -0.18, 0.00,1
1404338714588,-0.33, -0.81, -0.14, 0.00,1
1404338714760,-0.30, -0.81, -0.11, 0.00,1
1404338714761,-0.29, -0.81, -0.08, 0.00,1
1404338714762,-0.27, -0.81, -0.05, 0.00,1
1404338714763,-0.26, -0.81, -0.02, 0.00,1
1404338714764,-0.25, -0.81, 0.01, 0.00,1
1404338714764,-0.23, -0.80, 0.04, 0.00,1
1404338714765,-0.22, -0.80, 0.06, 0.00,1
1404338714766,-0.20, -0.80, 0.08, 0.00,1
1404338714766,-0.19, -0.79, 0.10, 0.00,1
1404338714903,-0.18, -0.78, 0.12, 0.00,1
1404338714904,-0.18, -0.77, 0.14, 0.00,1
1404338714904,-0.17, -0.76, 0.15, 0.00,1
1404338714905,-0.17, -0.76, 0.16, 0.00,1
1404338714906,-0.17, -0.75, 0.17, 0.00,1
1404338714907,-0.17, -0.74, 0.18, 0.00,1
1404338715036,-0.17, -0.74, 0.18, 0.00,1
1404338715037,-0.17, -0.74, 0.18, 0.00,1
1404338715038,-0.17, -0.74, 0.18, 0.00,1
1404338715039,-0.17, -0.74, 0.18, 0.00,1
1404338715040,-0.17, -0.74, 0.18, 0.00,1
1404338715041,-0.17, -0.74, 0.17, 0.00,1
1404338715043,-0.18, -0.74, 0.17, 0.00,1
1404338715168,-0.18, -0.74, 0.17, 0.00,1
1404338715168,-0.17, -0.74, 0.17, 0.00,1
1404338715169,-0.17, -0.74, 0.17, 0.00,1
1404338715170,-0.17, -0.74, 0.17, 0.00,1
1404338715171,-0.17, -0.74, 0.17, 0.00,1
1404338715172,-0.17, -0.74, 0.18, 0.00,1
1404338715302,-0.17, -0.74, 0.18, 0.00,1
1404338715304,-0.17, -0.74, 0.18, 0.00,1
1404338715305,-0.17, -0.74, 0.18, 0.00,1
1404338715306,-0.17, -0.74, 0.18, 0.00,1
1404338715307,-0.17, -0.74, 0.18, 0.00,1
1404338715308,-0.17, -0.74, 0.18, 0.00,1
1404338715309,-0.17, -0.74, 0.18, 0.00,1
1404338715324,-0.17, -0.74, 0.18, 0.00,1
1404338715487,-0.17, -0.74, 0.18, 0.00,1
1404338715488,-0.17, -0.74, 0.18, 0.00,1
1404338715489,-0.18, -0.74, 0.18, 0.00,1
1404338715491,-0.18, -0.74, 0.18, 0.00,1
1404338715492,-0.18, -0.74, 0.18, 0.00,1
1404338715493,-0.18, -0.74, 0.18, 0.00,1
1404338715494,-0.18, -0.74, 0.18, 0.00,1
1404338715495,-0.18, -0.74, 0.18, 0.00,1
1404338715669,-0.18, -0.74, 0.18, 0.00,1
1404338715690,-0.18, -0.74, 0.17, 0.00,1
1404338715692,-0.19, -0.74, 0.17, 0.00,1
1404338715693,-0.19, -0.74, 0.17, 0.00,1
1404338715694,-0.19, -0.74, 0.16, 0.00,1
1404338715694,-0.19, -0.74, 0.16, 0.00,1
1404338715695,-0.20, -0.74, 0.16, 0.00,1
1404338715696,-0.20, -0.75, 0.15, 0.00,1
1404338715696,-0.21, -0.75, 0.14, 0.00,1
1404338715697,-0.21, -0.75, 0.14, 0.00,1
1404338715863,-0.22, -0.75, 0.13, 0.00,1
1404338715863,-0.22, -0.75, 0.12, 0.00,1
1404338715864,-0.23, -0.75, 0.11, 0.00,1
1404338715865,-0.23, -0.75, 0.10, 0.00,1
1404338715865,-0.24, -0.74, 0.09, 0.00,1
1404338715866,-0.25, -0.74, 0.07, 0.00,1
1404338715867,-0.26, -0.74, 0.06, 0.00,1
1404338715867,-0.26, -0.74, 0.05, 0.00,1
1404338715874,-0.27, -0.74, 0.03, 0.00,1
1404338715993,-0.27, -0.74, 0.02, 0.00,1
1404338715994,-0.28, -0.74, 0.01, 0.00,1
1404338715995,-0.28, -0.74, -0.01, 0.00,1
1404338715996,-0.28, -0.74, -0.02, 0.00,1
1404338715996,-0.29, -0.75, -0.03, 0.00,1
1404338716137,-0.29, -0.75, -0.04, 0.00,1
1404338716138,-0.30, -0.75, -0.05, 0.00,1
1404338716138,-0.30, -0.75, -0.05, 0.00,1
1404338716139,-0.30, -0.75, -0.06, 0.00,1
1404338716140,-0.31, -0.76, -0.06, 0.00,1
1404338716140,-0.31, -0.76, -0.07, 0.00,1
1404338716141,-0.31, -0.76, -0.07, 0.00,1
1404338716152,-0.32, -0.76, -0.08, 0.00,1
1404338716280,-0.32, -0.76, -0.08, 0.00,1
1404338716281,-0.32, -0.76, -0.08, 0.00,1
1404338716282,-0.32, -0.76, -0.09, 0.00,1
1404338716282,-0.32, -0.76, -0.09, 0.00,1
1404338716283,-0.32, -0.76, -0.09, 0.00,1
1404338716284,-0.32, -0.76, -0.09, 0.00,1
1404338716408,-0.32, -0.76, -0.10, 0.00,1
1404338716409,-0.32, -0.76, -0.10, 0.00,1
1404338716410,-0.32, -0.76, -0.10, 0.00,1
1404338716411,-0.32, -0.75, -0.10, 0.00,1
1404338716411,-0.33, -0.75, -0.10, 0.00,1
1404338716412,-0.33, -0.75, -0.11, 0.00,1
1404338716423,-0.34, -0.75, -0.11, 0.00,1
1404338716571,-0.34, -0.75, -0.12, 0.00,1
1404338716572,-0.35, -0.76, -0.13, 0.00,1
1404338716573,-0.36, -0.76, -0.14, 0.00,1
1404338716573,-0.37, -0.75, -0.16, 0.00,1
1404338716573,-0.39, -0.75, -0.19, 0.00,1
1404338716573,-0.41, -0.74, -0.22, 0.00,1
1404338716574,-0.43, -0.74, -0.26, 0.00,1
1404338716582,-0.45, -0.73, -0.30, 0.00,1
1404338716716,-0.48, -0.72, -0.34, 0.00,1
1404338716717,-0.50, -0.71, -0.39, 0.00,1
1404338716717,-0.53, -0.68, -0.44, 0.00,1
1404338716718,-0.56, -0.64, -0.49, 0.00,1
1404338716719,-0.58, -0.60, -0.53, 0.00,1
1404338716720,-0.60, -0.55, -0.57, 0.00,1
1404338716836,-0.62, -0.50, -0.61, 0.00,1
1404338716837,-0.63, -0.43, -0.64, 0.00,1
1404338716838,0.63, 0.36, 0.68, 0.00,1
1404338716839,0.63, 0.31, 0.71, 0.00,1
1404338716839,0.63, 0.24, 0.74, 0.00,1
1404338716840,0.62, 0.17, 0.76, 0.00,1
1404338716846,0.61, 0.12, 0.78, 0.00,1
1404338717005,0.61, 0.08, 0.78, 0.00,1
1404338717005,0.61, 0.06, 0.79, 0.00,1
1404338717005,0.60, 0.04, 0.79, 0.00,1
1404338717006,0.60, 0.02, 0.80, 0.00,1
1404338717006,0.60, 0.00, 0.80, 0.00,1
1404338717006,0.59, -0.01, 0.80, 0.00,1
1404338717007,0.59, -0.01, 0.81, 0.00,1
1404338717139,0.59, -0.01, 0.81, 0.00,1
1404338717139,0.59, -0.01, 0.80, 0.00,1
1404338717140,0.60, 0.01, 0.80, 0.00,1
1404338717141,0.62, 0.04, 0.78, 0.00,1
1404338717141,0.63, 0.07, 0.77, 0.00,1
1404338717142,0.64, 0.12, 0.76, 0.00,1
1404338717152,-0.65, -0.19, -0.73, 0.00,1
1404338717153,-0.65, -0.22, -0.73, 0.00,1
1404338717270,-0.63, -0.25, -0.74, 0.00,1
1404338717271,-0.63, -0.31, -0.71, 0.00,1
1404338717273,-0.63, -0.39, -0.67, 0.00,1
1404338717273,-0.63, -0.47, -0.61, 0.00,1
1404338717274,-0.62, -0.52, -0.56, 0.00,1
1404338717405,-0.62, -0.57, -0.52, 0.00,1
1404338717406,-0.61, -0.59, -0.49, 0.00,1
1404338717406,-0.61, -0.61, -0.46, 0.00,1
1404338717407,-0.60, -0.63, -0.44, 0.00,1
1404338717407,-0.59, -0.65, -0.43, 0.00,1
1404338717408,-0.58, -0.67, -0.41, 0.00,1
1404338717408,-0.56, -0.70, -0.37, 0.00,1
1404338717539,-0.56, -0.70, -0.37, 0.00,1
1404338717540,-0.56, -0.69, -0.38, 0.00,1
1404338717540,-0.55, -0.69, -0.39, 0.00,1
1404338717541,-0.55, -0.69, -0.39, 0.00,1
1404338717541,-0.54, -0.69, -0.39, 0.00,1
1404338717542,-0.54, -0.68, -0.41, 0.00,1
1404338717552,-0.54, -0.66, -0.43, 0.00,1
1404338717706,-0.55, -0.64, -0.46, 0.00,1
1404338717707,-0.55, -0.61, -0.50, 0.00,1
1404338717707,-0.56, -0.57, -0.55, 0.00,1
1404338717707,-0.58, -0.50, -0.61, 0.00,1
1404338717708,-0.59, -0.40, -0.68, 0.00,1
1404338717708,-0.59, -0.28, -0.75, 0.00,1
1404338717709,-0.58, -0.15, -0.80, 0.00,1
1404338717712,-0.57, -0.07, -0.82, 0.00,1
1404338717845,0.57, 0.00, 0.82, 0.00,1
1404338717845,0.56, -0.05, 0.83, 0.00,1
1404338717846,0.56, -0.06, 0.83, 0.00,1
1404338717846,0.55, -0.05, 0.83, 0.00,1
1404338717847,0.55, -0.04, 0.83, 0.00,1
1404338717847,0.55, -0.03, 0.84, 0.00,1
1404338717966,0.53, -0.05, 0.84, 0.00,1
1404338717967,0.51, -0.09, 0.85, 0.00,1
1404338717969,0.49, -0.11, 0.86, 0.00,1
1404338717969,0.49, -0.12, 0.86, 0.00,1
1404338717970,0.48, -0.13, 0.86, 0.00,1
1404338717971,0.49, -0.14, 0.85, 0.00,1
1404338717978,0.51, -0.15, 0.83, 0.00,1
1404338718139,0.55, -0.16, 0.81, 0.00,1
1404338718139,0.60, -0.16, 0.78, 0.00,1
1404338718140,0.67, -0.17, 0.72, 0.00,1
1404338718140,0.74, -0.16, 0.65, 0.00,1
1404338718141,0.80, -0.14, 0.58, 0.00,1
1404338718141,0.84, -0.12, 0.53, 0.00,1
1404338718142,0.86, -0.10, 0.50, 0.00,1
1404338718277,-0.88, 0.09, -0.46, 0.00,1
1404338718277,-0.90, 0.09, -0.43, 0.00,1
1404338718278,-0.90, 0.08, -0.41, 0.00,1
1404338718278,-0.90, 0.08, -0.40, 0.00,1
1404338718278,-0.91, 0.08, -0.40, 0.00,1
1404338718279,-0.91, 0.08, -0.40, 0.00,1
1404338718279,-0.91, 0.08, -0.40, 0.00,1
1404338718292,-0.91, 0.08, -0.41, 0.00,1
1404338718414,-0.91, 0.08, -0.41, 0.00,1
1404338718414,-0.91, 0.08, -0.41, 0.00,1
1404338718415,-0.91, 0.08, -0.41, 0.00,1
1404338718415,-0.90, 0.08, -0.42, 0.00,1
1404338718416,-0.90, 0.08, -0.42, 0.00,1
1404338718417,-0.91, 0.08, -0.41, 0.00,1
1404338718432,-0.91, 0.09, -0.41, 0.00,1
1404338718565,-0.90, 0.09, -0.42, 0.00,1
1404338718565,-0.90, 0.09, -0.42, 0.00,1
1404338718566,-0.90, 0.09, -0.42, 0.00,1
1404338718566,-0.90, 0.09, -0.42, 0.00,1
1404338718567,-0.90, 0.09, -0.43, 0.00,1
1404338718567,0.90, -0.09, 0.43, 0.00,1
1404338718583,0.89, -0.09, 0.45, 0.00,1
1404338718710,0.88, -0.09, 0.47, 0.00,1
1404338718710,0.86, -0.08, 0.50, 0.00,1
1404338718711,0.84, -0.08, 0.53, 0.00,1
1404338718712,0.82, -0.07, 0.57, 0.00,1
1404338718712,0.79, -0.05, 0.62, 0.00,1
1404338718713,0.75, -0.03, 0.66, 0.00,1
1404338718832,-0.73, -0.00, -0.68, 0.00,1
1404338718833,-0.72, -0.03, -0.69, 0.00,1
1404338718833,-0.71, -0.09, -0.69, 0.00,1
1404338718834,-0.70, -0.18, -0.67, 0.00,1
1404338718835,-0.68, -0.28, -0.64, 0.00,1
1404338718835,-0.66, -0.38, -0.61, 0.00,1
1404338718842,-0.64, -0.44, -0.58, 0.00,1
1404338718966,-0.62, -0.51, -0.53, 0.00,1
1404338718967,-0.61, -0.57, -0.48, 0.00,1
1404338718967,-0.60, -0.62, -0.44, 0.00,1
1404338718968,-0.58, -0.67, -0.38, 0.00,1
1404338718968,-0.56, -0.70, -0.34, 0.00,1
1404338718969,-0.53, -0.75, -0.27, 0.00,1
1404338719100,-0.50, -0.78, -0.21, 0.00,1
1404338719100,-0.47, -0.81, -0.16, 0.00,1
1404338719102,-0.45, -0.83, -0.12, 0.00,1
1404338719103,-0.43, -0.84, -0.09, 0.00,1
1404338719103,-0.41, -0.85, -0.06, 0.00,1
1404338719104,-0.40, -0.86, -0.04, 0.00,1
1404338719104,-0.39, -0.86, -0.02, 0.00,1
1404338719231,-0.39, -0.86, -0.01, 0.00,1
1404338719232,-0.39, -0.86, -0.01, 0.00,1
1404338719233,-0.39, -0.86, -0.01, 0.00,1
1404338719233,-0.39, -0.86, -0.01, 0.00,1
1404338719235,-0.39, -0.86, -0.01, 0.00,1
1404338719236,-0.39, -0.86, -0.01, 0.00,1
1404338719399,-0.40, -0.85, -0.01, 0.00,1
1404338719399,-0.40, -0.86, -0.02, 0.00,1
1404338719399,-0.40, -0.86, -0.02, 0.00,1
1404338719400,-0.39, -0.86, -0.03, 0.00,1
1404338719400,-0.39, -0.86, -0.04, 0.00,1
1404338719400,-0.38, -0.86, -0.05, 0.00,1
1404338719401,-0.38, -0.86, -0.08, 0.00,1
1404338719401,-0.39, -0.85, -0.11, 0.00,1
1404338719413,-0.40, -0.84, -0.15, 0.00,1
1404338719541,-0.41, -0.82, -0.21, 0.00,1
1404338719542,-0.42, -0.79, -0.26, 0.00,1
1404338719542,-0.43, -0.76, -0.33, 0.00,1
1404338719543,-0.44, -0.72, -0.39, 0.00,1
1404338719543,-0.44, -0.68, -0.45, 0.00,1
1404338719668,-0.45, -0.64, -0.51, 0.00,1
1404338719669,-0.44, -0.60, -0.55, 0.00,1
1404338719669,-0.43, -0.56, -0.60, 0.00,1
1404338719670,-0.41, -0.53, -0.64, 0.00,1
1404338719671,-0.39, -0.49, -0.68, 0.00,1
1404338719672,-0.36, -0.45, -0.72, 0.00,1
1404338719673,-0.34, -0.43, -0.74, 0.00,1
1404338719833,-0.31, -0.39, -0.77, 0.00,1
1404338719834,-0.29, -0.36, -0.80, 0.00,1
1404338719834,-0.27, -0.32, -0.82, 0.00,1
1404338719835,-0.25, -0.28, -0.84, 0.00,1
1404338719835,-0.24, -0.25, -0.86, 0.00,1
1404338719836,-0.24, -0.21, -0.88, 0.00,1
1404338719836,-0.24, -0.17, -0.89, 0.00,1
1404338719837,-0.24, -0.13, -0.90, 0.00,1
1404338719965,-0.24, -0.08, -0.91, 0.00,1
1404338719966,-0.25, -0.06, -0.92, 0.00,1
1404338719966,-0.27, -0.02, -0.93, 0.00,1
1404338719967,-0.30, 0.01, -0.93, 0.00,1
1404338719967,-0.34, 0.05, -0.93, 0.00,1
1404338719973,-0.35, 0.09, -0.93, 0.00,1
1404338719973,-0.35, 0.12, -0.93, 0.00,1
1404338720098,0.37, -0.12, 0.92, 0.00,1
1404338720098,0.38, -0.12, 0.91, 0.00,1
1404338720099,0.40, -0.11, 0.90, 0.00,1
1404338720099,0.41, -0.09, 0.89, 0.00,1
1404338720100,0.41, -0.10, 0.88, 0.00,1
1404338720266,0.42, -0.11, 0.87, 0.00,1
1404338720267,0.43, -0.12, 0.85, 0.00,1
1404338720267,0.44, -0.13, 0.84, 0.00,1
1404338720268,0.45, -0.14, 0.82, 0.00,1
1404338720268,0.46, -0.15, 0.82, 0.00,1
1404338720269,0.46, -0.16, 0.81, 0.00,1
1404338720269,0.46, -0.17, 0.80, 0.00,1
1404338720270,0.47, -0.17, 0.80, 0.00,1
1404338720273,0.48, -0.18, 0.79, 0.00,1
1404338720405,0.48, -0.19, 0.78, 0.00,1
1404338720406,0.49, -0.20, 0.78, 0.00,1
1404338720406,0.50, -0.19, 0.78, 0.00,1
1404338720407,0.50, -0.19, 0.78, 0.00,1
1404338720407,0.51, -0.19, 0.77, 0.00,1
1404338720408,0.52, -0.19, 0.77, 0.00,1
1404338720413,0.53, -0.20, 0.77, 0.00,1
1404338720553,0.53, -0.19, 0.76, 0.00,1
1404338720553,0.54, -0.19, 0.76, 0.00,1
1404338720553,0.56, -0.18, 0.75, 0.00,1
1404338720554,0.57, -0.18, 0.75, 0.00,1
1404338720554,0.58, -0.19, 0.74, 0.00,1
1404338720555,0.59, -0.19, 0.73, 0.00,1
1404338720679,0.60, -0.19, 0.72, 0.00,1
1404338720679,0.61, -0.20, 0.71, 0.00,1
1404338720680,0.62, -0.21, 0.71, 0.00,1
1404338720680,0.63, -0.21, 0.70, 0.00,1
1404338720681,0.63, -0.22, 0.70, 0.00,1
1404338720681,0.63, -0.22, 0.70, 0.00,1
1404338720685,0.62, -0.22, 0.70, 0.00,1
1404338720804,0.62, -0.22, 0.70, 0.00,1
1404338720805,0.61, -0.21, 0.70, 0.00,1
1404338720805,0.60, -0.19, 0.70, 0.00,1
1404338720806,0.58, -0.18, 0.70, 0.00,1
1404338720806,0.57, -0.18, 0.71, 0.00,1
1404338720806,0.56, -0.19, 0.72, 0.00,1
1404338720822,0.54, -0.19, 0.72, 0.00,1
1404338720979,0.54, -0.20, 0.73, 0.00,1
1404338720979,0.53, -0.21, 0.73, 0.00,1
1404338720980,0.53, -0.22, 0.73, 0.00,1
1404338720981,0.53, -0.22, 0.74, 0.00,1
1404338720981,0.53, -0.24, 0.73, 0.00,1
1404338720982,0.54, -0.25, 0.73, 0.00,1
1404338720982,0.55, -0.26, 0.71, 0.00,1
1404338720983,0.56, -0.27, 0.70, 0.00,1
1404338721116,0.57, -0.28, 0.68, 0.00,1
1404338721117,0.58, -0.30, 0.65, 0.00,1
1404338721117,0.60, -0.31, 0.62, 0.00,1
1404338721118,0.62, -0.33, 0.60, 0.00,1
1404338721118,0.63, -0.34, 0.59, 0.00,1
1404338721119,0.63, -0.35, 0.57, 0.00,1
1404338721123,0.63, -0.37, 0.57, 0.00,1
1404338721246,0.62, -0.38, 0.56, 0.00,1
1404338721246,0.62, -0.39, 0.55, 0.00,1
1404338721247,0.63, -0.39, 0.55, 0.00,1
1404338721247,0.63, -0.38, 0.54, 0.00,1
1404338721248,0.64, -0.39, 0.53, 0.00,1
1404338721376,0.64, -0.39, 0.51, 0.00,1
1404338721376,0.64, -0.40, 0.50, 0.00,1
1404338721376,0.65, -0.40, 0.49, 0.00,1
1404338721377,0.65, -0.40, 0.49, 0.00,1
1404338721378,0.66, -0.40, 0.48, 0.00,1
1404338721378,0.66, -0.39, 0.48, 0.00,1
1404338721388,0.66, -0.39, 0.48, 0.00,1
1404338721579,0.66, -0.39, 0.48, 0.00,1
1404338721579,0.65, -0.39, 0.48, 0.00,1
1404338721580,0.64, -0.40, 0.48, 0.00,1
1404338721580,0.63, -0.40, 0.49, 0.00,1
1404338721581,0.62, -0.40, 0.50, 0.00,1
1404338721581,0.61, -0.41, 0.51, 0.00,1
1404338721582,0.60, -0.41, 0.52, 0.00,1
1404338721582,0.59, -0.41, 0.52, 0.00,1
1404338721583,0.58, -0.41, 0.52, 0.00,1
1404338721584,0.59, -0.43, 0.50, 0.00,1
1404338721722,0.58, -0.45, 0.48, 0.00,1
1404338721722,0.58, -0.44, 0.49, 0.00,1
1404338721724,0.58, -0.45, 0.49, 0.00,1
1404338721724,0.58, -0.45, 0.48, 0.00,1
1404338721724,0.57, -0.45, 0.48, 0.00,1
1404338721725,0.57, -0.45, 0.49, 0.00,1
1404338721725,0.57, -0.45, 0.49, 0.00,1
1404338721861,0.56, -0.45, 0.49, 0.00,1
1404338721861,0.56, -0.45, 0.49, 0.00,1
1404338721862,0.55, -0.45, 0.50, 0.00,1
1404338721862,0.55, -0.46, 0.51, 0.00,1
1404338721863,0.54, -0.46, 0.51, 0.00,1
1404338721863,0.54, -0.46, 0.52, 0.00,1
1404338722022,0.54, -0.45, 0.51, 0.00,1
1404338722023,0.55, -0.45, 0.52, 0.00,1
1404338722024,0.55, -0.45, 0.52, 0.00,1
1404338722024,0.54, -0.44, 0.53, 0.00,1
1404338722025,0.54, -0.44, 0.53, 0.00,1
1404338722025,0.53, -0.43, 0.54, 0.00,1
1404338722026,0.53, -0.43, 0.55, 0.00,1
1404338722026,0.52, -0.42, 0.56, 0.00,1
1404338722189,0.51, -0.41, 0.57, 0.00,1
1404338722190,0.50, -0.39, 0.58, 0.00,1
1404338722190,0.48, -0.37, 0.60, 0.00,1
1404338722190,0.45, -0.34, 0.63, 0.00,1
1404338722191,0.40, -0.30, 0.66, 0.00,1
1404338722191,0.35, -0.26, 0.68, 0.00,1
1404338722192,0.27, -0.18, 0.72, 0.00,1
1404338722192,0.15, -0.09, 0.75, 0.00,1
1404338722202,0.02, 0.01, 0.76, 0.00,1
1404338722336,0.02, -0.01, 0.76, 0.00,1
1404338722337,0.02, -0.02, 0.75, 0.00,1
1404338722338,0.01, -0.01, 0.75, 0.00,1
1404338722339,0.03, -0.02, 0.75, 0.00,1
1404338722339,0.05, -0.03, 0.75, 0.00,1
1404338722340,0.05, -0.03, 0.75, 0.00,1
1404338722352,0.05, -0.03, 0.74, 0.00,1
1404338722474,0.05, -0.04, 0.74, 0.00,1
1404338722475,0.04, -0.03, 0.74, 0.00,1
1404338722476,0.03, -0.02, 0.74, 0.00,1
1404338722476,0.01, -0.00, 0.74, 0.00,1
1404338722477,0.00, 0.01, 0.74, 0.00,1
1404338722478,-0.02, 0.03, 0.74, 0.00,1
1404338722606,-0.06, 0.05, 0.74, 0.00,1
1404338722606,-0.08, 0.05, 0.74, 0.00,1
1404338722607,-0.07, 0.04, 0.74, 0.00,1
1404338722607,-0.07, 0.04, 0.74, 0.00,1
1404338722608,-0.07, 0.05, 0.74, 0.00,1
1404338722608,-0.06, 0.04, 0.74, 0.00,1
1404338722732,-0.06, 0.04, 0.74, 0.00,1
1404338722733,-0.07, 0.05, 0.74, 0.00,1
1404338722734,-0.07, 0.05, 0.74, 0.00,1
1404338722734,-0.07, 0.04, 0.74, 0.00,1
1404338722735,-0.07, 0.05, 0.75, 0.00,1
1404338722735,-0.07, 0.05, 0.75, 0.00,1
1404338722736,-0.06, 0.05, 0.75, 0.00,1
1404338722752,-0.06, 0.05, 0.75, 0.00,1
1404338722871,-0.06, 0.05, 0.75, 0.00,1
1404338722872,-0.07, 0.05, 0.75, 0.00,1
1404338722873,-0.09, 0.05, 0.75, 0.00,1
1404338722873,-0.08, 0.04, 0.75, 0.00,1
1404338722874,-0.07, 0.04, 0.75, 0.00,1
1404338722874,-0.07, 0.04, 0.74, 0.00,1
1404338723036,-0.07, 0.04, 0.75, 0.00,1
1404338723037,-0.07, 0.04, 0.75, 0.00,1
1404338723037,-0.07, 0.04, 0.76, 0.00,1
1404338723038,-0.07, 0.04, 0.77, 0.00,1
1404338723038,-0.07, 0.05, 0.77, 0.00,1
1404338723039,-0.07, 0.05, 0.77, 0.00,1
1404338723039,-0.07, 0.05, 0.77, 0.00,1
1404338723052,-0.07, 0.05, 0.77, 0.00,1
1404338723177,-0.07, 0.04, 0.76, 0.00,1
1404338723177,-0.06, 0.04, 0.76, 0.00,1
1404338723177,-0.05, 0.04, 0.76, 0.00,1
1404338723178,-0.04, 0.03, 0.77, 0.00,1
1404338723178,-0.03, 0.02, 0.78, 0.00,1
1404338723179,-0.02, 0.01, 0.79, 0.00,1
1404338723303,-0.00, -0.01, 0.79, 0.00,1
1404338723303,0.02, -0.03, 0.79, 0.00,1
1404338723304,0.05, -0.05, 0.78, 0.00,1
1404338723304,0.08, -0.08, 0.77, 0.00,1
1404338723305,0.11, -0.09, 0.77, 0.00,1
1404338723305,0.14, -0.09, 0.77, 0.00,1
1404338723312,0.17, -0.10, 0.77, 0.00,1
1404338723429,0.20, -0.13, 0.77, 0.00,1
1404338723429,0.22, -0.15, 0.76, 0.00,1
1404338723429,0.24, -0.16, 0.76, 0.00,1
1404338723430,0.25, -0.17, 0.75, 0.00,1
1404338723430,0.27, -0.17, 0.75, 0.00,1
1404338723435,0.28, -0.17, 0.74, 0.00,1
1404338723564,0.30, -0.18, 0.73, 0.00,1
1404338723565,0.31, -0.18, 0.73, 0.00,1
1404338723565,0.32, -0.19, 0.72, 0.00,1
1404338723565,0.33, -0.19, 0.72, 0.00,1
1404338723566,0.34, -0.20, 0.72, 0.00,1
1404338723566,0.35, -0.20, 0.71, 0.00,1
1404338723688,0.36, -0.20, 0.71, 0.00,1
1404338723689,0.37, -0.20, 0.70, 0.00,1
1404338723689,0.38, -0.20, 0.70, 0.00,1
1404338723690,0.40, -0.21, 0.69, 0.00,1
1404338723693,0.40, -0.21, 0.69, 0.00,1
1404338723693,0.41, -0.21, 0.69, 0.00,1
1404338723695,0.41, -0.21, 0.68, 0.00,1
1404338723814,0.42, -0.21, 0.68, 0.00,1
1404338723815,0.42, -0.21, 0.68, 0.00,1
1404338723815,0.42, -0.21, 0.68, 0.00,1
1404338723816,0.42, -0.21, 0.68, 0.00,1
1404338723816,0.42, -0.21, 0.68, 0.00,1
1404338723928,0.41, -0.21, 0.68, 0.00,1
1404338723929,0.41, -0.22, 0.68, 0.00,1
1404338723929,0.41, -0.22, 0.68, 0.00,1
1404338723930,0.41, -0.22, 0.68, 0.00,1
1404338723930,0.41, -0.22, 0.68, 0.00,1
1404338723935,0.41, -0.21, 0.69, 0.00,1
1404338724067,0.41, -0.21, 0.69, 0.00,1
1404338724067,0.41, -0.21, 0.69, 0.00,1
1404338724067,0.41, -0.21, 0.69, 0.00,1
1404338724068,0.41, -0.21, 0.69, 0.00,1
1404338724068,0.41, -0.21, 0.69, 0.00,1
1404338724068,0.41, -0.20, 0.70, 0.00,1
1404338724074,0.41, -0.20, 0.70, 0.00,1
1404338724194,0.41, -0.20, 0.70, 0.00,1
1404338724194,0.41, -0.20, 0.70, 0.00,1
1404338724194,0.42, -0.20, 0.70, 0.00,1
1404338724195,0.42, -0.20, 0.69, 0.00,1
1404338724195,0.42, -0.21, 0.69, 0.00,1
1404338724195,0.42, -0.21, 0.69, 0.00,1
